 -121622
 -133125
 -143824
 -153086
 -160313
 -165521
 -169317
 -172131
 -173530
 -172970
 -170486
 -166795
 -162196
 -156251
 -148556
 -139338
 -129414
 -119213
 -108458
  -96855
  -84646
  -72572
  -61240
  -50348
  -39472
  -28787
  -19127
  -11054
   -4164
    1953
    7177
   10713
   12308
   12515
   11815
   10096
    6790
    1698
   -4555
  -11223
  -18217
  -26023
  -34788
  -43869
  -52578
  -60886
  -69391
  -78073
  -86249
  -93337
  -99425
 -105170
 -110816
 -115741
 -119268
 -121339
 -122590
 -123520
 -123704
 -122634
 -120386
 -117672
 -114885
 -111550
 -107137
 -101765
  -96187
  -90904
  -85473
  -79328
  -72537
  -65781
  -59717
  -54099
  -48460
  -42868
  -38063
  -34612
  -32089
  -29965
  -28190
  -27431
  -28088
  -29561
  -31202
  -32946
  -35296
  -38687
  -42615
  -46462
  -50173
  -54273
  -59265
  -64573
  -69545
  -73989
  -78360
  -82956
  -87164
  -90431
  -92761
  -94714
  -96787
  -98493
  -99295
  -99189
  -98718
  -98490
  -97993
  -96535
  -93972
  -90903
  -87902
  -84577
  -80477
  -75696
  -70978
  -66925
  -63188
  -59290
  -55286
  -51898
  -49728
  -48301
  -47014
  -45805
  -45356
  -45979
  -46942
  -47590
  -47877
  -48454
  -49542
  -50664
  -51417
  -51999
  -53014
  -54618
  -56318
  -57564
  -58443
  -59543
  -61102
  -62653
  -63736
  -64672
  -66466
  -68975
  -71374
  -73155
  -74598
  -76381
  -78201
  -79418
  -79683
  -79356
  -79358
  -79685
  -79804
  -79409
  -78860
  -78826
  -78980
  -78701
  -77769
  -76665
  -75969
  -75134
  -73410
  -70654
  -67547
  -65067
  -63147
  -61298
  -59318
  -57660
  -57113
  -57419
  -57941
  -58284
  -58722
  -59703
  -60756
  -61408
  -61592
  -61811
  -62666
  -63770
  -64490
  -64702
  -64971
  -65987
  -67300
  -68158
  -68331
  -68343
  -68688
  -68836
  -68203
  -66821
  -65472
  -64836
  -64561
  -64100
  -63278
  -62498
  -62330
  -62438
  -62237
  -61576
  -61086
  -61197
  -61461
  -61366
  -60924
  -60811
  -61245
  -61725
  -61858
  -61829
  -62333
  -63705
  -65298
  -66285
  -66548
  -66570
  -66941
  -67407
  -67441
  -66826
  -66003
  -65588
  -65248
  -64541
  -63294
  -62104
  -61545
  -61233
  -60660
  -59762
  -59110
  -59159
  -59459
  -59423
  -59011
  -58779
  -59058
  -59368
  -59142
  -58500
  -58239
  -58438
  -58586
  -58252
  -57692
  -57679
  -58071
  -58309
  -58083
  -57729
  -57959
  -58585
  -58926
  -58528
  -57662
  -57188
  -57284
  -57438
  -57216
  -56887
  -57294
  -58382
  -59501
  -60199
  -60662
  -61608
  -63013
  -64310
  -65124
  -65746
  -66926
  -68790
  -70738
  -72203
  -73335
  -74917
  -76817
  -78368
  -79138
  -79574
  -80361
  -81113
  -81258
  -80609
  -79668
  -78987
  -78157
  -76654
  -74471
  -72185
  -70429
  -68811
  -66776
  -64194
  -61650
  -59793
  -58250
  -56513
  -54431
  -52646
  -51700
  -51166
  -50510
  -49619
  -48963
  -49078
  -49483
  -49579
  -49269
  -49105
  -49673
  -50550
  -51178
  -51501
  -52130
  -53419
  -54894
  -56019
  -56826
  -57840
  -59566
  -61610
  -63366
  -64604
  -65715
  -67354
  -69260
  -70758
  -71474
  -71705
  -72148
  -72636
  -72698
  -72126
  -71253
  -70792
  -70597
  -70047
  -68722
  -66887
  -65279
  -64136
  -62921
  -61115
  -59005
  -57365
  -56535
  -55976
  -55121
  -54013
  -53281
  -53337
  -53670
  -53710
  -53436
  -53363
  -54146
  -55430
  -56643
  -57574
  -58607
  -60476
  -62880
  -65200
  -67048
  -68701
  -70790
  -73041
  -74817
  -75807
  -76386
  -77258
  -78138
  -78396
  -77758
  -76585
  -75643
  -74858
  -73710
  -71866
  -69643
  -67871
  -66528
  -65144
  -63436
  -61683
  -60674
  -60685
  -60615
  -59714
  -59818
  -58742
  -54897
  -50405
  -46099
  -42845
  -40854
  -37802
  -29729
  -19093
  -14277
  -15762
  -20282
  -26283
  -31778
  -35676
  -39842
  -43811
  -47552
  -52257
  -57899
  -63594
  -67760
  -69696
  -69820
  -68552
  -63517
  -57280
  -55789
  -57853
  -59903
  -61552
  -63982
  -65852
  -66692
  -67532
  -69041
  -70478
  -71310
  -71993
  -73178
  -74772
  -76287
  -77028
  -77261
  -78062
  -79163
  -79550
  -78932
  -77891
  -76968
  -75775
  -74015
  -71769
  -69746
  -68109
  -66257
  -64006
  -61844
  -60516
  -59886
  -59206
  -57982
  -56467
  -55607
  -55469
  -55575
  -55114
  -54148
  -53327
  -52114
  -50382
  -49034
  -48708
  -49420
  -49852
  -48737
  -46320
  -45517
  -48645
  -53019
  -56160
  -58271
  -60130
  -61934
  -62504
  -60945
  -57374
  -54667
  -53392
  -53341
  -54592
  -56864
  -60542
  -63648
  -66212
  -68028
  -69200
  -70779
  -72711
  -74505
  -76504
  -77995
  -78453
  -77744
  -76517
  -75390
  -73926
  -71711
  -69046
  -66301
  -63984
  -61611
  -58907
  -55947
  -52840
  -50135
  -47585
  -44845
  -41897
  -39618
  -38730
  -38637
  -38373
  -37932
  -38234
  -39524
  -41029
  -42256
  -43298
  -45089
  -48051
  -50839
  -52719
  -53943
  -55424
  -57573
  -59801
  -61539
  -62814
  -64220
  -65984
  -67575
  -68447
  -68477
  -68466
  -68837
  -68795
  -67586
  -65949
  -65483
  -66031
  -66392
  -66171
  -65228
  -63964
  -63286
  -62948
  -62296
  -61097
  -59896
  -59550
  -59606
  -59233
  -58374
  -57809
  -58107
  -58909
  -59628
  -60457
  -61238
  -61127
  -60226
  -58519
  -56628
  -54871
  -53897
  -53443
  -52957
  -51967
  -50608
  -50333
  -51124
  -51724
  -51908
  -52325
  -53257
  -54446
  -55595
  -56269
  -56896
  -58203
  -59756
  -60909
  -61436
  -61896
  -62892
  -63920
  -64331
  -63917
  -63217
  -62949
  -62740
  -61965
  -60525
  -59022
  -58224
  -57847
  -57142
  -55873
  -54617
  -54030
  -53990
  -53575
  -52142
  -50345
  -49296
  -48790
  -48320
  -47207
  -45284
  -43413
  -42020
  -40865
  -39651
  -38656
  -38673
  -39363
  -40102
  -40670
  -41278
  -42647
  -45012
  -47882
  -50510
  -52726
  -55101
  -58073
  -61229
  -63977
  -66399
  -69103
  -72535
  -75783
  -77900
  -78880
  -79045
  -78923
  -79030
  -79252
  -79328
  -78675
  -77326
  -75345
  -72681
  -69553
  -66487
  -64024
  -61674
  -58999
  -55711
  -52380
  -50067
  -48487
  -46981
  -45152
  -43330
  -42340
  -41939
  -41510
  -40804
  -40210
  -40454
  -41425
  -42502
  -43231
  -43861
  -45072
  -46691
  -48041
  -48731
  -49121
  -50060
  -51522
  -52908
  -53807
  -54437
  -55564
  -57236
  -58948
  -59980
  -60127
  -60228
  -60673
  -60721
  -60268
  -59708
  -59135
  -58740
  -58188
  -56996
  -55383
  -54216
  -53909
  -54437
  -54595
  -54875
  -55879
  -57227
  -58320
  -58467
  -57914
  -57613
  -57692
  -57611
  -56985
  -55777
  -54617
  -53770
  -52731
  -51010
  -48794
  -46865
  -45637
  -44591
  -43062
  -41204
  -39842
  -39321
  -38922
  -38314
  -37690
  -37655
  -38331
  -39131
  -39651
  -39901
  -40575
  -42080
  -43947
  -45542
  -46909
  -48956
  -51417
  -53689
  -55470
  -57349
  -59901
  -62667
  -64909
  -66233
  -67441
  -69217
  -71033
  -72073
  -72108
  -71798
  -71884
  -71731
  -70555
  -68267
  -65799
  -63416
  -60708
  -57353
  -53529
  -50061
  -47414
  -45146
  -42660
  -39912
  -37685
  -36363
  -35435
  -34392
  -33456
  -33409
  -34079
  -34923
  -35694
  -36276
  -37134
  -38913
  -41439
  -43632
  -45130
  -46899
  -49064
  -50913
  -52176
  -53479
  -55465
  -57242
  -58245
  -58633
  -58977
  -59359
  -59237
  -58798
  -58113
  -56902
  -55834
  -54546
  -52489
  -49878
  -47709
  -46333
  -44917
  -42773
  -40487
  -39197
  -38714
  -38417
  -38116
  -38131
  -39038
  -40529
  -41990
  -42984
  -43903
  -45379
  -47131
  -48603
  -49580
  -50556
  -51949
  -53234
  -53753
  -53509
  -53229
  -53335
  -53417
  -53059
  -52417
  -52349
  -52714
  -53006
  -52804
  -52207
  -52148
  -52953
  -54449
  -55965
  -57118
  -57901
  -57921
  -56578
  -54266
  -52071
  -50451
  -49238
  -47985
  -46527
  -45251
  -44501
  -43819
  -42763
  -41424
  -40401
  -40159
  -40341
  -40315
  -40029
  -40248
  -40879
  -41394
  -41477
  -41650
  -42344
  -43109
  -43479
  -43466
  -43667
  -44294
  -44839
  -44910
  -44726
  -44915
  -45596
  -46149
  -46049
  -45421
  -44976
  -45142
  -45470
  -45477
  -45109
  -44832
  -45191
  -45708
  -45774
  -45247
  -44814
  -45029
  -45174
  -44834
  -44172
  -43647
  -43565
  -43598
  -43250
  -42586
  -42170
  -42557
  -43111
  -43195
  -42702
  -42273
  -42285
  -42229
  -41738
  -40971
  -40748
  -41078
  -41340
  -41133
  -40703
  -40881
  -41589
  -42187
  -42365
  -42447
  -43147
  -44264
  -45070
  -45148
  -44874
  -45037
  -45485
  -45731
  -45434
  -44871
  -44780
  -44919
  -44819
  -44412
  -44106
  -44502
  -45285
  -45805
  -45777
  -45703
  -46245
  -46943
  -47201
  -46936
  -46719
  -47171
  -47839
  -48200
  -48188
  -48289
  -49063
  -50026
  -50510
  -50396
  -50268
  -50659
  -51026
  -50823
  -50123
  -49518
  -49481
  -49510
  -49088
  -48215
  -47446
  -47333
  -47424
  -47143
  -46405
  -45742
  -45754
  -46002
  -45848
  -45179
  -44658
  -44808
  -45075
  -44823
  -44066
  -43537
  -43563
  -43532
  -42963
  -42035
  -41461
  -41540
  -41738
  -41505
  -40878
  -40537
  -40902
  -41389
  -41367
  -40929
  -40827
  -41441
  -42278
  -42756
  -42864
  -43150
  -44040
  -45007
  -45542
  -45575
  -45512
  -45946
  -46480
  -46488
  -45804
  -44922
  -44577
  -44433
  -43840
  -42585
  -41146
  -40261
  -39663
  -38756
  -37356
  -35919
  -35198
  -34973
  -34703
  -34114
  -33535
  -33701
  -34342
  -34854
  -34967
  -34983
  -35634
  -36801
  -37876
  -38493
  -38993
  -40094
  -41671
  -43143
  -44071
  -44789
  -46014
  -47554
  -48765
  -49319
  -49720
  -50562
  -51482
  -51939
  -52079
  -52603
  -53317
  -53728
  -53799
  -54208
  -54696
  -54699
  -53939
  -52720
  -51792
  -51218
  -50495
  -49188
  -47406
  -45730
  -44807
  -44276
  -43640
  -42806
  -42239
  -42570
  -43384
  -43991
  -44062
  -43836
  -43911
  -44345
  -44617
  -44209
  -43215
  -42283
  -41807
  -41253
  -40216
  -38812
  -37731
  -37211
  -36735
  -35832
  -34692
  -33986
  -33735
  -33513
  -32922
  -32110
  -31829
  -32139
  -32528
  -32578
  -32607
  -33347
  -34573
  -35732
  -36410
  -37053
  -38255
  -39635
  -40560
  -41021
  -41699
  -42610
  -43211
  -43115
  -42723
  -42792
  -42948
  -42544
  -41547
  -40685
  -40353
  -40026
  -39186
  -37945
  -37095
  -36956
  -37001
  -36786
  -36661
  -37263
  -38220
  -39043
  -39739
  -40910
  -42225
  -43233
  -43817
  -44601
  -45837
  -46993
  -47593
  -47651
  -47768
  -48261
  -48734
  -48783
  -48513
  -48570
  -49234
  -49931
  -50132
  -49897
  -49720
  -50227
  -51037
  -51535
  -51417
  -50908
  -50661
  -50632
  -50195
  -48932
  -47115
  -45523
  -44319
  -42908
  -40880
  -38476
  -36536
  -35289
  -34146
  -32649
  -31005
  -29989
  -29784
  -29799
  -29597
  -29344
  -29708
  -30990
  -32590
  -33895
  -34945
  -36415
  -38630
  -40975
  -42884
  -44356
  -45886
  -48021
  -50272
  -51963
  -52886
  -53294
  -53907
  -54729
  -55159
  -54672
  -53434
  -52071
  -51125
  -50129
  -48507
  -46282
  -44018
  -42496
  -41464
  -40258
  -38601
  -36822
  -35603
  -34996
  -34366
  -33248
  -31834
  -30750
  -30491
  -30595
  -30459
  -30012
  -29835
  -30493
  -31557
  -32381
  -32767
  -33139
  -34210
  -35769
  -37216
  -38148
  -38830
  -39942
  -41487
  -42863
  -43591
  -43919
  -44569
  -45591
  -46422
  -46637
  -46428
  -46578
  -47326
  -48116
  -48418
  -48322
  -48404
  -49143
  -50082
  -50591
  -50557
  -50380
  -50664
  -51057
  -51030
  -50457
  -49898
  -49980
  -50203
  -49917
  -48966
  -47846
  -47182
  -46486
  -45162
  -43067
  -40755
  -39052
  -37585
  -35746
  -33388
  -31114
  -29699
  -28739
  -27695
  -26489
  -25598
  -25659
  -26291
  -26861
  -27167
  -27576
  -28745
  -30376
  -31816
  -32750
  -33559
  -34928
  -36581
  -37999
  -38932
  -39626
  -40786
  -42242
  -43434
  -44112
  -44502
  -45185
  -46109
  -46706
  -46455
  -45594
  -44828
  -44245
  -43308
  -41589
  -39397
  -37556
  -36110
  -34383
  -31938
  -29225
  -27297
  -26159
  -25150
  -23842
  -22590
  -22253
  -22838
  -23806
  -24627
  -25420
  -26861
  -29098
  -31485
  -33483
  -35246
  -37514
  -40258
  -42859
  -44799
  -46200
  -47726
  -49285
  -50267
  -50382
  -50131
  -50231
  -50334
  -49914
  -48842
  -47654
  -46832
  -45997
  -44725
  -43079
  -41844
  -41128
  -40364
  -39079
  -37500
  -36532
  -36135
  -35752
  -35012
  -34156
  -33886
  -33941
  -33669
  -32842
  -32079
  -31999
  -32079
  -31851
  -31439
  -31571
  -32353
  -33187
  -33656
  -33955
  -34903
  -36670
  -38654
  -40161
  -41344
  -42868
  -44615
  -45892
  -46320
  -46461
  -47118
  -47943
  -48351
  -48237
  -48130
  -48643
  -49317
  -49516
  -49062
  -48361
  -48070
  -47818
  -46922
  -45173
  -43154
  -41524
  -39830
  -37610
  -34934
  -32576
  -30800
  -29108
  -27082
  -25027
  -23771
  -23301
  -23031
  -22444
  -21803
  -21848
  -22248
  -22521
  -22519
  -22896
  -23941
  -25129
  -26016
  -26731
  -28014
  -29846
  -31539
  -32520
  -32918
  -33441
  -34045
  -34308
  -34027
  -33781
  -34301
  -35257
  -36085
  -36590
  -37265
  -38543
  -39938
  -40883
  -41423
  -42210
  -43610
  -45066
  -46001
  -46483
  -47171
  -48146
  -48876
  -49006
  -48957
  -49392
  -49893
  -49828
  -49058
  -48194
  -47540
  -46591
  -44861
  -42548
  -40519
  -38921
  -37296
  -35249
  -33162
  -31676
  -30392
  -28790
  -27071
  -26002
  -25388
  -24733
  -23943
  -23677
  -24003
  -24369
  -24537
  -25145
  -26148
  -27071
  -27694
  -28619
  -29979
  -31256
  -32064
  -32749
  -34015
  -35579
  -36911
  -37741
  -38380
  -39488
  -40828
  -41778
  -41964
  -41682
  -41656
  -41839
  -41769
  -41132
  -40283
  -39918
