 -100642
  -80758
  -59274
  -37378
  -16130
    2871
   17689
   26888
   30399
   28777
   22366
   11240
   -3856
  -21069
  -38466
  -54679
  -69134
  -81092
  -89292
  -92749
  -91391
  -86046
  -77824
  -67096
  -54218
  -40229
  -26980
  -15998
   -7593
   -1731
    1333
     778
   -3434
  -10223
  -18349
  -27154
  -36562
  -46158
  -54687
  -60891
  -64383
  -65658
  -65181
  -62707
  -57977
  -51501
  -44625
  -38094
  -31810
  -25651
  -20101
  -16141
  -14357
  -14270
  -15031
  -16392
  -18821
  -22687
  -27284
  -31720
  -35707
  -39670
  -43795
  -47287
  -49346
  -49836
  -49363
  -48467
  -46765
  -43685
  -39396
  -34804
  -30888
  -27621
  -24687
  -22271
  -21208
  -22215
  -24763
  -28080
  -31787
  -36178
  -41349
  -46376
  -50245
  -52524
  -53600
  -54047
  -53480
  -51358
  -47841
  -43870
  -40417
  -37381
  -34448
  -31641
  -29681
  -29100
  -29347
  -29746
  -30158
  -31059
  -32914
  -35148
  -36964
  -38132
  -39106
  -40462
  -41615
  -41767
  -40760
  -39219
  -37879
  -36459
  -34496
  -32078
  -29995
  -28976
  -28655
  -28464
  -28313
  -28784
  -30457
  -32762
  -34872
  -36517
  -38277
  -40432
  -42146
  -42697
  -41944
  -40590
  -39124
  -37260
  -34736
  -31824
  -29363
  -27823
  -26778
  -25702
  -24752
  -24608
  -25599
  -27200
  -28932
  -30926
  -34049
  -38090
  -41953
  -44798
  -46680
  -48230
  -49156
  -48788
  -46781
  -43621
  -40552
  -37919
  -35427
  -32893
  -30808
  -30025
  -30296
  -30972
  -31694
  -32761
  -34689
  -36757
  -37964
  -37929
  -37228
  -36925
  -37020
  -36995
  -36584
  -36251
  -36882
  -38261
  -39625
  -40407
  -40805
  -41334
  -41530
  -40866
  -39219
  -37206
  -35697
  -34435
  -32881
  -30941
  -29276
  -28794
  -29153
  -29554
  -29650
  -29956
  -30972
  -32101
  -32610
  -32385
  -32137
  -32622
  -33572
  -34353
  -34672
  -34859
  -35500
  -36265
  -36529
  -36081
  -35601
  -35675
  -35905
  -35710
  -35084
  -34759
  -35035
  -35399
  -35374
  -35092
  -35283
  -36408
  -37760
  -38387
  -38088
  -37371
  -36995
  -36786
  -36217
  -35067
  -33841
  -33256
  -33079
  -32794
  -32155
  -31776
  -32269
  -33228
  -34014
  -34401
  -34946
  -36155
  -37522
  -38335
  -38437
  -38366
  -38508
  -38410
  -37498
  -35896
  -34540
  -33699
  -32892
  -31682
  -30331
  -29750
  -29910
  -30203
  -30252
  -30324
  -31096
  -32377
  -33419
  -33610
  -33199
  -33090
  -33516
  -33923
  -33847
  -33514
  -33784
  -34705
  -35603
  -35894
  -35754
  -35933
  -36503
  -36885
  -36669
  -36140
  -36158
  -36940
  -37885
  -38301
  -38314
  -38712
  -39473
  -39890
  -39484
  -38639
  -38200
  -37924
  -37234
  -35926
  -34571
  -33880
  -33520
  -32954
  -32096
  -31510
  -31913
  -32863
  -33617
  -33891
  -34172
  -35134
  -36341
  -37132
  -37258
  -37265
  -37802
  -38463
  -38595
  -37982
  -37161
  -36811
  -36521
  -35685
  -34180
  -32657
  -31847
  -31400
  -30802
  -29994
  -29600
  -30086
  -30987
  -31682
  -32091
  -32745
  -34205
  -35983
  -37350
  -37927
  -38041
  -38452
  -38985
  -38932
  -37848
  -36112
  -34591
  -33324
  -31966
  -30340
  -28852
  -28346
  -28753
  -29406
  -29741
  -29876
  -30517
  -31891
  -33348
  -34226
  -34639
  -35295
  -36626
  -37996
  -38700
  -38676
  -38566
  -38883
  -39157
  -38765
  -37655
  -36421
  -35917
  -35917
  -35833
  -35411
  -35065
  -35547
  -36675
  -37776
  -38320
  -38512
  -39071
  -39765
  -39961
  -39285
  -38090
  -37230
  -36589
  -35586
  -33909
  -31981
  -30750
  -30303
  -30043
  -29527
  -29063
  -29511
  -30871
  -32498
  -33864
  -35122
  -36959
  -39566
  -41691
  -42253
  -43016
  -42041
  -37500
  -31760
  -26237
  -22218
  -20284
  -18204
  -11849
   -3803
   -3772
  -12830
  -26129
  -40142
  -52144
  -60619
  -66573
  -69431
  -68790
  -65743
  -60999
  -54569
  -45748
  -34673
  -22520
  -10926
     791
   10592
   13433
    9997
    3191
   -5856
  -17224
  -28814
  -39290
  -48989
  -57922
  -64829
  -68720
  -69904
  -69170
  -66712
  -62444
  -56029
  -48226
  -40800
  -34160
  -27762
  -21657
  -16746
  -13866
  -12688
  -12825
  -14217
  -17377
  -22158
  -27458
  -32555
  -37510
  -42720
  -47826
  -51711
  -53505
  -53454
  -52617
  -51207
  -48893
  -45072
  -40055
  -34963
  -29745
  -24391
  -19924
  -17350
  -16954
  -17494
  -17604
  -17392
  -19468
  -26146
  -34492
  -41192
  -45818
  -48936
  -50775
  -50115
  -46039
  -38914
  -32150
  -27110
  -23912
  -22939
  -23962
  -27296
  -30833
  -34171
  -36915
  -38897
  -40986
  -43134
  -44729
  -46016
  -46288
  -44954
  -41972
  -38176
  -34536
  -30962
  -27242
  -23888
  -21480
  -20668
  -20984
  -21992
  -23575
  -25594
  -28380
  -31391
  -33990
  -35855
  -37691
  -40166
  -42595
  -43824
  -43716
  -43259
  -42912
  -42046
  -40203
  -37579
  -35380
  -34341
  -33213
  -31248
  -28795
  -26946
  -26334
  -26461
  -26718
  -27055
  -28061
  -29937
  -32050
  -33728
  -34662
  -35548
  -36838
  -37688
  -37269
  -36239
  -36165
  -37074
  -37735
  -37590
  -36525
  -35000
  -34070
  -33636
  -33067
  -32112
  -31364
  -31730
  -32793
  -33626
  -34039
  -34667
  -35945
  -37531
  -38732
  -39441
  -39665
  -38912
  -37221
  -34694
  -32033
  -29872
  -29021
  -29289
  -30012
  -30599
  -31040
  -32487
  -34895
  -36921
  -38175
  -39178
  -40247
  -41114
  -41365
  -40553
  -39223
  -38313
  -37539
  -36279
  -34371
  -32518
  -31546
  -31085
  -30459
  -29408
  -28460
  -28387
  -28848
  -29150
  -29068
  -29160
  -30261
  -32033
  -33583
  -34458
  -35072
  -36161
  -37616
  -38393
  -37673
  -36133
  -35014
  -34250
  -33384
  -31798
  -29332
  -26992
  -25445
  -24517
  -23946
  -24015
  -25469
  -27967
  -30669
  -33116
  -35305
  -37807
  -40806
  -43665
  -45518
  -45999
  -45671
  -45142
  -44157
  -42289
  -39752
  -37385
  -35967
  -34828
  -33078
  -30753
  -28322
  -26516
  -25986
  -26618
  -28024
  -29474
  -30827
  -31938
  -32606
  -33013
  -33591
  -34858
  -36246
  -37148
  -37267
  -37023
  -37429
  -38208
  -38668
  -38273
  -37307
  -36708
  -36321
  -35593
  -34246
  -32704
  -31837
  -31697
  -31705
  -31418
  -31027
  -31228
  -31934
  -32404
  -32161
  -31575
  -31588
  -32229
  -32827
  -32921
  -32731
  -33008
  -33926
  -34948
  -35275
  -34598
  -33807
  -33494
  -32920
  -31806
  -30625
  -29647
  -29230
  -29143
  -28885
  -28603
  -29139
  -30795
  -33251
  -35277
  -36929
  -38851
  -40775
  -41981
  -41735
  -40265
  -38609
  -37145
  -35429
  -33147
  -30461
  -28199
  -26804
  -25816
  -24757
  -23793
  -23672
  -24841
  -26688
  -28313
  -29642
  -31409
  -33902
  -36246
  -37841
  -38718
  -39431
  -40182
  -40388
  -39603
  -37970
  -36328
  -35269
  -34390
  -33118
  -31609
  -30906
  -31024
  -31337
  -31419
  -31764
  -33065
  -34831
  -36244
  -36855
  -37307
  -38258
  -39171
  -39214
  -38127
  -36617
  -35642
  -34716
  -33073
  -30612
  -28352
  -26763
  -25495
  -24235
  -23156
  -23068
  -24411
  -26599
  -28767
  -30635
  -32791
  -35532
  -38173
  -40005
  -41043
  -42001
  -42800
  -42825
  -41780
  -39848
  -37702
  -35982
  -34607
  -32827
  -30477
  -28624
  -27590
  -26828
  -26009
  -25711
  -26698
  -28260
  -29538
  -30410
  -31376
  -32723
  -33872
  -34569
  -34716
  -34304
  -34052
  -33604
  -32419
  -30727
  -29568
  -29420
  -29494
  -29020
  -28479
  -28981
  -30463
  -32207
  -33787
  -35340
  -37368
  -39539
  -41048
  -41324
  -40764
  -40144
  -39290
  -37776
  -35478
  -33101
  -31366
  -29863
  -28021
  -25890
  -24290
  -23798
  -24044
  -24512
  -25274
  -27118
  -29803
  -32544
  -34701
  -36252
  -37973
  -40008
  -41991
  -43282
  -43612
  -43114
  -41531
  -38430
  -34193
  -30027
  -26789
  -24562
  -23039
  -22022
  -21936
  -23132
  -25054
  -27035
  -28888
  -31031
  -33843
  -36786
  -39017
  -40281
  -41304
  -42037
  -41939
  -40660
  -38813
  -37057
  -35190
  -32847
  -30139
  -27826
  -26392
  -25493
  -24751
  -24303
  -24759
  -26246
  -28078
  -29527
  -30482
  -31581
  -33261
  -35035
  -36236
  -36685
  -36820
  -37240
  -37499
  -36969
  -35522
  -33907
  -32874
  -31837
  -30429
  -28849
  -27625
  -27200
  -27284
  -27354
  -27463
  -28078
  -29741
  -31743
  -33218
  -33890
  -34337
  -34970
  -35265
  -34818
  -33861
  -33264
  -33166
  -32932
  -32114
  -31029
  -30655
  -31000
  -31371
  -31368
  -31248
  -31718
  -32646
  -33305
  -33153
  -32550
  -32364
  -32521
  -32514
  -31946
  -31159
  -30963
  -31205
  -31371
  -31278
  -31303
  -32105
  -33395
  -34404
  -34725
  -34792
  -35328
  -35917
  -35893
  -35110
  -34196
  -33922
  -33927
  -33638
  -32993
  -32497
  -32803
  -33464
  -33730
  -33400
  -33090
  -33378
  -33752
  -33562
  -32822
  -32212
  -32312
  -32618
  -32510
  -31957
  -31547
  -31891
  -32583
  -32981
  -32902
  -32841
  -33421
  -34199
  -34460
  -34022
  -33598
  -33769
  -34039
  -33702
  -32734
  -31906
  -31690
  -31534
  -30918
  -29975
  -29476
  -29860
  -30527
  -30794
  -30680
  -30877
  -31860
  -32984
  -33469
  -33295
  -33222
  -33824
  -34561
  -34761
  -34360
  -33938
  -34039
  -34205
  -33878
  -32965
  -31923
  -31514
  -31394
  -30916
  -29867
  -28789
  -28521
  -28804
  -28933
  -28605
  -28237
  -28607
  -29466
  -30156
  -30341
  -30422
  -31149
  -32301
  -33236
  -33565
  -33598
  -34092
  -34839
  -35148
  -34681
  -33769
  -33265
  -33204
  -33005
  -32266
  -31326
  -31022
  -31381
  -31795
  -31735
  -31493
  -31829
  -32646
  -33247
  -33173
  -32903
  -33178
  -33688
  -33807
  -33612
  -33848
  -34373
  -34628
  -34527
  -34777
  -35165
  -35103
  -34243
  -32888
  -31894
  -31471
  -31156
  -30425
  -29442
  -28793
  -29165
  -30233
  -31391
  -32340
  -33451
  -35306
  -37430
  -38975
  -39440
  -39042
  -38482
  -37928
  -36883
  -34902
  -32210
  -29640
  -27857
  -26435
  -24971
  -23639
  -23183
  -23899
  -25160
  -26353
  -27493
  -29156
  -31270
  -33195
  -34371
  -34884
  -35428
  -36076
  -36305
  -35685
  -34623
  -34051
  -33821
  -33400
  -32383
  -31253
  -30731
  -30551
  -30067
  -29224
  -28787
  -28880
  -28943
  -28513
  -27987
  -28200
  -28830
  -29172
  -29034
  -29160
  -30041
  -31060
  -31574
  -31584
  -31874
  -32824
  -33866
  -34442
  -34803
  -35573
  -36431
  -36871
  -36862
  -37022
  -37109
  -36639
  -35456
  -34306
  -33629
  -33004
  -31922
  -30437
  -29255
  -28865
  -28889
  -28898
  -28936
  -29599
  -31200
  -33072
  -34502
  -35390
  -36146
  -37396
  -38744
  -39467
  -39177
  -38133
  -37088
  -36157
  -34774
  -32578
  -29922
  -27757
  -26474
  -25523
  -24442
  -23466
  -23442
  -24646
  -26400
  -27996
  -29428
  -31324
  -33822
  -36152
  -37665
  -38400
  -38989
  -39829
  -40325
  -39876
  -38510
  -37029
  -36081
  -35181
  -33771
  -31954
  -30420
  -29867
  -29862
  -29722
  -29199
  -28589
  -28601
  -29294
  -30013
  -30180
  -29864
  -29608
  -30038
  -30716
  -30966
  -30683
  -30402
  -30940
  -32045
  -32985
  -33351
  -33364
  -33676
  -34354
  -34750
  -34327
  -33219
  -32193
  -31896
  -31868
  -31517
  -30763
  -30188
  -30457
  -31167
  -31645
  -31592
  -31368
  -31779
  -32676
  -33417
  -33506
  -33147
  -33126
  -33560
  -33819
  -33351
  -32373
  -31746
  -31708
  -31717
  -31222
  -30430
  -30207
  -30880
  -31824
  -32425
  -32688
  -33176
  -34432
  -35910
  -36865
  -37061
  -36867
  -36995
  -37150
  -36739
  -35571
  -34281
  -33702
  -33461
  -32873
  -31702
  -30497
  -30016
  -29846
  -29305
  -28205
  -27109
  -26895
  -27270
  -27517
  -27417
  -27485
  -28495
  -30005
  -31286
  -32139
  -33006
  -34520
  -36216
  -37335
  -37540
  -37174
  -36994
  -36803
  -36008
  -34339
  -32288
  -30778
  -29771
  -28765
  -27535
  -26464
  -26366
  -27121
  -28084
  -28843
  -29536
  -30718
  -32348
  -33747
  -34246
  -33967
  -33629
  -33475
  -32956
  -31603
  -29716
  -28268
  -27527
  -26826
  -25621
  -24373
  -24219
  -25237
  -26648
  -27834
  -28945
  -30808
  -33388
  -35969
  -37819
  -38873
  -39802
  -40803
  -41274
  -40680
  -39235
  -37843
  -36719
  -35303
  -33180
  -30646
  -28616
  -27213
  -25881
  -24356
  -23232
  -23320
  -24311
  -25507
  -26563
  -27886
  -29925
  -32180
  -33978
  -35185
  -36512
  -38062
  -39120
  -39078
  -38102
  -37231
  -36580
  -35665
  -34196
  -32462
  -31248
  -30475
  -29531
  -28153
  -27000
  -26807
  -27110
  -27355
  -27620
  -28620
  -30416
  -32272
  -33622
  -34520
  -35765
  -37525
  -39102
  -39711
  -39456
  -39057
  -38519
  -37279
  -35011
  -32437
  -30608
  -29367
  -28167
  -26953
  -26317
  -26903
  -28247
  -29585
  -30558
  -31468
  -32902
  -34430
  -35223
  -34965
  -34207
  -33662
  -32973
  -31651
  -29810
  -28336
  -27624
  -27229
  -26698
  -26262
  -26751
  -28146
  -29743
  -30868
  -31671
  -32803
  -33932
  -34487
  -34286
  -34002
  -34051
  -33947
  -33235
  -32095
  -31388
  -31197
  -30898
  -29942
  -28489
  -27352
  -26620
  -25897
  -25007
  -24552
  -25311
  -26987
  -28890
  -30607
  -32443
  -34821
  -37136
  -38647
  -39257
  -39605
  -40163
  -40386
  -39709
  -38222
  -36747
  -35548
  -34174
  -32328
  -30509
  -29578
  -29233
  -28845
  -28229
  -27915
  -28261
  -28752
  -28836
  -28585
  -28836
  -29795
  -30847
  -31450
  -31891
  -32765
  -33648
  -33945
  -33717
  -33782
  -34031
  -33925
  -33306
  -32893
  -32823
  -32585
  -31925
  -31527
  -31437
  -31203
  -30592
  -30255
  -30457
  -30668
  -30424
  -30024
  -30263
  -30955
  -31523
  -31629
  -31571
  -32038
  -32827
  -33269
  -32894
  -32005
  -31450
  -31227
  -30881
  -30115
  -29309
  -29242
