 -313576
 -280982
 -216142
 -127798
  -27930
   69052
  148550
  198965
  214384
  194304
  142397
   65685
  -25372
 -117553
 -197566
 -254581
 -281805
 -276153
 -238129
 -172579
  -88933
      54
   81026
  143223
  179159
  184489
  158329
  104377
   31201
  -50196
 -128619
 -194385
 -239116
 -256222
 -242863
 -201321
 -138546
  -63999
   12302
   80404
  130909
  156358
  153271
  123351
   72121
    7016
  -63859
 -131052
 -184683
 -216856
 -223446
 -204702
 -164100
 -106879
  -40310
   26232
   82535
  120126
  134670
  125345
   93977
   44482
  -16590
  -80037
 -136351
 -177859
 -199818
 -200079
 -178194
 -136512
  -80909
  -20094
   36408
   81140
  108750
  115841
  101017
   65899
   16237
  -40210
  -95473
 -142812
 -176466
 -191334
 -184694
 -157513
 -114439
  -62457
   -8512
   40605
   78190
   98415
   97931
   77791
   41956
   -4072
  -54502
 -102991
 -142203
 -166065
 -171425
 -158503
 -130064
  -89714
  -42501
    5020
   45509
   72530
   83173
   77293
   56394
   23031
  -18746
  -62553
 -101626
 -130577
 -146410
 -147872
 -134412
 -107376
  -70617
  -30215
    7265
   37144
   56225
   62201
   53641
   31488
      -5
  -35450
  -69763
  -99089
 -119894
 -128840
 -124283
 -107156
  -80796
  -49433
  -16881
   13029
   36057
   48329
   47872
   35550
   13846
  -14477
  -46794
  -78652
 -104640
 -120533
 -124554
 -117303
  -99698
  -73414
  -41647
   -9351
   17700
   35713
   43004
   39228
   24732
     790
  -28802
  -59120
  -85597
 -105146
 -116001
 -116081
 -104394
  -82355
  -53920
  -24397
    2073
   22481
   34525
   36142
   26147
    6338
  -19547
  -47218
  -73151
  -94487
 -107837
 -110729
 -102654
  -85505
  -62701
  -37076
  -11481
   10817
   26094
   31332
   26470
   13297
   -5744
  -28567
  -52731
  -74223
  -89275
  -95770
  -93796
  -84791
  -69767
  -50154
  -28419
   -8129
    7095
   15620
   17169
   11921
     -72
  -17762
  -38093
  -57491
  -73208
  -83975
  -88771
  -86424
  -76791
  -61497
  -43676
  -26476
  -11469
     387
    7738
    9074
    3425
   -8035
  -22915
  -38737
  -53816
  -66962
  -76012
  -79079
  -75491
  -66591
  -54479
  -40459
  -25811
  -12367
   -2730
    1101
    -787
   -7144
  -16872
  -29306
  -43165
  -55904
  -65013
  -69304
  -69312
  -65301
  -57213
  -45594
  -32369
  -20453
  -11385
   -5665
   -3545
   -5624
  -12488
  -22939
  -34607
  -45158
  -53459
  -59541
  -62911
  -62476
  -57728
  -49682
  -40636
  -31970
  -24084
  -17381
  -12967
  -12387
  -15749
  -21823
  -29189
  -37174
  -45686
  -53882
  -59923
  -62221
  -60665
  -56609
  -50671
  -42850
  -33652
  -24856
  -18645
  -15451
  -14843
  -16538
  -20874
  -28006
  -36388
  -44080
  -49898
  -53750
  -56004
  -55892
  -52611
  -46362
  -38721
  -31699
  -25836
  -21180
  -18061
  -17609
  -20658
  -26235
  -32731
  -38978
  -44717
  -49971
  -53443
  -53826
  -50865
  -45680
  -39858
  -33778
  -27539
  -21862
  -18326
  -18020
  -20359
  -24194
  -28952
  -34716
  -41466
  -47772
  -52009
  -53302
  -51949
  -49174
  -45145
  -39570
  -32668
  -25721
  -20666
  -18095
  -17695
  -19091
  -22421
  -28172
  -35388
  -42224
  -47158
  -49715
  -50494
  -49853
  -47166
  -42098
  -35626
  -29658
  -25601
  -23316
  -22335
  -22695
  -25132
  -29899
  -35672
  -40869
  -44660
  -47207
  -49164
  -49903
  -48561
  -45022
  -40317
  -36167
  -32951
  -30289
  -27933
  -26568
  -27346
  -29886
  -32993
  -35699
  -38064
  -40742
  -43125
  -44003
  -42772
  -40063
  -37341
  -34984
  -32523
  -29727
  -27320
  -26726
  -28064
  -30478
  -33146
  -35996
  -39662
  -44104
  -47248
  -47469
  -47140
  -43733
  -35175
  -25272
  -16623
  -11613
  -11284
  -12546
   -9397
   -4995
  -12013
  -31067
  -54345
  -75604
  -89719
  -93886
  -89701
  -77493
  -58664
  -37134
  -16381
    1341
   15439
   24891
   28111
   23858
   15097
    1410
  -21445
  -49355
  -75070
  -94477
 -106312
 -107537
  -97471
  -79097
  -56033
  -30688
   -5851
   14430
   26432
   28664
   21588
    7345
  -12219
  -35761
  -59794
  -79676
  -92189
  -96376
  -92495
  -80676
  -62189
  -39782
  -17551
    1164
   14713
   21699
   20658
   10889
   -6090
  -26776
  -47440
  -65592
  -80008
  -88901
  -90459
  -83461
  -69015
  -50204
  -29057
   -8077
    8916
   18713
   19877
   13983
    3683
   -9678
  -27720
  -51261
  -73971
  -89290
  -95232
  -92209
  -81315
  -62590
  -37318
   -8975
   14743
   29475
   33619
   26583
    9850
  -14742
  -41332
  -66128
  -85561
  -97013
 -100395
  -95486
  -82458
  -63727
  -41155
  -17104
    5339
   22363
   30835
   30247
   21492
    5618
  -15515
  -39586
  -62596
  -80949
  -92190
  -94890
  -89473
  -76448
  -57203
  -34318
  -12152
    5180
   16014
   20250
   17555
    7256
   -9591
  -29619
  -49300
  -66006
  -78713
  -86511
  -86749
  -78399
  -62980
  -44000
  -24837
   -7458
    6502
   15144
   16533
   10227
   -2147
  -18047
  -34976
  -51598
  -66300
  -76071
  -78595
  -74403
  -66181
  -55172
  -41425
  -26245
  -11623
     -29
    5856
    5531
      25
   -9396
  -22037
  -37296
  -52552
  -64546
  -71504
  -73480
  -70936
  -63988
  -52952
  -39378
  -25229
  -11749
    -723
    6483
    8237
    3806
   -6933
  -22129
  -38807
  -53975
  -65591
  -73749
  -77508
  -74883
  -66019
  -53030
  -38269
  -23560
  -10475
    -208
    5309
    4327
   -2432
  -13072
  -25696
  -39205
  -52626
  -63552
  -69563
  -69513
  -64158
  -55302
  -43810
  -30450
  -16855
   -5651
     542
    1269
   -2541
   -9784
  -20047
  -32848
  -46337
  -57423
  -63527
  -64622
  -62116
  -56233
  -47179
  -35326
  -21986
  -10114
   -1989
    1678
     893
   -4501
  -14737
  -28045
  -41721
  -53575
  -62211
  -67467
  -69203
  -66677
  -59383
  -48057
  -35047
  -22928
  -12975
   -5786
   -2320
   -3829
  -10862
  -21306
  -32405
  -42478
  -50542
  -56207
  -59466
  -59799
  -56824
  -50264
  -41054
  -30464
  -19825
  -10918
   -5535
   -5090
   -8940
  -15790
  -24294
  -33795
  -44309
  -54069
  -60819
  -63019
  -60782
  -55558
  -47879
  -38049
  -27077
  -16863
   -9864
   -7000
   -7816
  -11514
  -17743
  -26458
  -36399
  -45343
  -51424
  -54279
  -54780
  -53015
  -48478
  -41236
  -32598
  -24757
  -19035
  -15621
  -13977
  -13874
  -16372
  -21769
  -28234
  -34458
  -40089
  -44615
  -47796
  -48873
  -47067
  -42866
  -38013
  -33646
  -30136
  -26616
  -23895
  -23322
  -24740
  -27136
  -29268
  -31042
  -33384
  -36274
  -38616
  -39464
  -38626
  -37077
  -35446
  -33250
  -30092
  -26563
  -24069
  -23597
  -24553
  -25800
  -27210
  -29700
  -33483
  -37122
  -39561
  -40616
  -40943
  -40850
  -39583
  -36747
  -32780
  -29174
  -27053
  -26083
  -25556
  -25585
  -27409
  -30694
  -34167
  -36849
  -39106
  -41618
  -43493
  -43582
  -41421
  -38267
  -35486
  -32893
  -29821
  -26266
  -23525
  -23018
  -24017
  -25274
  -26273
  -27953
  -30537
  -33098
  -34758
  -35357
  -35797
  -36730
  -37463
  -36999
  -35237
  -33395
  -32387
  -31719
  -30743
  -29740
  -29897
  -31116
  -32487
  -33348
  -33624
  -33963
  -34971
  -36225
  -36383
  -35052
  -33676
  -32690
  -31363
  -29427
  -27899
  -27999
  -28849
  -29389
  -29566
  -30139
  -31417
  -32542
  -33184
  -33195
  -32509
  -32075
  -31484
  -30073
  -28129
  -27137
  -27814
  -28987
  -29452
  -29816
  -31435
  -34029
  -36458
  -38022
  -38874
  -39779
  -40344
  -39614
  -37115
  -33696
  -30747
  -28406
  -26297
  -24325
  -23447
  -24492
  -26613
  -28590
  -29987
  -31502
  -33594
  -35496
  -36299
  -36089
  -36128
  -36290
  -35769
  -34094
  -31660
  -29988
  -29689
  -30534
  -31682
  -32685
  -33520
  -33612
  -32174
  -29522
  -27215
  -26296
  -26657
  -27705
  -28950
  -30685
  -33190
  -35565
  -36815
  -36743
  -36141
  -35809
  -35378
  -34093
  -31999
  -30423
  -29557
  -28820
  -27815
  -27316
  -28040
  -29355
  -30373
  -30844
  -31524
  -32740
  -33744
  -33810
  -33143
  -32686
  -32727
  -32477
  -31260
  -29303
  -27770
  -27563
  -28182
  -28832
  -29286
  -30069
  -31847
  -33836
  -34937
  -34727
  -34052
  -33821
  -33184
  -31624
  -29555
  -27820
  -27133
  -27172
  -27250
  -27404
  -28289
  -30599
  -33249
  -34930
  -35160
  -34751
  -34351
  -33366
  -31408
  -28989
  -27503
  -27266
  -27419
  -27301
  -27250
  -28435
  -30699
  -32870
  -34123
  -34667
  -35445
  -36218
  -35976
  -34136
  -31382
  -29226
  -27830
  -26704
  -25452
  -24600
  -25251
  -27112
  -29255
  -31162
  -33052
  -35576
  -38109
  -39382
  -38743
  -36947
  -35241
  -33367
  -30721
  -27515
  -24919
  -24180
  -24868
  -26117
  -27604
  -29753
  -33102
  -36592
  -38859
  -39345
  -38790
  -38040
  -36562
  -33772
  -30035
  -26666
  -24831
  -24145
  -23899
  -24062
  -25357
  -28371
  -32107
  -35250
  -37185
  -38307
  -39351
  -39651
  -38296
  -35258
  -31825
  -29254
  -27279
  -25238
  -23274
  -22551
  -23719
  -25872
  -27960
  -29812
  -32130
  -35111
  -37629
  -38567
  -37813
  -36358
  -35088
  -33461
  -30843
  -27586
  -25121
  -24471
  -25067
  -25984
  -26997
  -28690
  -31530
  -34483
  -36378
  -36863
  -36353
  -35803
  -34836
  -32732
  -29470
  -26143
  -24225
  -23603
  -23474
  -23502
  -24175
  -26322
  -29339
  -32052
  -33719
  -34643
  -35798
  -36793
  -36708
  -35136
  -32723
  -30820
  -29455
  -27976
  -26200
  -24725
  -24749
  -26245
  -28216
  -29845
  -31263
  -33291
  -35611
  -37155
  -37126
  -35896
  -34644
  -33447
  -31657
  -29016
  -26514
  -25420
  -25454
  -25839
  -26606
  -28656
  -31511
  -34103
  -35938
  -37695
  -38885
  -38622
  -36488
  -33121
  -30003
  -27681
  -25802
  -23988
  -22566
  -22410
  -24395
  -27835
  -31595
  -34901
  -37892
  -41061
  -43512
  -44003
  -41997
  -38051
  -33568
  -29329
  -25190
  -21027
  -17460
  -15761
  -16770
  -19593
  -23153
  -26990
  -31499
  -36450
  -40485
  -42377
  -42082
  -40575
  -38150
  -34584
  -29776
  -24609
  -20747
  -18893
  -18621
  -19268
  -21171
  -25126
  -30340
  -35331
  -38846
  -40956
  -42237
  -42104
  -39790
  -35521
  -30852
  -26578
  -22574
  -18767
  -16152
  -16148
  -18291
  -21373
  -24768
  -28956
  -33991
  -38467
  -41051
  -41429
  -40612
  -39249
  -36972
  -33417
  -29465
  -26567
  -24749
  -23649
  -23369
  -24731
  -27173
  -29708
  -31778
  -33898
  -36240
  -37864
  -37851
  -36185
  -33921
  -31910
  -29874
  -27575
  -25418
  -24517
  -25496
  -27526
  -29532
  -31225
  -33037
  -35583
  -38137
  -39511
  -38999
  -36952
  -34520
  -32086
  -29179
  -25569
  -21973
  -19872
  -19853
  -21071
  -22664
  -24586
  -27630
  -31797
  -35779
  -38340
  -39259
  -39430
  -39178
  -37810
  -34898
  -30991
  -27571
  -25708
  -24917
  -24439
  -24330
  -25475
  -28346
  -31820
  -34585
  -36209
  -37201
  -38229
  -38599
  -37418
  -34543
  -30736
  -27424
  -25147
  -23430
  -21750
  -20476
  -20536
  -22675
  -25983
  -29206
  -31766
  -33970
  -36573
  -38957
  -39937
  -38945
  -36454
  -33690
  -31193
  -28535
  -25380
  -22271
  -20465
  -20947
  -23018
  -25580
  -28147
  -31025
  -34670
  -38087
  -39961
  -39716
  -37915
  -35862
  -33694
  -30978
  -27540
  -24128
  -22167
  -22030
  -22911
  -23971
  -25311
  -27793
  -31311
  -34628
  -36579
  -37119
  -37223
  -37349
  -36799
  -34924
  -32030
  -29313
  -27898
  -27372
  -27027
  -26632
  -26734
  -28225
  -30462
  -32354
  -33377
  -34088
  -35319
  -36362
  -36134
  -34348
  -31856
  -29898
  -28161
  -26050
  -23544
  -21567
  -21444
  -22799
  -24553
  -26101
  -27982
  -31014
  -34323
  -36637
  -37456
  -37332
  -37231
  -36720
  -35056
  -32144
  -28839
  -26546
  -25243
  -24267
  -23280
  -22863
  -24115
  -26599
  -29216
  -31189
  -32670
  -34457
  -36150
  -36787
  -35880
  -33894
  -31888
  -30207
  -28366
  -25848
  -23174
  -21652
  -21688
  -22549
  -23386
  -24309
  -26290
  -29173
  -31631
  -32594
  -32422
  -32546
  -33086
  -33113
  -31971
  -30213
  -29231
  -29316
  -29782
  -29838
  -29579
  -29938
  -31232
  -32521
  -32871
  -32408
  -32248
  -32552
  -32468
  -31328
  -29439
  -28045
  -27321
  -26481
  -25164
  -24215
  -24756
  -26291
  -27843
  -28917
  -30054
  -31838
  -33491
  -34136
  -33787
  -33463
  -33456
  -32982
  -31388
  -29107
  -27658
  -27283
  -27292
  -27135
  -27089
  -28100
  -29736
  -30892
  -30995
  -30784
  -31175
  -31494
  -31042
  -29992
  -29489
  -29849
  -30235
  -30010
  -29440
  -29720
  -31152
  -32803
  -33530
  -33386
  -33313
  -33284
  -32416
  -30245
  -27776
  -26519
  -26238
  -26128
  -26061
  -26742
  -28883
  -31654
  -33802
  -34697
  -34737
  -34848
  -34598
  -33102
  -30172
  -26869
  -24558
  -22959
  -21544
  -20525
  -20979
  -23214
  -26257
  -29060
  -31531
  -34385
  -37308
  -39144
  -38947
  -37030
  -34622
  -31724
  -28147
  -24169
  -21160
  -20009
  -20191
  -21054
  -22625
  -25699
  -29881
  -33718
  -35930
  -36288
  -35722
  -34387
  -31893
  -28312
  -24844
  -23003
  -22675
  -23211
  -24198
  -26077
  -29310
  -32871
  -35504
  -36823
  -37538
  -38191
  -38020
  -36291
  -33273
  -30313
  -28068
  -26122
  -24158
  -22914
  -23525
  -25432
  -27495
  -29155
  -30874
  -32882
  -34259
  -34144
  -32665
  -31139
  -30071
  -28947
  -27304
  -25782
  -25446
  -25827
  -26167
  -26500
  -27795
  -29734
  -31371
  -32269
  -33169
  -34115
  -34300
  -33326
  -32160
  -31017
  -29450
  -27342
  -25765
  -25231
  -25137
  -24935
  -25084
  -26579
  -28933
  -31114
  -32393
  -32991
  -33788
  -34459
  -34125
  -32299
  -29546
  -27259
  -25720
  -24536
  -23367
  -22821
  -23925
