  -86734
 -131698
 -167898
 -191190
 -199377
 -192651
 -171686
 -137353
  -93111
  -43544
    7420
   55751
   96546
  126134
  142412
  143919
  129843
  102025
   63724
   17961
  -31849
  -81273
 -124783
 -158397
 -180066
 -187634
 -179283
 -155675
 -119329
  -73264
  -20778
   33170
   83191
  124996
  155599
  172014
  171949
  155638
  125429
   83820
   33290
  -21497
  -74993
 -123150
 -162689
 -190066
 -202287
 -198383
 -179650
 -147935
 -105185
  -55769
   -4941
   43024
   85038
  117516
  136424
  140092
  129934
  106640
   71651
   28479
  -18291
  -64601
 -107056
 -141671
 -164707
 -174508
 -171147
 -154808
 -126155
  -88257
  -45148
    -247
   43275
   81173
  109091
  124809
  127826
  117560
   93753
   58251
   15009
  -32197
  -80339
 -124150
 -158224
 -179659
 -187759
 -183696
 -168990
 -144305
 -111941
  -74029
  -32274
    9217
   45851
   75347
   95620
  104156
   99646
   84269
   65166
   41493
    7487
  -34928
  -75875
 -110332
 -136812
 -152665
 -157172
 -151087
 -134955
 -109999
  -78569
  -42968
   -4106
   39436
   86887
  128460
  156834
  163764
  150164
  120785
   78839
   27848
  -28863
  -89558
 -146637
 -193076
 -226108
 -243665
 -245875
 -231368
 -198739
 -152183
  -97154
  -39254
   16519
   66208
  106677
  135624
  150547
  148848
  131036
   99938
   61300
   18555
  -30017
  -82474
 -131813
 -173378
 -202969
 -218875
 -218510
 -201325
 -170225
 -127788
  -76421
  -20184
   34476
   81985
  118576
  141696
  148314
  138216
  112887
   74306
   25587
  -28563
  -82610
 -132527
 -174638
 -204370
 -218399
 -216294
 -199172
 -168095
 -125514
  -76046
  -24350
   25624
   69769
  103369
  123041
  127865
  118225
   93930
   56760
   10527
  -40291
  -92107
 -140359
 -179795
 -206444
 -219099
 -217065
 -199581
 -167712
 -125134
  -76080
  -24582
   25132
   68161
  100327
  119305
  124096
  113451
   87878
   50358
    4823
  -45430
  -96124
 -142352
 -179599
 -205298
 -217608
 -214980
 -197205
 -166733
 -126235
  -78639
  -27714
   21256
   63550
   96058
  116134
  121299
  110854
   86432
   50298
    4744
  -46058
  -96762
 -143001
 -181398
 -208822
 -222523
 -221141
 -205755
 -177714
 -138550
  -91461
  -41225
    8231
   54060
   92772
  120592
  135223
  136261
  123922
   98363
   62227
   19631
  -25727
  -70892
 -111786
 -143899
 -164965
 -174414
 -171558
 -156221
 -129593
  -95043
  -56130
  -15621
   23362
   56638
   80921
   94420
   96897
   87060
   64875
   33057
   -4761
  -45899
  -87731
 -126121
 -156813
 -177563
 -187023
 -184080
 -168124
 -140916
 -105513
  -64568
  -21193
   20272
   55574
   82259
   98452
  102117
   92593
   70976
   39850
     896
  -42868
  -86856
 -127050
 -160622
 -184851
 -197029
 -195609
 -181531
 -156352
 -121276
  -79041
  -34491
    8197
   45881
   75625
   93974
   98882
   90393
   70081
   39193
      21
  -43353
  -86595
 -126829
 -160740
 -184624
 -195751
 -194227
 -180710
 -155809
 -121182
  -80672
  -38661
    1473
   37162
   64494
   80608
   84730
   77149
   57975
   28421
   -8323
  -48639
  -89300
 -127255
 -159071
 -181221
 -192110
 -191424
 -178783
 -154937
 -123044
  -86606
  -48314
  -10929
   21701
   46665
   62319
   67343
   60681
   42876
   16022
  -17169
  -54397
  -92627
 -128025
 -156914
 -177676
 -188352
 -187073
 -174467
 -152617
 -123023
  -87463
  -49493
  -13215
   18416
   43599
   59501
   63474
   55094
   36258
    8790
  -24849
  -60390
  -94693
 -126062
 -152226
 -170566
 -179335
 -178350
 -167555
 -147530
 -120700
  -89358
  -55791
  -23460
    4558
   26487
   40615
   44922
   39159
   24666
    2531
  -25961
  -57968
  -89791
 -119294
 -144597
 -163062
 -172401
 -172568
 -163654
 -145889
 -120767
  -91522
  -60858
  -30910
   -4073
   16699
   29256
   33147
   28504
   14965
   -6166
  -32431
  -61484
  -91619
 -120356
 -144322
 -161268
 -170353
 -170745
 -161793
 -144387
 -120941
  -93552
  -63810
  -34647
   -9589
    9294
   21387
   25212
   19940
    6524
  -13175
  -37391
  -65183
  -93876
 -119982
 -142046
 -158753
 -167917
 -168225
 -160578
 -145910
 -125046
  -99214
  -71324
  -44330
  -20241
    -196
   13139
   17680
   13700
    2336
  -15923
  -39613
  -65420
  -90829
 -115329
 -137361
 -157751
 -174500
 -183509
 -182463
 -170387
 -150328
 -124181
  -94801
  -70928
  -50494
  -29580
  -15155
  -22010
  -35373
  -48053
  -43873
  -14508
   10817
   22230
   19967
    7575
  -11763
  -38464
  -70117
 -100601
 -125416
 -144304
 -157126
 -162405
 -158783
 -147471
 -129967
 -107004
  -80435
  -53315
  -28507
   -7652
    8411
   17593
   18383
   11172
   -2731
  -22299
  -47028
  -74804
 -102554
 -127768
 -149059
 -164858
 -172556
 -170609
 -160222
 -143282
 -121531
  -95656
  -67691
  -40980
  -18279
    -798
   11063
   15629
   10447
   -5270
  -30029
  -58158
  -92865
 -132538
 -177558
 -210515
 -225438
 -225571
 -201662
 -150166
  -85435
  -23529
   36659
   85373
  116936
  129185
  120956
   94395
   52853
    -287
  -61639
 -126578
 -188288
 -241183
 -280650
 -302372
 -303599
 -285361
 -249339
 -198037
 -136481
  -72034
  -10199
   45885
   91465
  113987
  113811
   98521
   68159
   25530
  -25373
  -78725
 -132694
 -192784
 -244681
 -276556
 -286893
 -279222
 -253991
 -213107
 -159786
 -100192
  -38356
   24366
   82364
  130087
  163790
  180458
  176858
  153069
  111807
   57649
   -4220
  -67186
 -125047
 -175980
 -216380
 -240044
 -245633
 -237288
 -218802
 -192419
 -160901
 -128112
  -98359
  -76311
  -66078
  -69802
  -84928
 -106788
 -129224
 -151007
 -166001
 -166077
 -147807
 -109775
  -53498
   17413
   96134
  174590
  245258
  301177
  336908
  350825
  339334
  299920
  234888
  155355
   65733
  -26191
 -112995
 -192008
 -264146
 -325128
 -371684
 -401024
 -410889
 -399228
 -365118
 -309127
 -234720
 -147276
  -52588
   41920
  127879
  200054
  252694
  280889
  283493
  261214
  215976
  152786
   77951
   -1873
  -78976
 -145381
 -194380
 -221621
 -225231
 -205342
 -163090
 -102452
  -28409
   55168
  141916
  223195
  291165
  341599
  373625
  385352
  374352
  340586
  285180
  211963
  128821
   45082
  -31398
  -93872
 -137676
 -160152
 -159928
 -137823
  -96280
  -38447
   31132
  106167
  181216
  250849
  309512
  351986
  375076
  377653
  359511
  321446
  266631
  199670
  126419
   52363
  -16683
  -74635
 -116544
 -139768
 -142936
 -125819
  -89960
  -39709
   20157
   85161
  149588
  207201
  253243
  284131
  296728
  289158
  262600
  220382
  166265
  104268
   39857
  -20446
  -71114
 -108636
 -130354
 -133616
 -117329
  -83725
  -36952
   18706
   78746
  137246
  187938
  225908
  248169
  253411
  240536
  210824
  167816
  115259
   56870
   -2124
  -55589
  -98289
 -127215
 -140353
 -135971
 -113654
  -76136
  -27706
   28151
   87533
  144592
  193550
  230314
  252350
  257993
  245800
  216511
  173561
  121298
   63494
    4827
  -49207
  -92869
 -122699
 -137181
 -135026
 -115827
  -81568
  -36414
   15204
   68917
  120431
  164229
  195838
  212738
  214057
  199219
  168667
  125506
   74457
   20279
  -32797
  -80434
 -117824
 -141067
 -149206
 -142358
 -120556
  -84993
  -39252
   11950
   64256
  113743
  156097
  187024
  203528
  204548
  190538
  162877
  123092
   74731
   22907
  -27587
  -72990
 -109152
 -132142
 -139392
 -131067
 -108542
  -73119
  -27203
   25067
   78096
  127218
  168887
  199060
  213910
  212526
  195271
  163978
  120700
   68928
   14034
  -38670
  -85518
 -123210
 -148214
 -157937
 -152340
 -132469
  -99700
  -56416
   -6907
   43630
   90693
  130716
  160189
  175668
  175553
  160567
  132589
   93431
   46825
   -2412
  -49460
  -91186
 -124345
 -144600
 -149723
 -140218
 -117453
  -82936
  -39100
    9617
   58099
  101920
  138001
  163447
  175201
  172293
  155684
  126753
   87565
   41912
   -5787
  -51440
  -91751
 -123496
 -143573
 -149649
 -142625
 -123996
  -94654
  -56633
  -13123
   31826
   73932
  109942
  136482
  150170
  149657
  135535
  109001
   71556
   26336
  -22037
  -68700
 -110153
 -143259
 -164380
 -171146
 -163827
 -143466
 -112137
  -72491
  -28039
   16885
   58603
   94063
  120223
  134136
  134759
  122850
   99830
   67988
   30369
   -9505
  -47647
  -81383
 -108766
 -127148
 -134273
 -129475
 -113962
  -89353
  -57313
  -20341
   17671
   52596
   81684
  103121
  114589
  113604
   99686
   75105
   41976
    2427
  -40294
  -81683
 -117766
 -146343
 -165158
 -171749
 -164243
 -143914
 -113600
  -75760
  -33043
   10330
   49494
   81055
  102990
  113598
  111169
   95630
   69242
   34826
   -5265
  -47685
  -88185
 -123106
 -150769
 -169008
 -175279
 -168437
 -149582
 -120740
  -83971
  -41844
    1578
   41670
   75380
  101464
  117280
  120309
  109929
   87561
   55742
   16689
  -26706
  -70374
 -109943
 -142423
 -165856
 -177903
 -176852
 -163318
 -139198
 -106912
  -69433
  -30821
    5068
   35156
   57279
   70209
   71930
   61903
   41921
   14616
  -18265
  -53648
  -87326
 -116105
 -138283
 -152529
 -157397
 -151594
 -135917
 -112609
  -83454
  -50349
  -16130
   15518
   41268
   59545
   69608
   69923
   59760
   39706
   12216
  -20104
  -54803
  -88511
 -117403
 -139162
 -152791
 -157407
 -151744
 -135703
 -110655
  -79399
  -44974
   -9969
   21748
   46537
   62405
   68505
   64137
   48664
   23417
   -8602
  -44240
  -81208
 -116807
 -147427
 -169695
 -182868
 -187038
 -181088
 -164362
 -138661
 -107019
  -71899
  -35494
    -791
   28280
   49033
   61060
   64524
   58592
   42653
   18200
  -11609
  -43808
  -76301
 -106385
 -130914
 -147215
 -154781
 -153856
 -144474
 -126454
 -101578
  -72810
  -42727
  -14282
   10378
   28603
   38746
   40674
   34876
   21131
     421
  -25019
  -52181
  -78292
 -100817
 -117794
 -127461
 -129393
 -124974
 -114764
  -98793
  -78628
  -56810
  -35528
  -16225
    -208
   10137
   13524
   10090
     660
  -14962
  -36197
  -60300
  -84218
 -106309
 -124479
 -136264
 -139738
 -134969
 -123133
 -104895
  -80689
  -52105
  -22632
    4842
   28254
   45354
   53978
   53024
   43010
   25567
    1352
  -27765
  -58640
  -87776
 -113225
 -133504
 -146718
 -151269
 -147923
 -138598
 -123822
 -103467
  -79652
  -55505
  -32819
  -12718
    3124
   12349
   14242
   10280
    1323
  -12993
  -31887
  -53350
  -74955
  -95696
 -113750
 -126889
 -134096
 -135294
 -130232
 -118651
 -102082
  -82721
  -62053
  -41107
  -22604
   -9762
   -3017
   -1739
   -6729
  -17871
  -33505
  -51611
  -71031
  -90158
 -106786
 -118157
 -122840
 -121584
 -114981
 -103175
  -86976
  -68345
  -49553
  -32385
  -18031
   -7095
   -1124
   -1489
   -8194
  -19994
  -35465
  -53867
  -74643
  -96867
 -117937
 -135449
 -148638
 -156444
 -157695
 -151670
 -138955
 -121619
 -101073
  -77899
  -52847
  -28966
   -9483
    4404
   12374
   13509
    6901
   -6822
  -25713
  -47340
  -70482
  -93766
 -114784
 -130540
 -139661
 -142429
 -138913
 -129669
 -115549
  -97804
  -78480
  -59212
  -40584
  -23993
  -11834
   -5695
   -5414
  -10044
  -18640
  -31233
  -47129
  -64340
  -81271
  -97690
 -112771
 -124658
 -131622
 -133548
 -131274
 -125067
 -114793
 -101328
  -86808
  -72990
  -60368
  -49854
  -43930
  -43604
  -47841
  -55179
  -64981
  -77212
  -91038
 -104173
 -114973
 -123091
 -127530
 -126642
 -119943
 -108693
  -94798
  -79144
  -62636
  -46518
  -33070
  -23759
  -18926
  -18276
  -22540
  -32365
  -46346
  -62255
  -78765
  -95568
 -112093
 -126160
 -136263
 -142484
 -144597
 -141805
 -133689
 -121565
 -107205
  -91429
  -74541
  -57380
  -42618
  -32147
  -25952
  -24467
  -28943
  -39382
  -54129
  -71390
  -90612
 -110424
 -128609
 -142846
 -152533
 -157668
 -157255
 -150358
 -138785
 -124867
 -109313
  -92399
  -75264
  -60053
  -47933
  -39620
  -35331
  -35857
  -41247
  -49412
  -58523
  -69198
  -80899
  -92170
 -101352
 -108369
 -113536
 -116071
 -115150
 -111485
 -105979
  -98766
  -89805
  -80613
  -72198
  -65027
  -60060
  -59151
  -62698
  -69642
  -78801
  -89800
 -102226
 -114807
 -125716
 -134075
 -139802
 -141512
 -137994
 -129730
 -118600
 -105919
  -92353
  -78659
  -66414
  -57279
  -52007
  -50215
  -52305
  -58584
  -68033
  -79075
  -90631
 -102723
 -114574
 -125314
 -133104
 -137596
 -138914
 -136487
 -129795
 -119669
 -107420
  -93953
  -79779
  -65694
  -53029
  -42984
  -36383
  -33607
  -35938
  -43684
  -55767
  -70628
  -87790
 -106455
 -124615
 -139955
 -151892
 -159788
 -162483
 -159181
 -151394
 -141310
 -129229
 -115199
 -101116
  -88608
  -78150
  -70256
  -66559
  -67451
  -71969
  -78869
  -87176
  -96488
 -105967
 -113987
 -120417
 -125519
 -128805
 -129115
 -126285
 -121222
 -114455
 -105747
  -94808
  -83062
  -72150
  -62588
  -54531
  -49538
  -49083
  -52418
  -57986
  -65373
  -74892
  -86191
  -97831
 -108296
 -117723
 -125311
 -129171
 -128886
 -126319
 -122803
 -118437
 -112569
 -105831
  -98162
  -88279
  -75735
  -61637
  -46489
  -30255
  -14016
     355
   12053
   20738
   24430
   21566
   12916
   -1338
  -20872
  -44076
  -68356
  -91752
 -112330
 -127399
 -134551
 -132748
 -121479
 -101274
  -73591
  -41489
   -8890
   21159
   46483
   65606
   76308
   77306
   68753
   52529
   29527
     661
  -31135
  -62466
  -90912
 -115613
 -134514
 -145468
 -147317
 -140810
 -127219
 -107278
  -82385
  -55588
  -29594
   -5884
   14861
   29738
   36970
   36179
   27850
   11945
  -10384
  -36603
  -63902
  -90515
 -114597
 -133684
 -145734
 -150341
 -147629
 -137452
 -120453
  -99490
  -76858
  -53973
  -32016
  -13184
     697
    9754
   14329
   13557
    6390
   -6685
  -23784
  -43378
  -64638
  -86754
 -107019
 -122897
 -133954
 -138872
 -135922
 -125108
 -108769
  -88788
  -66239
  -42841
  -21796
   -6007
    2919
    4880
    -700
  -13259
  -30338
  -49594
  -70492
  -91632
 -110831
 -125738
 -135343
 -139709
 -139144
 -133197
 -121996
 -107242
  -89951
  -70407
  -50064
  -32091
  -18546
   -9846
   -6245
   -8998
  -18906
  -35287
  -55669
  -78547
 -101953
 -122512
 -137360
 -146322
 -148841
 -144342
 -133018
 -116755
  -97038
  -75820
  -54788
  -36419
  -22719
  -13909
   -9240
   -9707
  -16361
  -28677
  -44794
  -63636
  -84298
 -105222
 -124709
 -141086
 -153455
 -160741
 -161222
 -154111
 -140971
 -123081
 -101538
  -78124
  -55770
  -36455
  -22124
  -14304
  -14037
  -21076
  -33822
  -49934
  -68666
  -88853
 -108308
 -125614
 -140106
 -150427
 -155388
 -155761
 -151866
 -143326
 -130070
 -113155
  -93450
  -72103
  -51225
  -33759
  -20959
  -13111
  -11341
  -17283
  -30531
  -48778
  -70927
  -95348
 -118774
 -137535
 -150883
 -158866
 -160609
 -155524
 -144489
 -129312
 -112378
  -94600
  -77369
  -62932
  -52001
  -43822
  -39268
  -39907
  -45468
  -54767
  -67169
  -82317
  -99408
 -116945
 -132960
 -146848
 -157070
 -161599
 -159259
 -151181
 -138252
 -120931
 -100776
  -80231
  -61334
  -46206
  -36292
  -32838
  -36141
  -45110
  -57598
  -73147
  -91029
 -108951
 -124826
 -138205
 -148048
 -153149
 -153607
 -150155
 -142996
 -131819
 -116623
  -98732
  -80356
  -63167
  -48169
  -37240
  -31944
  -32538
  -39616
  -53225
  -72497
  -95322
 -118847
 -140379
 -158229
 -171578
 -179169
 -179546
 -173402
 -161702
 -145492
 -126326
 -105938
  -86694
  -70028
  -56258
  -45721
  -40444
  -41321
  -47611
  -58821
  -74676
  -93671
 -114247
 -134905
 -154254
 -170422
 -181332
 -184717
 -180232
 -169524
 -153696
 -133568
 -110934
  -88383
  -68087
  -51976
  -41712
  -38563
  -42257
  -51472
  -64157
  -79947
  -98167
 -116690
 -133753
 -148668
 -160482
 -168318
 -172169
 -171779
 -167076
 -157994
 -144423
 -127394
 -109237
  -91409
  -75133
  -62783
  -55702
  -54249
  -58441
  -68203
  -82945
 -100696
 -119359
 -137416
 -153263
 -165574
 -172793
 -174576
 -171306
 -163012
 -150265
 -135042
 -119165
 -103435
  -88272
  -74784
  -64050
  -57406
  -54906
  -56640
  -63576
  -75071
  -89630
 -106139
 -124173
 -142108
 -157572
 -168715
 -175022
 -175651
 -169954
 -158103
 -141993
 -123816
 -104879
  -86331
  -70325
  -58805
  -52504
  -51428
  -56071
  -66583
  -81866
  -99765
 -118452
 -137792
 -156491
 -171631
 -181448
 -185738
 -184069
 -175391
 -159926
 -139973
 -117515
  -93949
  -70723
  -50768
  -36604
  -28961
  -28020
  -34112
  -47382
  -66354
  -87815
 -109819
 -131844
 -152308
 -168542
 -179427
 -184802
 -183722
 -175494
 -161115
 -143014
 -123133
 -102395
  -82309
  -65553
  -53290
  -45711
  -43379
  -47360
  -57782
  -73092
  -91265
 -111384
 -131853
 -149780
 -163222
 -172358
 -176784
 -175664
 -168171
 -155283
 -138757
 -119771
  -99622
  -80397
  -64459
  -53068
  -46377
  -44957
  -49868
  -60733
  -76422
  -96101
 -118346
 -141067
 -161785
 -177815
 -188196
 -192730
 -190834
 -182206
 -167656
 -149288
 -128402
 -106032
  -84354
  -65966
  -52303
  -43596
  -40758
  -44288
  -53046
  -66126
  -82654
 -101989
 -122225
 -140882
 -156291
 -168191
 -176004
 -178283
 -174355
 -165507
 -152596
 -136395
 -118200
 -100620
  -85111
  -72208
  -63125
  -59559
  -62078
  -69829
  -81703
  -96958
 -114746
 -134446
 -154076
 -172003
 -186541
 -195579
 -198254
 -194949
 -186122
 -171876
 -153010
 -131452
 -108772
  -86322
  -65794
  -49078
  -38270
  -34357
  -37473
  -47646
  -64452
  -86242
 -110466
 -135518
 -159753
 -180486
 -195385
 -203347
 -204328
 -198729
 -187090
 -170347
 -150667
 -129610
 -108322
  -89039
  -73978
  -64145
  -59666
  -61046
  -68549
  -80727
  -95920
 -113000
 -131455
 -150256
 -167618
 -181723
 -191378
 -195799
 -193820
 -185020
 -170631
 -152078
 -130949
 -109122
  -85523
  -66141
  -50615
  -38286
  -35234
  -41918
  -56532
  -76630
 -100564
 -125427
 -149025
 -170800
 -188552
 -200848
 -205873
 -202706
 -192513
 -176513
 -155611
 -131278
 -106548
  -83681
  -63874
  -49129
  -41377
  -41134
  -45546
  -51768
  -62816
  -80196
 -101724
 -123199
 -143647
 -161562
 -174926
 -183012
 -185993
 -183471
 -175130
 -161708
 -145161
 -126197
 -105820
  -86276
  -69967
  -58397
  -52197
  -52042
  -58764
  -71233
  -87679
 -107529
 -129664
 -152012
 -171988
 -188329
 -199950
 -205985
 -206357
 -201585
 -191409
 -176026
 -156904
 -136288
 -115653
  -96238
  -80039
  -68999
  -63305
  -61895
  -65372
  -73742
  -85686
 -100044
 -116256
 -132961
 -148824
 -161965
 -172072
 -178713
 -180853
 -178083
 -171240
 -161140
 -148024
 -133374
 -119903
 -109111
 -101128
  -96735
  -96911
 -101268
 -108772
 -119265
 -132273
 -146506
 -160190
 -171709
 -179517
 -182815
 -181462
 -175770
 -166318
 -153791
 -138825
 -123683
 -109830
  -97797
  -88540
  -83698
  -83444
  -86997
  -94261
 -105226
 -119008
 -134554
 -150548
 -165943
 -179208
 -188472
 -193357
 -193809
 -189355
 -180192
 -167553
 -152335
 -134814
 -116881
 -100988
  -88389
  -79764
  -76505
  -78868
  -86053
  -97580
 -112926
 -130029
 -147279
 -164082
 -178702
 -189397
 -196019
 -198631
 -188782
 -166812
 -148943
 -134495
 -120950
 -110348
 -102833
 -100225
 -101457
 -106546
 -115251
 -124940
 -135251
 -146254
 -156509
 -165252
 -167103
 -160006
 -146272
 -126018
 -103221
  -82529
  -75758
  -94183
 -117630
 -132742
 -142967
 -147738
 -146718
 -141038
 -135669
 -139759
 -151742
 -166592
 -182578
 -171592
 -196517
 -241770
 -275201
 -295663
 -301353
 -295482
 -286261
 -280184
 -273989
 -264523
 -251794
 -236131
 -216524
 -190545
 -158323
 -121497
  -85273
  -55809
  -32784
  -17383
  -11699
  -14297
  -25257
  -44205
  -68485
  -95294
 -122389
 -144661
 -154319
 -153406
 -147973
 -137421
 -127243
 -119721
 -113974
 -109121
 -104153
 -102872
 -105292
 -106351
 -104362
 -101354
  -99570
 -100161
 -100986
  -99472
  -97783
  -96430
  -95381
  -96558
  -99630
 -103620
 -107830
 -112201
 -116411
 -119546
 -121435
 -122704
 -122653
 -120141
 -114887
 -108167
 -100359
  -91650
  -83138
  -76192
  -71068
  -67421
  -65769
  -67074
  -70717
  -75602
  -81630
  -89102
  -97144
 -104555
 -110945
 -117301
 -122857
 -126176
 -126939
 -125888
 -123113
 -117920
 -110846
 -103392
  -96039
  -88323
  -80021
  -72809
  -67858
  -65441
  -65474
  -68507
  -74518
  -82825
  -92335
 -102766
 -113462
 -122941
 -129840
 -134303
 -136153
 -133998
 -126219
 -116935
 -109592
 -104825
 -101040
  -96486
  -91627
  -87124
  -82915
  -79571
  -77649
  -76701
  -75410
  -73662
  -72377
  -71944
  -71818
  -71928
  -73211
  -75835
  -78606
  -81155
  -84261
  -88054
  -91576
  -94038
  -95862
  -97910
  -99701
 -101084
 -103341
 -106233
 -108780
 -110466
 -111430
 -111941
 -111584
 -109749
 -107060
 -103995
  -99852
  -93848
  -87433
  -81520
  -76074
  -71137
  -67944
  -67189
  -68296
  -70579
  -74686
  -81018
  -88399
  -95426
 -101553
 -107390
 -113029
 -116839
 -117710
 -115791
 -111460
 -104332
  -94341
  -82430
  -69543
  -57006
  -45394
  -36473
  -31879
  -31941
  -35801
  -43269
  -54409
  -68116
  -82611
  -96832
 -111261
 -124812
 -135358
 -141316
 -142839
 -140451
 -134514
 -124415
 -110099
  -93918
  -77548
  -61725
  -47983
  -38331
  -33371
  -32879
  -36788
  -45634
  -58490
  -73605
  -89986
 -107208
 -123351
 -136034
 -143739
 -146315
 -143622
 -135069
 -120178
 -100851
  -79478
  -57693
  -36948
  -19903
   -8155
   -1998
   -1540
   -7668
  -20173
  -37387
  -57635
  -80492
 -104151
 -125794
 -142689
 -153635
 -158401
 -155830
 -145108
 -127386
 -105472
  -81759
  -58172
  -36501
  -19626
   -9991
   -8001
  -12696
  -23985
  -40894
  -60800
  -81200
 -101167
 -119474
 -134168
 -143248
 -146408
 -144471
 -138224
 -127454
 -112936
  -96374
  -78705
  -59845
  -42150
  -27830
  -17808
  -12353
  -12249
  -17887
  -28991
  -44754
  -63971
  -84857
 -104792
 -120736
 -131544
 -137079
 -136489
 -129400
 -117240
 -101255
  -82549
  -63316
  -45835
  -31500
  -21101
  -14822
  -12655
  -15218
  -22564
  -33790
  -48345
  -65315
  -82839
  -99448
 -115035
 -128708
 -138702
 -143539
 -141988
 -134460
 -122173
 -105766
  -86400
  -66678
  -48799
  -33861
  -23356
  -18973
  -20831
  -27862
  -38570
  -51803
  -66550
  -81349
  -94655
 -106063
 -114815
 -119542
 -119564
 -116288
 -110382
 -101719
  -90275
  -76728
  -62214
  -48018
  -35206
  -25317
  -20015
  -19443
  -23236
  -31990
  -46067
  -63594
  -82136
  -99760
 -114837
 -125924
 -131892
 -132328
 -128077
 -119691
 -107534
  -92699
  -78017
  -64840
  -53325
  -44455
  -39501
  -37507
  -38309
  -42119
  -49580
  -59856
  -71651
  -83923
  -96648
 -109497
 -120395
 -127824
 -131764
 -130990
 -124364
 -112807
  -98289
  -82315
  -65600
  -48653
  -34105
  -24639
  -20727
  -21404
  -26787
  -36481
  -48351
  -60736
  -72919
  -84667
  -94804
 -101924
 -105413
 -105788
 -103381
  -96806
  -85874
  -72080
  -55384
  -35708
  -14549
    5179
   21279
   32724
   38720
   37718
   28258
   11086
  -11639
  -38664
  -67812
  -95585
 -119086
 -136843
 -148103
 -152001
 -147373
 -134949
 -116957
  -95788
  -72447
  -48395
  -26263
   -7382
    8309
   19622
   24687
   22542
   13822
    -203
  -18766
  -41153
  -65584
  -88793
 -108875
 -124041
 -132124
 -131417
 -122671
 -107605
  -87271
  -63132
  -37792
  -13827
    6369
   20594
   27577
   27137
   19564
    5426
  -13760
  -37094
  -62617
  -87689
 -110062
 -128653
 -142608
 -150876
 -151978
 -146503
 -135242
 -117688
  -94103
  -67365
  -40661
  -16309
    3929
   18119
   24574
   21871
   10588
   -7669
  -31864
  -59226
  -85655
 -108474
 -126759
 -139285
 -144328
 -141151
 -130982
 -115035
  -94830
  -71546
  -47776
  -25602
   -5779
   11022
   22490
   27063
   24612
   15752
     556
  -20097
  -44680
  -70841
  -96334
 -119571
 -138466
 -149907
 -152558
 -147451
 -135423
 -116988
  -93556
  -67967
  -43069
  -21661
   -4931
    5529
    8498
    4412
   -4971
  -19028
  -37463
  -58556
  -79996
  -99990
 -117448
 -131398
 -140630
 -143617
 -140772
 -132046
 -116803
  -95579
  -71084
  -45759
  -21296
     709
   17779
   28156
   30376
   24856
   11868
   -7854
  -31811
  -56599
  -80501
 -102285
 -119791
 -131108
 -135657
 -133829
 -126137
 -113517
  -96802
  -78074
  -58688
  -39071
  -20193
   -5009
    5017
    9157
    7129
   -1442
  -16278
  -36660
  -60538
  -85922
 -110808
 -132319
 -147220
 -154106
 -153505
 -145523
 -130296
 -109224
  -84700
  -59230
  -35210
  -14205
    1737
   11538
   15277
   13435
    5630
   -7764
  -25501
  -45870
  -67563
  -88799
 -107999
 -123413
 -134138
 -139206
 -137379
 -127772
 -111276
  -90090
  -66086
  -40804
  -17206
    2199
   15606
   21308
   18292
    6716
  -11790
  -34603
  -59402
  -84657
 -108238
 -127723
 -141951
 -150330
 -151896
 -146568
 -135692
 -120770
 -102782
  -82772
  -61694
  -41621
  -24781
  -11959
   -4003
   -2688
   -8047
  -19292
  -35622
  -56286
  -79146
 -101369
 -120468
 -134541
 -142505
 -143180
 -136279
 -123251
 -105349
  -83872
  -60504
  -38490
  -19875
   -5670
    3420
    6819
    4720
   -2688
  -14496
  -30290
  -49689
  -70718
  -91076
 -109560
 -125892
 -138672
 -145973
 -146598
 -140370
 -128434
 -111844
  -91561
  -69422
  -48015
  -29254
  -14743
   -6109
   -4602
  -10835
  -23625
  -40709
  -60865
  -82839
 -103629
 -120606
 -132294
 -138372
 -138654
 -132634
 -120304
 -103554
  -84293
  -63843
  -43163
  -24209
   -9954
   -2002
     -53
   -4105
  -14373
  -29829
  -48673
  -69077
  -89344
 -106981
 -120495
 -128530
 -130998
 -128528
 -121077
 -108651
  -92890
  -75616
  -57922
  -40655
  -26117
  -16793
  -13292
  -15162
  -22524
  -35194
  -51669
  -69877
  -88290
 -105101
 -118937
 -128381
 -132518
 -131631
 -126075
 -115928
 -101794
  -85478
  -68619
  -52332
  -37519
  -26516
  -21465
  -21978
  -27084
  -36493
  -49618
  -65059
  -80745
  -94481
 -105424
 -112818
 -115587
 -113136
 -106332
  -95849
  -82306
  -66539
  -50694
  -36161
  -23755
  -14773
  -11443
  -13850
  -21072
  -32317
  -47245
  -64537
  -82354
  -98477
 -111464
 -120821
 -125502
 -124799
 -119452
 -110360
  -98008
  -83251
  -67951
  -53746
  -41482
  -32008
  -27718
  -29408
  -35745
  -45405
  -57837
  -72613
  -88072
 -101819
 -111890
 -117980
 -119960
 -117301
 -110272
 -100356
  -87954
  -73340
  -58227
  -44647
  -33394
  -24772
  -20327
  -21548
  -27588
  -37225
  -49852
  -65008
  -81175
  -96186
 -108264
 -116648
 -120761
 -119834
 -114172
 -104897
  -92522
  -77800
  -62116
  -47390
  -35108
  -25894
  -20991
  -22252
  -29417
  -41132
  -55776
  -72701
  -90781
 -108166
 -122330
 -131765
 -136476
 -136036
 -130184
 -119766
 -106180
  -90307
  -72975
  -55711
  -40448
  -28455
  -20426
  -17938
  -21822
  -31142
  -44347
  -60318
  -77856
  -95224
 -110380
 -121249
 -127374
 -128203
 -123318
 -113735
 -100581
  -84828
  -67488
  -50088
  -34921
  -23326
  -15964
  -13703
  -17786
  -27908
  -42123
  -59092
  -77743
  -96435
 -113276
 -125588
 -132594
 -134410
 -130839
 -121872
 -108673
  -92912
  -75805
  -58474
  -42982
  -31231
  -23980
  -21586
  -24973
  -34552
  -49164
  -66733
  -85318
 -103814
 -120891
 -133983
 -140824
 -141694
 -137196
 -127500
 -112568
  -93779
  -73690
  -54125
  -36415
  -21725
  -11620
   -7430
   -9867
  -18468
  -32701
  -51291
  -72032
  -92324
 -111024
 -126993
 -137477
 -141083
 -137901
 -128926
 -115072
  -97302
  -76923
  -56453
  -38056
  -22786
  -11546
   -5971
   -7760
  -16881
  -31435
  -50293
  -72268
  -95201
 -116895
 -135233
 -148453
 -155225
 -155014
 -147926
 -135130
 -117629
  -96340
  -72557
  -49202
  -29010
  -13562
   -3586
    -617
   -6309
  -19529
  -37979
  -59810
  -83866
 -108066
 -129291
 -145010
 -153773
 -154871
 -147912
 -133587
 -113899
  -90425
  -64578
  -38613
  -15583
    2785
   15602
   21401
   18025
    5964
  -12786
  -36634
  -64124
  -92611
 -118868
 -140759
 -156209
 -163626
 -162282
 -152828
 -136574
 -114942
  -89434
  -62965
  -38099
  -16192
    1110
   11524
   13477
    6897
   -6902
  -27165
  -52173
  -79252
 -105626
 -129390
 -147939
 -158762
 -161043
 -155359
 -142331
 -122708
  -97794
  -70477
  -42835
  -16967
    5087
   20862
   28271
   26468
   16447
   -1281
  -25665
  -54185
  -83659
 -112079
 -136912
 -154973
 -164596
 -165591
 -158594
 -144140
 -123151
  -97661
  -70435
  -43750
  -19473
     190
   12421
   15608
   10259
   -2513
  -22541
  -48241
  -76793
 -105406
 -132125
 -153782
 -168081
 -173914
 -171533
 -161221
 -143305
 -118974
  -90940
  -62151
  -34559
   -9951
    8982
   19507
   20322
   12382
   -3256
  -25870
  -53227
  -82194
 -109858
 -133560
 -151451
 -162020
 -164067
 -157868
 -144380
 -124963
 -100847
  -73953
  -47429
  -23654
   -4328
    8945
   13590
    9036
   -3794
  -23145
  -47670
  -75758
 -104878
 -131532
 -152827
 -167831
 -175549
 -174693
 -165196
 -149040
 -127796
 -102496
  -74914
  -47964
  -24664
   -6661
    4747
    7901
    2005
  -12187
  -32785
  -57333
  -84124
 -111214
 -135827
 -155087
 -167621
 -173097
 -170572
 -158826
 -138454
 -112370
  -83182
  -53105
  -24797
   -1587
   15060
   24146
   25011
   15945
   -2559
  -26384
  -52979
  -79366
 -102972
 -120889
 -132180
 -134083
 -124811
 -103979
  -72547
  -34075
    6428
   45241
   79640
  107356
  125179
  130495
  125648
  109841
   81160
   38746
   -7708
  -45578
  -77852
 -106242
 -129349
 -139455
 -134256
 -115550
  -88138
  -53085
  -10929
   35132
   79823
  120362
  156020
  184821
  203588
  210771
  204336
  181987
  142641
   87754
   21336
  -50606
 -120633
 -181994
 -230091
 -260538
 -270371
 -260256
 -232148
 -187541
 -129330
  -62217
    8087
   75783
  134785
  181365
  213931
  231987
  235455
  225364
  203191
  170343
  129116
   82769
   35468
  -10465
  -51682
  -84026
 -104908
 -113755
 -109972
  -93469
  -66228
  -31002
    9774
   53218
   94742
  130179
  156714
  171817
  171751
  155285
  124475
   82871
   35019
  -12944
  -54763
  -86192
 -103655
 -104028
  -86547
  -53237
   -6873
   48392
  107138
  163583
  212519
  249503
  270141
  271699
  254297
  219783
  170133
  109121
   42497
  -23243
  -83536
 -135691
 -178085
 -208743
 -226007
 -226485
 -206649
 -165873
 -107086
  -34816
   45199
  124802
  196831
  256137
  298635
  320305
  319577
  297714
  257543
  202051
  136038
   65814
   -2690
  -64383
 -113429
 -144448
 -155736
 -147421
 -120446
  -77110
  -21692
   41885
  110112
  177185
  236647
  283081
  311516
  317622
  300700
  266699
  219129
  159704
   94394
   29541
  -27616
  -73621
 -103567
 -114275
 -106168
  -80046
  -37504
   17423
   78848
  141663
  201444
  253385
  292921
  317661
  325277
  314068
  284907
  242224
  191008
  134102
   74832
   18758
  -29659
  -66840
  -90956
 -100482
  -94383
  -73885
  -40928
    2166
   52042
  103611
  152023
  193194
  223893
  241256
  244967
  236178
  216438
  187776
  152643
  114290
   75551
   39477
   10010
  -10027
  -19685
  -18913
   -7559
   13550
   41485
   73037
  105807
  137348
  165286
  187123
  201119
  206523
  201735
  186605
  162566
  132099
   96692
   58689
   21388
  -11578
  -37842
  -55779
  -63341
  -59127
  -44046
  -19943
   11773
   49129
   88643
  125997
  157726
  180773
  193064
  193196
  181495
  159540
  128932
   92177
   53257
   16317
  -15816
  -40976
  -56806
  -61232
  -53845
  -35115
   -6823
   28561
   67677
  106077
  140572
  168987
  188663
  196890
  192987
  177978
  153397
  120391
   81426
   40254
     496
  -35244
  -64039
  -81995
  -85552
  -74157
  -49063
  -12980
   31137
   79073
  126236
  169146
  204503
  228984
  239221
  234469
  215596
  184265
  142540
   93410
   41740
   -6736
  -48356
  -80477
 -100315
 -105823
  -97147
  -75905
  -44130
   -4024
   40458
   84970
  126010
  160809
  185729
  198016
  197722
  185750
  162985
  131674
   94996
   56414
   18721
  -15373
  -43992
  -66491
  -83079
  -92032
  -91469
  -82404
  -67265
  -48873
  -30415
  -15675
   -6230
    -839
    2961
    6421
   11889
   20496
   31415
   43051
   54571
   65838
   75986
   83369
   87992
   90524
   90860
   88019
   82373
   74999
   66076
   55344
   43775
   33338
   24434
   16679
   10943
    8049
    6866
    6413
    7306
   10757
   16350
   22923
   30514
   39304
   48196
   55636
   61063
   64654
   66328
   65276
   62207
   58822
   55586
   51604
   46753
   42291
   39133
   36790
   35236
   35025
   36458
   38994
   41916
   45030
   48492
   51676
   53566
   54423
   54796
   53933
   51336
   47756
   43962
   38375
   31231
   23917
   17728
   12334
    8060
    5919
    6507
    9102
   13124
   19096
   27139
   35891
   44392
   53234
   61971
   69008
   73001
   73593
   71539
   66696
   58810
   48636
   37676
   26389
   15303
    5678
   -1112
   -4941
   -5879
   -3878
    1792
   10429
   20582
   31392
   42334
   51986
   58721
   62629
   64334
   64910
   64755
   63506
   60664
   56700
   52612
   48823
   45177
   42242
   41500
   44418
   51233
   60029
   69602
   79591
   89345
   97357
  101682
  101992
   99172
   93559
   85061
   73720
   60837
   48229
   36888
   26854
   18707
   13885
   13092
   15760
   20953
   27929
   35830
   43995
   51496
   57768
   62982
   67095
   69379
   69526
   68246
   66344
   63457
   58931
   53543
   48801
   45942
   44490
   43749
   44204
   46362
   49330
   52222
   55478
   59519
   63516
   66245
   67441
   67430
   66437
   63841
   59546
   54713
   50251
   45683
   40649
   35939
   32653
   29963
   26519
   22995
   20634
   19969
   20143
   21085
   23781
   28254
   33240
   38227
   43452
   48680
   52747
   55634
   58647
   61594
   63348
   63374
   62176
   60325
   57277
   53012
   48567
   44632
   40540
   36491
   33634
   32788
   33432
   34946
   37679
   41948
   46895
   51526
   55496
   58760
   60159
   58647
   54459
   48606
   42140
   35180
   27681
   20258
   13943
    9903
    8213
    7853
    8764
   11752
   17240
   24310
   31009
   36780
   42024
   46365
   49434
   51202
   52359
   53906
   56009
   58372
   61020
   64873
   70826
   78250
   85602
   91658
   96278
   99648
  101083
   99326
   93618
   84419
   73233
   60372
   46660
   33707
   23160
   15506
   10999
    9784
   12459
   18057
   25812
   35274
   46873
   60071
   72820
   83667
   92156
   98338
  101380
   99928
   94167
   85619
   75367
   62940
   49209
   36015
   24693
   15730
    9380
    6566
    8080
   13371
   21179
   31153
   42859
   54166
   63612
   71132
   76382
   78303
   76864
   72756
   66655
   58403
   48682
   39180
   30797
   23572
   17919
   15127
   16654
   22157
   30468
   40512
   51607
   63556
   74583
   83024
   88464
   91029
   90018
   84760
   75934
   64978
   52344
   38660
   25371
   13970
    4878
   -1141
   -3279
   -1722
    1745
    7278
   15276
   24943
   34738
   44319
   53387
   60418
   64670
   66203
   65187
   61040
   54372
   46618
   39175
   31972
   25480
   20817
   17900
   16559
   17439
   20726
   25196
   30495
   36546
   42958
   48508
   52639
   55459
   56891
   56268
   53730
   50100
   45753
   40027
   33518
   26581
   19105
   11524
    4962
     598
   -1295
   -1122
    1148
    5731
   11720
   18188
   24956
   32220
   39154
   45352
   50954
   55395
   57434
   56569
   53323
   48223
   41107
   32483
   23418
   14974
    6940
     206
   -4185
   -5787
   -5035
   -1709
    4368
   12577
   21459
   30579
   40055
   48000
   52259
   53129
   51449
   46916
   39516
   30378
   20647
   10526
     349
   -8720
  -15276
  -19088
  -20348
  -18506
  -12123
   -2255
    9437
   22291
   35930
   48511
   58105
   63975
   66206
   64250
   57889
   47835
   35334
   20770
    4863
  -10581
  -23452
  -33293
  -40028
  -42793
  -40601
  -34015
  -24330
  -12607
     509
   13294
   24665
   34348
   41977
   46267
   46691
   43945
   38358
   29769
   19034
    7687
   -3341
  -13437
  -21854
  -27467
  -29116
  -26848
  -21084
  -12026
    -943
   10589
   21824
   32473
   41243
   46512
   48214
   46974
   42391
   34336
   23825
   12064
    -584
  -13392
  -24802
  -33391
  -39212
  -41856
  -40529
  -35296
  -27564
  -17919
   -6425
    5397
   15241
   22602
   27393
   29271
   27602
   22911
   16422
    8681
    -368
   -9571
  -17518
  -23813
  -28664
  -31339
  -31175
  -28591
  -24164
  -17166
   -7245
    3762
   14530
   24724
   33779
   40418
   43751
   43871
   40904
   34136
   24151
   12491
    -192
  -13231
  -25053
  -34487
  -41689
  -45986
  -46431
  -43506
  -38217
  -30560
  -20798
  -10239
     253
   10477
   18702
   23091
   23928
   21609
   15596
    6286
   -4841
  -16978
  -29458
  -40740
  -49448
  -55252
  -57908
  -56540
  -50753
  -41523
  -29795
  -16101
    -276
   16047
   30566
   42105
   50071
   53282
   50982
   43777
   32775
   18392
    1325
  -16517
  -32962
  -46921
  -57775
  -64448
  -65728
  -62081
  -54479
  -43510
  -29719
  -14719
    -346
   12700
   23752
   31240
   34100
   31990
   24795
   12887
   -2984
  -20931
  -38858
  -55851
  -70944
  -82222
  -88203
  -89019
  -84888
  -75710
  -61786
  -44818
  -26607
   -8136
    9815
   25990
   38785
   47274
   50982
   48893
   41111
   29046
   13863
   -3809
  -22657
  -40724
  -56123
  -68224
  -76128
  -78805
  -75820
  -68329
  -56895
  -41872
  -24535
   -7454
    8016
   21028
   30791
   35690
   34816
   28772
   17654
     778
  -20277
  -42746
  -64391
  -84120
 -100262
 -110724
 -114094
 -110859
 -101427
  -85910
  -65408
  -42332
  -18465
    4319
   24264
   39690
   50176
   55380
   54244
   46226
   31975
   13205
   -8594
  -32312
  -55735
  -76293
  -92502
 -103504
 -108263
 -106046
  -96938
  -82418
  -63490
  -41014
  -16938
    5907
   25721
   41304
   51170
   53855
   49412
   38572
   22038
    -164
  -26350
  -53304
  -78948
 -101659
 -119146
 -129292
 -131749
 -127075
 -115245
  -96775
  -73757
  -48575
  -22828
    1956
   23335
   39175
   48815
   52906
   50353
   40360
   24209
    3863
  -19536
  -44442
  -68635
  -89411
 -105358
 -115495
 -118321
 -113086
 -100861
  -83459
  -61947
  -37487
  -12910
    8932
   26521
   38994
   44863
   43159
   34651
   20624
    1617
  -21299
  -46480
  -71370
  -94066
 -113027
 -126056
 -131443
 -129066
 -119951
 -104820
  -84233
  -60624
  -36412
  -13328
    7023
   22400
   31417
   33839
   30495
   21780
    7829
   -9870
  -29425
  -49827
  -69942
  -87594
 -100964
 -109607
 -112826
 -109660
 -100255
  -86045
  -68228
  -47920
  -27058
   -7997
    7686
   19326
   26117
   26898
   21516
   10991
   -3864
  -22714
  -43607
  -64057
  -82879
  -99886
 -113210
 -120956
 -122672
 -118903
 -109864
  -95656
  -77469
  -57340
  -36819
  -17540
   -1623
    9523
   15279
   15885
   11540
    1712
  -12972
  -30702
  -49442
  -68321
  -85867
 -100207
 -109660
 -114107
 -113302
 -106614
  -94195
  -77666
  -58414
  -37869
  -17509
     320
   13668
   21804
   24310
   20490
   10245
   -4648
  -22215
  -42043
  -62950
  -82677
  -98793
 -110727
 -117844
 -119142
 -114283
 -104405
  -90684
  -73848
  -55081
  -36455
  -19907
   -6538
    3038
    7441
    5817
   -1045
  -11919
  -26001
  -42517
  -59670
  -75750
  -89706
 -100892
 -108479
 -111508
 -110464
 -105564
  -96549
  -83795
  -68801
  -53306
  -38739
  -25870
  -15468
   -9181
   -7471
   -9763
  -15746
  -25544
  -38501
  -52804
  -66854
  -79459
  -89471
  -96027
  -98517
  -97300
  -92760
  -84996
  -74789
  -63417
  -51680
  -40087
  -29910
  -22590
  -18309
  -16749
  -18506
  -23685
  -31544
  -41384
  -52749
  -64562
  -75594
  -84839
  -92184
  -97165
  -98915
  -97127
  -92715
  -85905
  -76638
  -65468
  -54284
  -44125
  -35032
  -27639
  -23264
  -22650
  -25410
  -31202
  -40848
  -53698
  -67874
  -81310
  -93315
 -103163
 -109240
 -110412
 -107345
 -100769
  -91015
  -78399
  -64664
  -51276
  -38726
  -27364
  -18193
  -11768
   -7491
   -4834
   -4453
   -6175
   -9445
  -13609
  -18763
  -24616
  -30061
  -33948
  -36796
  -38834
  -39856
  -40152
  -40393
  -40679
  -40705
  -40707
  -41571
  -43144
  -44750
  -46528
  -48889
  -51334
  -53146
  -54524
  -55669
  -56046
  -55323
  -53180
  -49876
  -45669
  -40548
  -35479
  -30831
  -26626
  -22865
  -20542
  -20128
  -20843
  -22569
  -26008
  -30494
  -35058
  -39290
  -43422
  -46979
  -49134
  -49790
  -49718
  -49000
  -47195
  -45338
  -44885
  -45218
  -45914
  -47350
  -49556
  -51985
  -54015
  -56113
  -58614
  -60852
  -62180
  -62664
  -62845
  -62646
  -61476
  -59559
  -57548
  -55297
  -52480
  -49687
  -47598
  -46333
  -45550
  -45372
  -46369
  -48092
  -49321
  -50161
  -51343
  -52393
  -52754
  -52826
  -52769
  -52136
  -50288
  -47859
  -45257
  -42165
  -38386
  -34749
  -32247
  -30493
  -29664
  -30414
  -32726
  -35956
  -39450
  -43844
  -48815
  -53612
  -57603
  -60825
  -63340
  -64682
  -64675
  -63971
  -62970
  -61458
  -59281
