  -64560
  -69279
  -72911
  -73734
  -72277
  -69984
  -66927
  -61985
  -56639
  -52362
  -48815
  -46079
  -45369
  -46744
  -49011
  -51918
  -56728
  -62274
  -66555
  -69509
  -72023
  -73551
  -72495
  -69460
  -65701
  -60763
  -53667
  -45601
  -38127
  -31579
  -25120
  -19762
  -17218
  -17330
  -18616
  -21262
  -26195
  -32379
  -38171
  -43081
  -47901
  -52015
  -54109
  -55031
  -55996
  -56581
  -55605
  -53681
  -52597
  -52318
  -51698
  -51528
  -53047
  -55591
  -57293
  -58417
  -60611
  -63354
  -64155
  -62947
  -61423
  -59686
  -56456
  -52657
  -50053
  -48387
  -46597
  -45508
  -46706
  -49357
  -51845
  -54972
  -59346
  -63734
  -66721
  -68433
  -69888
  -70598
  -69340
  -66659
  -64796
  -64838
  -65183
  -65449
  -67582
  -69471
  -68355
  -64895
  -61267
  -60312
  -63667
  -69579
  -76853
  -83722
  -87219
  -87871
  -86741
  -82916
  -76367
  -68956
  -62511
  -55153
  -39259
  -21637
  -15750
  -22914
  -32598
  -41906
  -52243
  -61936
  -70563
  -79001
  -86847
  -92808
  -96305
  -96194
  -89450
  -70295
  -37610
   -4378
   20596
   26945
   17675
    -229
  -23629
  -50120
  -78511
 -109676
 -136336
 -153388
 -161497
 -161128
 -155500
 -143130
 -122029
  -96796
  -72298
  -51779
  -37132
  -28561
  -24816
  -24437
  -27210
  -34239
  -44299
  -54481
  -59196
  -58535
  -61120
  -69706
  -79056
  -87922
  -94721
 -100186
 -101918
  -98971
  -94256
  -87654
  -77804
  -65699
  -55377
  -48628
  -45105
  -44537
  -47826
  -53962
  -61243
  -69881
  -79486
  -88274
  -94061
  -97564
  -99297
  -98466
  -94331
  -88216
  -81802
  -75484
  -69459
  -65325
  -63656
  -64074
  -65490
  -68928
  -74269
  -79524
  -83846
  -87990
  -92094
  -94736
  -94966
  -94592
  -93418
  -90588
  -86018
  -81341
  -77286
  -73153
  -68878
  -65985
  -65396
  -67033
  -69527
  -73434
  -78780
  -84363
  -89051
  -93450
  -97627
 -100268
 -100509
  -99493
  -97920
  -95200
  -91144
  -87374
  -84646
  -82217
  -80010
  -79666
  -80875
  -81944
  -82261
  -83450
  -85570
  -87374
  -88610
  -90301
  -92328
  -93671
  -93975
  -94679
  -95521
  -95227
  -93501
  -91818
  -90778
  -89895
  -89196
  -89670
  -90791
  -91427
  -91083
  -90347
  -88675
  -84293
  -77013
  -68894
  -60516
  -51338
  -42151
  -35494
  -31417
  -29095
  -29114
  -32611
  -38822
  -45810
  -53052
  -61603
  -70808
  -78987
  -84919
  -89415
  -92330
  -92790
  -90518
  -87003
  -83664
  -79443
  -73744
  -69042
  -66780
  -66579
  -67459
  -70143
  -75426
  -81741
  -86953
  -91456
  -95640
  -98411
  -98174
  -95896
  -92745
  -88083
  -81878
  -75767
  -71076
  -67464
  -64417
  -63253
  -64865
  -68048
  -71758
  -77015
  -83869
  -90566
  -95717
 -100178
 -104033
 -105677
 -104388
 -101681
  -98165
  -93176
  -86740
  -80961
  -76344
  -72666
  -70278
  -70390
  -73198
  -77164
  -81116
  -85642
  -90692
  -95150
  -98126
 -100230
 -101740
 -101665
  -99196
  -96037
  -93163
  -90171
  -86630
  -84328
  -84366
  -85531
  -86733
  -89030
  -92510
  -95751
  -97739
  -99186
 -100984
 -101998
 -101245
  -99986
  -99139
  -98179
  -96042
  -94179
  -93581
  -93364
  -92947
  -93658
  -96310
  -99682
 -102189
 -104556
 -106920
 -107961
 -107467
 -106825
 -106089
 -104464
 -102055
 -100475
  -99612
  -98746
  -97841
  -98059
  -99099
  -99539
  -99855
 -101472
 -103499
 -104253
 -104225
 -104654
 -105087
 -104190
 -103122
 -103976
 -106507
 -108665
 -110028
 -110131
 -107656
 -103323
  -99439
  -97100
  -95778
  -95364
  -96840
  -99620
 -102708
 -106701
 -110920
 -113862
 -116049
 -117918
 -118417
 -117163
 -115298
 -112783
 -109059
 -104959
 -101690
  -99199
  -96867
  -95785
  -96545
  -98414
 -100665
 -104153
 -108667
 -112409
 -114669
 -117056
 -119519
 -120666
 -120175
 -119124
 -117891
 -115394
 -111653
 -108504
 -106500
 -104704
 -103572
 -104208
 -106314
 -108438
 -110503
 -113388
 -116426
 -118138
 -118750
 -119523
 -120175
 -119731
 -118470
 -117656
 -117019
 -115420
 -113569
 -112925
 -112949
 -112444
 -111882
 -112290
 -113387
 -114211
 -115243
 -117273
 -118997
 -119336
 -119818
 -120933
 -121817
 -121432
 -120341
 -119589
 -119034
 -117089
 -115075
 -114388
 -114210
 -113611
 -113599
 -114594
 -114720
 -114074
 -114793
 -117071
 -124202
 -135348
 -145479
 -151473
 -151649
 -148784
 -143533
 -137267
 -139512
 -142977
 -139076
 -136783
 -156030
 -171859
 -174824
 -143073
  -70799
   -7999
   29098
   39875
   30006
    5195
  -34185
  -83311
 -131329
 -169980
 -198624
 -217069
 -223365
 -216125
 -198386
 -173016
 -141675
 -107687
  -76339
  -51607
  -34948
  -26387
  -27376
  -38005
  -56284
  -78526
 -102562
 -127962
 -151685
 -170468
 -182613
 -187996
 -186818
 -177994
 -161631
 -141401
 -121273
 -103537
  -88493
  -77232
  -72423
  -74800
  -82096
  -91425
 -102867
 -118131
 -137279
 -158174
 -172670
 -188201
 -205056
 -227098
 -231157
 -213961
 -185591
 -136309
  -64892
    5384
   51366
   79558
   81691
   57461
   12131
  -47809
 -113113
 -174986
 -227993
 -268407
 -293054
 -298497
 -285473
 -256530
 -214205
 -162839
 -110213
  -62263
  -22777
    3937
   12651
    3781
  -17658
  -48383
  -96584
 -152238
 -198544
 -232938
 -252328
 -256108
 -242708
 -218425
 -200946
 -178228
 -143841
 -104083
  -69818
  -44313
  -29336
  -25267
  -33770
  -51151
  -69210
  -85880
 -100193
 -110402
 -115447
 -117593
 -117063
 -113149
 -105408
  -94305
  -78862
  -60287
  -45982
  -38533
  -34240
  -34199
  -44558
  -67872
 -101712
 -142459
 -186270
 -230171
 -271898
 -310025
 -342512
 -363207
 -365509
 -344498
 -304989
 -246390
 -166417
  -70967
   32788
  135361
  226858
  296737
  336701
  343213
  317361
  262730
  188744
  101176
    5077
  -89749
 -164926
 -217563
 -242906
 -240909
 -220234
 -195368
 -171969
 -154654
 -146608
 -147998
 -155662
 -165778
 -173775
 -176176
 -171441
 -158046
 -136772
 -110825
  -79647
  -46274
  -15383
   11775
   33233
   46536
   51921
   49623
   40040
   25618
    9718
   -4707
  -15580
  -23030
  -27162
  -26656
  -22074
  -13041
    2905
   25062
   49264
   72273
   94117
  117660
  141578
  160844
  171973
  171795
  159714
  139762
  117424
   96349
   78734
   65029
   55134
   49757
   47781
   49036
   54281
   63435
   75482
   90539
  108840
  128636
  147606
  164132
  177630
  187397
  190425
  185905
  174496
  157505
  135143
  108764
   81822
   57252
   35813
   18289
    6804
    2432
    3353
    9168
   19842
   33536
   47921
   62043
   74961
   84713
   88977
   88350
   84518
   78022
   68204
   56700
   46193
   37939
   31835
   27767
   27293
   31622
   38802
   46556
   54351
   62281
   68811
   71515
   69898
   65377
   58996
   50742
   42015
   34443
   28698
   24182
   21304
   21374
   25145
   30799
   37014
   44122
   51663
   57401
   60156
   61048
   61059
   59006
   54114
   47353
   40603
   34349
   27745
   21005
   15821
   13585
   13013
   12952
   14407
   18176
   22650
   25624
   27322
   28992
   30444
   29734
   26697
   22379
   17766
   12208
    5660
    -207
   -4093
   -6302
   -7826
   -7953
   -5423
    -490
    5539
   11817
   18666
   26145
   31677
   33519
   32515
   30545
   27565
   22210
   15695
    9920
    5590
    2186
    -637
   -2206
   -1799
    -249
     904
    1932
    3561
    6044
    7641
    8253
    9054
   10616
   11288
   10199
    8609
    7713
    7441
    6393
    4477
    3011
    1833
    -222
   -2529
   -4010
   -4313
   -4718
   -5179
   -4597
   -2548
    -543
      48
     -99
    -209
   -1014
   -3063
   -5432
   -6922
   -8124
  -10076
  -12226
  -13181
  -12810
  -12997
  -14161
  -14634
  -13958
  -13784
  -13743
  -12913
  -10995
   -9854
   -9587
   -9389
   -8641
   -7760
   -7738
   -8157
   -8365
   -9439
  -12515
  -16597
  -20667
  -24671
  -28876
  -32818
  -34900
  -34628
  -33152
  -30841
  -27473
  -23586
  -20548
  -19098
  -18619
  -18811
  -21167
  -25906
  -31919
  -37159
  -40367
  -41416
  -40592
  -37378
  -33050
  -29238
  -26196
  -23527
  -21448
  -21611
  -24231
  -27939
  -31483
  -35558
  -40206
  -44029
  -45917
  -46781
  -47267
  -47339
  -47314
  -47521
  -48540
  -49349
  -48972
  -47940
  -47650
  -47701
  -46808
  -44991
  -42477
  -39500
  -35996
  -31877
  -28928
  -28947
  -31535
  -34574
  -37717
  -42183
  -47142
  -51192
  -53807
  -55737
  -57285
  -57350
  -55284
  -51957
  -50214
  -50953
  -52179
  -53489
  -56214
  -59858
  -62953
  -64961
  -66934
  -68672
  -68897
  -65681
  -60299
  -54951
  -50043
  -44989
  -41217
  -40325
  -41780
  -44543
  -48210
  -53370
  -60249
  -66893
  -71613
  -75306
  -78366
  -79798
  -79264
  -79239
  -80254
  -80587
  -78712
  -76214
  -74286
  -72219
  -69041
  -65983
  -64522
  -63663
  -60957
  -57458
  -55370
  -55157
  -55815
  -56334
  -58187
  -61678
  -65812
  -69411
  -72685
  -76175
  -79141
  -80314
  -79920
  -79420
  -78785
  -78103
  -78478
  -80321
  -82832
  -84730
  -85370
  -85936
  -87065
  -87326
  -85942
  -83939
  -81169
  -76723
  -71059
  -65998
  -62898
  -61935
  -62585
  -65107
  -70165
  -76515
  -82121
  -86801
  -91574
  -96113
  -98627
  -98536
  -97014
  -95170
  -93593
  -91446
  -89463
  -88303
  -87223
  -85288
  -82971
  -81652
  -81546
  -81455
  -80464
  -78940
  -77848
  -77252
  -76254
  -76220
  -77956
  -80645
  -83039
  -85403
  -88707
  -92715
  -95927
  -97719
  -98915
 -100289
 -101119
 -100094
  -99670
 -101807
 -104848
 -106595
 -107104
 -108043
 -108632
 -107458
 -104478
 -101378
  -98957
  -95221
  -89327
  -83526
  -79993
  -78802
  -78724
  -79321
  -81702
  -86053
  -90839
  -94978
  -99381
 -104674
 -110014
 -113628
 -114823
 -114683
 -113431
 -111638
 -108957
 -106452
 -104172
 -101137
  -96910
  -92794
  -89588
  -86988
  -84048
  -80520
  -76265
  -72316
  -68516
  -65553
  -65662
  -68992
  -73800
  -79578
  -86251
  -93587
 -100198
 -105011
 -108818
 -111861
 -113370
 -112771
 -111642
 -111784
 -111792
 -110080
 -107998
 -105839
 -102751
  -97826
  -92735
  -88996
  -86297
  -83113
  -78896
  -75788
  -74983
  -75876
  -77960
  -82280
  -88707
  -95803
 -101910
 -107421
 -112064
 -114634
 -113854
 -110557
 -106735
 -102496
  -97248
  -93589
  -93422
  -95455
  -97961
 -101108
 -105512
 -110076
 -113037
 -113809
 -113513
 -112347
 -108201
 -100822
  -93413
  -87172
  -82220
  -78742
  -77838
  -79598
  -83044
  -88242
  -95428
 -103184
 -109732
 -115066
 -120062
 -123581
 -124298
 -124288
 -125833
 -127478
 -127658
 -127188
 -126568
 -125414
 -122542
 -119125
 -116174
 -112796
 -107377
 -100524
  -94748
  -91227
  -89747
  -89678
  -91470
  -95907
 -102409
 -109051
 -114260
 -118249
 -121861
 -124653
 -125343
 -123411
 -119740
 -116550
 -115551
 -115539
 -115644
 -116798
 -119013
 -121098
 -121786
 -121577
 -121990
 -122449
 -121121
 -116393
 -110498
 -105861
 -102217
  -98775
  -96389
  -96543
  -99113
 -102513
 -105561
 -109210
 -114182
 -119133
 -122281
 -123699
 -124448
 -125132
 -126263
 -127432
 -128179
 -129440
 -130658
 -130166
 -127935
 -125525
 -123562
 -121491
 -118084
 -112970
 -107640
 -103521
 -100331
  -97962
  -98218
 -101955
 -107343
 -112798
 -118378
 -124729
 -131131
 -135425
 -137272
 -137846
 -137634
 -135866
 -133057
 -131515
 -131726
 -132466
 -132163
 -131212
 -130810
 -131224
 -131092
 -129800
 -128584
 -127107
 -123915
 -118768
 -113366
 -110115
 -108797
 -108300
 -108814
 -111644
 -116294
 -121320
 -125813
 -130534
 -135985
 -140527
 -142321
 -142121
 -141416
 -141518
 -141230
 -139911
 -139134
 -139152
 -138995
 -137384
 -135662
 -135157
 -134829
 -132718
 -128439
 -124258
 -121016
 -117861
 -115050
 -114538
 -116816
 -120689
 -124297
 -128500
 -133594
 -138268
 -141234
 -143297
 -145399
 -146621
 -145945
 -145131
 -145806
 -147109
 -147546
 -146744
 -145984
 -145447
 -144118
 -141665
 -139309
 -137414
 -133997
 -128140
 -122352
 -118344
 -115846
 -114398
 -115090
 -118759
 -124503
 -130629
 -137167
 -143908
 -149590
 -152733
 -153732
 -153163
 -150808
 -147158
 -144491
 -143454
 -143257
 -142654
 -141971
 -142441
 -143650
 -144078
 -143898
 -144151
 -143449
 -140324
 -135581
 -131608
 -129130
 -127763
 -127030
 -127707
 -130771
 -135169
 -138950
 -142517
 -146340
 -149459
 -150651
 -150058
 -148835
 -148095
 -148374
 -148195
 -148131
 -149162
 -150223
 -149892
 -149031
 -148647
 -148397
 -147029
 -144065
 -139748
 -135551
 -131573
 -127778
 -126043
 -126855
 -129608
 -133408
 -138582
 -145192
 -151930
 -157232
 -161694
 -165095
 -166420
 -164901
 -162109
 -160329
 -159054
 -156975
 -155338
 -154668
 -154324
 -153550
 -153438
 -154150
 -154724
 -153982
 -151510
 -148438
 -145024
 -140850
 -137343
 -135969
 -136607
 -138076
 -140002
 -143298
 -147527
 -151339
 -153296
 -153570
 -152693
 -150123
 -145096
 -140274
 -137809
 -136520
 -134508
 -132271
 -131472
 -132664
 -134771
 -137106
 -140790
 -145520
 -148516
 -149494
 -150983
 -154089
 -157758
 -160356
 -161778
 -160189
 -153364
 -140615
 -123824
 -103654
  -80826
  -57714
  -36993
  -20421
   -8694
   -4369
   -9266
  -21609
  -40684
  -65603
  -93110
 -119070
 -141421
 -158254
 -166473
 -164085
 -151501
 -129695
 -101163
  -68993
  -37731
  -12355
    4445
   12177
   11251
    1439
  -16397
  -39402
  -63567
  -86725
 -107720
 -124464
 -134471
 -137521
 -136080
 -130457
 -120445
 -107029
  -93400
  -81888
  -72817
  -66292
  -63981
  -66287
  -71206
  -76275
  -82711
  -90408
  -97872
 -103710
 -108425
 -112309
 -113849
 -112138
 -108775
 -104964
 -100482
  -95100
  -90307
  -87661
  -86724
  -86855
  -90147
  -96809
 -105171
 -112817
 -119256
 -124136
 -124876
 -120416
 -112262
 -103323
  -94798
  -86673
  -79753
  -76394
  -78249
  -83708
  -90892
 -100124
 -109829
 -116667
 -120076
 -121878
 -122344
 -120553
 -116418
 -112103
 -109583
 -109447
 -110125
 -112047
 -115030
 -116713
 -115641
 -113583
 -111836
 -109973
 -107145
 -104087
 -102554
 -103878
 -106885
 -110438
 -115276
 -119939
 -122037
 -121244
 -119624
 -118060
 -115984
 -113079
 -111151
 -111501
 -114563
 -118425
 -122967
 -127886
 -130817
 -129996
 -127606
 -124580
 -120718
 -115549
 -111301
 -108852
 -108591
 -110224
 -114224
 -120201
 -126175
 -129457
 -130559
 -131041
 -130812
 -128785
 -126000
 -124008
 -123132
 -123731
 -125598
 -129303
 -134040
 -137339
 -137870
 -137019
 -135634
 -133410
 -129869
 -126842
 -124673
 -123771
 -124330
 -126597
 -130189
 -133173
 -133515
 -132559
 -131175
 -129120
 -127179
 -126634
 -127300
 -128637
 -132196
 -138031
 -144086
 -148377
 -150478
 -149425
 -145310
 -139159
 -132930
 -126994
 -121052
 -116443
 -115729
 -119136
 -124233
 -131000
 -139007
 -145739
 -148786
 -149242
 -148751
 -146700
 -142522
 -137819
 -134350
 -133915
 -135120
 -137512
 -141740
 -146464
 -148697
 -148515
 -147742
 -146273
 -143061
 -138935
 -135542
 -133735
 -133952
 -135551
 -139318
 -144521
 -148487
 -149393
 -148840
 -147444
 -144438
 -139978
 -135972
 -133382
 -133006
 -134670
 -138758
 -144649
 -150369
 -153968
 -155948
 -156887
 -155959
 -152865
 -149473
 -146149
 -142883
 -140975
 -141140
 -143215
 -145795
 -146763
 -145967
 -144926
 -143482
 -140960
 -138655
 -137804
 -137999
 -139622
 -143843
 -150814
 -159026
 -165978
 -169169
 -169137
 -167814
 -165068
 -160131
 -154521
 -149597
 -145753
 -143168
 -142400
 -144105
 -147521
 -150592
 -151609
 -152346
 -153423
 -154134
 -154377
 -155283
 -156642
 -158429
 -160815
 -163979
 -167395
 -169698
 -168661
 -164943
 -161082
 -157223
 -152837
 -148625
 -146049
 -145677
 -147666
 -151370
 -156851
 -163239
 -168077
 -169219
 -167899
 -165685
 -162241
 -157527
 -153210
 -150389
 -149393
 -150524
 -154315
 -160016
 -165620
 -168844
 -169677
 -169646
 -168358
 -165632
 -163123
 -161395
 -160059
 -159993
 -162063
 -165659
 -169150
 -170991
 -170847
 -169169
 -166464
 -162120
 -157397
 -153851
 -151231
 -149762
 -151033
 -155136
 -160680
 -165595
 -169280
 -171291
 -172068
 -170673
 -167316
 -164085
 -161462
 -159117
 -158035
 -160110
 -164412
 -168747
 -171648
 -174208
 -175245
 -173777
 -169679
 -164617
 -160185
 -156534
 -153353
 -151533
 -152047
 -153938
 -156258
 -159731
 -164337
 -168833
 -171604
 -172769
 -174445
 -176785
 -177496
 -175913
 -173350
 -170034
 -165079
 -158401
 -151940
 -146584
 -141967
 -138122
 -136682
 -138287
 -142070
 -146657
 -152435
 -159856
 -166961
 -170820
 -171914
 -172080
 -170972
 -167839
 -163580
 -160205
 -157860
 -155400
 -152977
 -152268
 -153582
 -155517
 -157539
 -160891
 -164012
 -165600
 -165612
 -165791
 -166524
 -166698
 -165476
 -163782
 -162410
 -160799
 -158432
 -157576
 -158479
 -160043
 -160717
 -160749
 -160948
 -160715
 -159504
 -158177
 -157948
 -158501
 -158690
 -158495
 -159160
 -160476
 -162492
 -165799
 -170158
 -174859
 -178786
 -180753
 -181002
 -180663
 -179438
 -176580
 -172923
 -169913
 -167267
 -164034
 -161083
 -159995
 -160264
 -160894
 -161787
 -163158
 -163380
 -162395
 -161278
 -161511
 -162417
 -162367
 -161450
 -161320
 -162106
 -162507
 -162279
 -162723
 -163874
 -164792
 -164998
 -165855
 -167326
 -168055
 -167948
 -168438
 -169443
 -170055
 -170064
 -170603
 -172010
 -174802
 -177721
 -180708
 -184024
 -186551
 -187174
 -187074
 -186460
 -184418
 -180171
 -175089
 -169411
 -162807
 -155849
 -149652
 -145722
 -144489
 -145682
 -149382
 -155854
 -163917
 -171778
 -179422
 -186826
 -192494
 -195102
 -194638
 -192074
 -188390
 -184272
 -180269
 -177250
 -174982
 -172666
 -171141
 -171731
 -173187
 -174357
 -175720
 -177265
 -177463
 -175894
 -173081
 -170950
 -170439
 -171647
 -173958
 -176705
 -179875
 -181804
 -181361
 -179445
 -177018
 -174269
 -171685
 -164472
 -159643
 -155139
 -148236
 -147429
 -152925
 -161573
 -170456
 -178996
 -185264
 -188574
 -191074
 -192114
 -191553
 -188877
 -183612
 -177524
 -171892
 -166432
 -161433
 -158931
 -158691
 -159437
 -161249
 -164930
 -169706
 -170836
 -164935
 -158185
 -155314
 -155423
 -154522
 -154125
 -154626
 -155429
 -157117
 -160361
 -164426
 -168271
 -171371
 -174831
 -176647
 -175559
 -172949
 -170476
 -168289
 -166099
 -164260
 -163797
 -164210
 -165023
 -166994
 -170865
 -175876
 -180445
 -184772
 -189039
 -193140
 -197436
 -202445
 -206569
 -207973
 -206559
 -203703
 -199071
 -193053
 -186666
 -180960
 -175275
 -168598
 -162323
 -157456
 -153984
 -151944
 -152342
 -155204
 -159934
 -165442
 -172496
 -180151
 -187067
 -191918
 -195574
 -197769
 -197114
 -194384
 -192203
 -191106
 -189628
 -188234
 -188157
 -188227
 -187748
 -188158
 -189902
 -192074
 -193612
 -194246
 -193398
 -190903
 -187711
 -184500
 -181568
 -178603
 -175807
 -174737
 -175395
 -176818
 -178531
 -181647
 -185543
 -188696
 -190938
 -193262
 -195401
 -197544
 -199615
 -201782
 -203198
 -202870
 -201650
 -200425
 -198341
 -195093
 -192183
 -189302
 -184872
 -179597
 -175760
 -173422
 -172124
 -173087
 -175784
 -179149
 -183273
 -188201
 -192234
 -195118
 -197815
 -199223
 -198659
 -197573
 -196713
 -184352
 -162426
 -154806
 -157302
 -163516
 -174208
 -186916
 -201745
 -214373
 -224329
 -231369
 -232003
 -227438
 -220152
 -210196
 -199242
 -181638
 -157339
 -131611
 -105521
  -85869
  -78389
  -97621
 -154710
 -212781
 -250044
 -271494
 -276536
 -265519
 -241525
 -214652
 -200706
 -197583
 -199351
 -205535
 -175268
 -207706
 -271238
 -316037
 -342130
 -348378
 -341151
 -333108
 -332902
 -334257
 -331812
 -324464
 -312104
 -293377
 -265100
 -227867
 -184206
 -142870
 -113043
  -92711
  -82479
  -83977
  -93399
 -109896
 -132251
 -156219
 -178102
 -195705
 -203676
 -193126
 -170653
 -147852
 -125249
 -112036
 -110363
 -117309
 -129621
 -143622
 -162864
 -184253
 -197835
 -200849
 -196170
 -187260
 -176976
 -163686
 -145071
 -126191
 -110064
  -98453
  -94836
  -98713
 -108386
 -122187
 -138937
 -156575
 -172296
 -185100
 -194890
 -200060
 -198645
 -190219
 -177750
 -162723
 -145944
 -129977
 -117521
 -109214
 -104517
 -104300
 -109443
 -118544
 -129359
 -140965
 -153105
 -164051
 -171474
 -175140
 -177421
 -177690
 -174311
 -167813
 -160174
 -151798
 -142521
 -133403
 -126406
 -122015
 -119045
 -116019
 -114584
 -115592
 -118054
 -121637
 -127223
 -134125
 -140646
 -145999
 -150998
 -155170
 -157230
 -156506
 -154503
 -151893
 -147171
 -138451
 -132133
 -132762
 -139746
 -148581
 -155495
 -160393
 -163188
 -162950
 -160405
 -156862
 -151572
 -142961
 -132305
 -122560
 -114612
 -108525
 -104865
 -105050
 -108863
 -114552
 -120734
 -128399
 -137152
 -145001
 -150234
 -153236
 -154812
 -154625
 -153043
 -151875
 -151054
 -149736
 -146943
 -143543
 -140624
 -137713
 -134100
 -130965
 -129245
 -127207
 -123262
 -119950
 -118194
 -116922
 -115854
 -116376
 -119033
 -122634
 -126049
 -130069
 -135183
 -140114
 -143144
 -144359
 -145901
 -148281
 -149491
 -148464
 -146121
 -142621
 -137378
 -130714
 -123204
 -115927
 -109877
 -104842
 -102203
 -103609
 -108025
 -113560
 -119713
 -127035
 -134278
 -139524
 -142789
 -146197
 -149453
 -150747
 -149146
 -146073
 -142547
 -138324
 -132452
 -124546
 -117008
 -110884
 -105835
 -102379
 -102172
 -104850
 -108661
 -112926
 -118478
 -124645
 -129986
 -134869
 -140187
 -144529
 -146165
 -144563
 -141088
 -136369
 -130020
 -120978
 -111287
 -103253
  -97039
  -92670
  -91700
  -94578
 -100081
 -106878
 -115222
 -124272
 -132261
 -138517
 -144661
 -149620
 -151702
 -149977
 -145490
 -139663
 -132175
 -122076
 -110832
 -101557
  -95633
  -92456
  -91735
  -94957
 -103138
 -114475
 -125630
 -136098
 -144955
 -149329
 -147908
 -142731
 -135259
 -126068
 -115299
 -105376
  -98817
  -96578
  -97345
 -100968
 -107759
 -115459
 -121001
 -125664
 -129958
 -132752
 -132969
 -131458
 -129234
 -126804
 -124577
 -123311
 -123358
 -123531
 -121841
 -118679
 -115473
 -112302
 -108992
 -106616
 -105890
 -106673
 -109189
 -113824
 -119632
 -125213
 -128887
 -129548
 -128212
 -125135
 -119831
 -113939
 -108719
 -104132
 -100835
 -100801
 -104292
 -109769
 -115363
 -119467
 -121907
 -123394
 -123542
 -122017
 -119969
 -118209
 -116506
 -115692
 -116954
 -119499
 -122013
 -123073
 -122067
 -120016
 -117226
 -113258
 -109573
 -107232
 -105748
 -104857
 -106930
 -111969
 -118342
 -124295
 -128785
 -131213
 -131371
 -129018
 -125127
 -121136
 -117532
 -113825
 -111738
 -113242
 -116928
 -120529
 -123590
 -125504
 -125437
 -123426
 -119747
 -116383
 -113504
 -110884
 -109307
 -111264
 -115777
 -120638
 -124805
 -128559
 -130154
 -128884
 -125213
 -121148
 -117335
 -113416
 -109714
 -108556
 -110732
 -114252
 -118357
 -123531
 -127951
 -129782
 -129265
 -127799
 -126037
 -123279
 -118927
 -115332
 -114831
 -116557
 -118281
 -120273
 -122762
 -123542
 -121546
 -117857
 -114187
 -110954
 -107484
 -104066
 -102197
 -102487
 -102673
 -101372
  -99044
  -94431
  -85657
  -73814
  -61752
  -51234
  -42698
  -36729
  -35335
  -40509
  -51436
  -65514
  -81847
  -99159
 -113962
 -123559
 -128475
 -129810
 -127094
 -119811
 -109954
 -100499
  -93507
  -87962
  -83879
  -82438
  -82554
  -82223
  -81468
  -81597
  -83451
  -86524
  -89805
  -93666
  -99429
 -106304
 -111660
 -115655
 -117631
 -115879
 -109608
 -100968
  -92339
  -84369
  -76945
  -71855
  -69885
  -71619
  -77248
  -85611
  -94931
 -103535
 -110919
 -115589
 -118459
 -119329
 -117293
 -112537
 -107107
 -102684
  -99623
  -97105
  -96182
  -97015
  -97305
  -95212
  -92330
  -90240
  -89336
  -89068
  -89743
  -92173
  -97000
 -103231
 -109566
 -116148
 -121306
 -122309
 -119011
 -113923
 -107929
 -100696
  -93115
  -87270
  -84495
  -85022
  -87689
  -92912
  -99977
 -106382
 -110119
 -112271
 -113483
 -113124
 -110484
 -106987
 -103977
 -102277
 -101517
 -101473
 -103053
 -105342
 -105893
 -104336
 -102735
 -101554
 -100317
  -98783
  -97838
  -98321
 -100887
 -104025
 -107527
 -111525
 -114448
 -113921
 -110321
 -105852
 -101423
  -96975
  -92933
  -90555
  -90973
  -93830
  -98083
 -104344
 -111183
 -115623
 -116047
 -114367
 -111812
 -107920
 -102233
  -96373
  -92125
  -90621
  -90853
  -93072
  -97188
 -101551
 -103749
 -104488
 -105118
 -105345
 -104617
 -103306
 -102277
 -102595
 -104148
 -106364
 -109608
 -112586
 -113202
 -110380
 -106432
 -102297
  -97895
  -93319
  -90043
  -89144
  -90875
  -94557
 -100304
 -107700
 -114642
 -117959
 -117791
 -116037
 -112907
 -108231
 -102334
  -97016
  -93684
  -92864
  -93462
  -95860
  -99195
 -101679
 -102315
 -102324
 -102726
 -103119
 -102638
 -102278
 -102688
 -104336
 -107051
 -110907
 -115106
 -118041
 -117985
 -115474
 -111798
 -106908
 -100977
  -95903
  -92439
  -90969
  -92277
  -96800
 -103983
 -111827
 -117895
 -121223
 -122390
 -121438
 -117532
 -111817
 -105966
 -100707
  -96589
  -95073
  -97048
 -101533
 -106696
 -111143
 -114485
 -116911
 -117921
 -117144
 -115911
 -114634
 -113096
 -112260
 -113182
 -115051
 -116536
 -116872
 -115832
 -113716
 -110489
 -105968
 -101989
  -99629
  -97928
  -97443
 -100246
 -105712
 -111866
 -117130
 -121227
 -123213
 -122661
 -119221
 -114618
 -110420
 -106624
 -102916
 -100961
 -102582
 -106715
 -111790
 -116614
 -119895
 -121849
 -122725
 -121493
 -118511
 -115053
 -111433
 -108063
 -105830
 -105474
 -107757
 -111578
 -114600
 -116946
 -119252
 -119430
 -116467
 -111635
 -106520
 -101762
  -97339
  -93287
  -91469
  -92479
  -95341
  -98551
 -102047
 -107367
 -114727
 -121672
 -127163
 -131812
 -135193
 -135784
 -133396
 -128908
 -122340
 -114508
 -106103
  -99286
  -95341
  -93495
  -93152
  -94988
  -99404
 -104992
 -110094
 -115045
 -121116
 -127413
 -131869
 -134022
 -134841
 -133708
 -129940
 -123934
 -116117
 -107390
  -98383
  -90403
  -85272
  -83492
  -84192
  -86576
  -91480
  -98978
 -107566
 -115650
 -123908
 -132553
 -139603
 -143211
 -143484
 -141303
 -136816
 -129567
 -119184
 -107946
  -97417
  -88163
  -80945
  -77359
  -77447
  -80132
  -84939
  -92164
 -100979
 -109698
 -117673
 -126035
 -133798
 -139139
 -141179
 -140799
 -138363
 -133268
 -124851
 -114535
 -104293
  -94779
  -86601
  -81612
  -80456
  -82509
  -86815
  -93530
 -102143
 -111363
 -119711
 -128375
 -136774
 -142718
 -144771
 -143387
 -139448
 -133054
 -123932
 -112302
 -100643
  -90596
  -82372
  -77135
  -76644
  -80120
  -86067
  -94060
 -104247
 -115115
 -124210
 -132097
 -139887
 -145512
 -147558
 -146138
 -142608
 -137209
 -129579
 -119882
 -109700
 -100618
  -93105
  -87547
  -85703
  -87222
  -90773
  -95665
 -102362
 -110134
 -117139
 -123371
 -130371
 -136954
 -141218
 -142049
 -140416
 -137246
 -132390
 -125005
 -115648
 -106514
  -98627
  -91870
  -87775
  -87282
  -89777
  -93786
  -99621
 -107465
 -115803
 -123335
 -130575
 -137666
 -143019
 -144956
 -143828
 -140963
 -136251
 -129238
 -119518
 -109580
 -100900
  -93524
  -88536
  -87238
  -89353
  -93496
  -98940
 -106630
 -115403
 -123423
 -130789
 -138434
 -144852
 -147972
 -147309
 -144113
 -138904
 -131793
 -121474
 -109425
  -98269
  -89071
  -82198
  -78980
  -80091
  -84552
  -91225
 -100106
 -110494
 -120917
 -130290
 -138788
 -146368
 -151462
 -152646
 -149774
 -144097
 -136792
 -127351
 -115345
 -103595
  -94512
  -88647
  -85032
  -84400
  -87933
  -94961
 -104011
 -113775
 -123904
 -133658
 -142603
 -149263
 -153094
 -154415
 -152396
 -146289
 -137664
 -128033
 -116769
 -104600
  -93430
  -85566
  -81539
  -80848
  -82886
  -88482
  -97354
 -107529
 -117266
 -126483
 -135770
 -144193
 -149172
 -150313
 -148796
 -144834
 -138272
 -129346
 -119069
 -108547
  -98645
  -90676
  -86354
  -85735
  -87623
  -91139
  -97493
 -106440
 -116369
 -125447
 -134328
 -144308
 -153013
 -157634
 -158008
 -155494
 -150602
 -142649
 -131613
 -118907
 -106221
  -94684
  -85239
  -79666
  -78484
  -80910
  -86236
  -94287
 -103833
 -113258
 -121755
 -130657
 -138826
 -143830
 -145293
 -144135
 -140317
 -133254
 -123650
 -112259
 -100356
  -88893
  -79883
  -75111
  -74387
  -76994
  -83313
  -92349
 -102309
 -111926
 -121051
 -130254
 -138317
 -142984
 -144685
 -143480
 -139046
 -131735
 -123172
 -113640
 -103111
  -92884
  -85315
  -81210
  -80286
  -82024
  -87333
  -95044
 -103812
 -112408
 -120668
 -128674
 -136115
 -141158
 -143921
 -144355
 -142150
 -136779
 -129740
 -121713
 -112113
 -101864
  -92824
  -87080
  -84706
  -84950
  -88006
  -94373
 -102860
 -111391
 -119029
 -126627
 -134084
 -139703
 -142646
 -143603
 -142477
 -138393
 -131848
 -124491
 -116057
 -107054
  -98514
  -92483
  -89787
  -89668
  -91463
  -95656
 -102453
 -110398
 -117542
 -123745
 -130464
 -137834
 -143575
 -146398
 -147514
 -146548
 -142832
 -136119
 -127172
 -117532
 -108158
  -99645
  -93546
  -91179
  -92376
  -96013
 -101389
 -108827
 -117359
 -125603
 -132548
 -139621
 -146157
 -150179
 -150920
 -148853
 -145180
 -139910
 -131877
 -121179
 -110773
 -102050
  -94984
  -90286
  -89757
  -93499
  -99907
 -107085
 -115058
 -123882
 -131908
 -137822
 -142733
 -147057
 -149651
 -149281
 -145560
 -140008
 -134005
 -127848
 -121074
 -114648
 -110639
 -108623
 -106515
 -104476
 -104141
 -105959
 -109132
 -113400
 -119328
 -125474
 -130447
 -133598
 -137449
 -141631
 -141606
 -137438
 -128983
 -116679
 -100829
  -84153
  -65750
  -45472
  -23797
   -2196
   15499
   25862
   28510
   23997
   14489
      87
  -18720
  -35512
  -50535
  -66920
  -87699
 -101117
  -94131
  -77999
  -61614
  -48165
  -30254
   -8338
   12909
   26723
   34080
   37867
   38541
   34282
   27511
   22882
   22006
   23671
   27215
   30212
   28316
   17023
   -4709
  -34689
  -68454
 -100290
 -126073
 -144453
 -153413
 -152138
 -143200
 -129429
 -111261
  -89248
  -65337
  -42059
  -21807
   -6694
    4122
   13098
   22029
   32559
   45119
   59112
   72108
   81565
   86187
   86038
   79104
   65631
   48953
   30652
   11106
   -7333
  -22136
  -32096
  -36874
  -35764
  -27939
  -15995
   -2004
   12647
   25534
   31715
   29042
   19768
    6469
   -8123
  -19572
  -24065
  -21074
  -10538
    8365
   33917
   62309
   90543
  115162
  132831
  141000
  138638
  126241
  104242
   74114
   39827
    5790
  -25630
  -51915
  -69295
  -75619
  -73052
  -65952
  -58751
  -54434
  -54180
  -54611
  -51103
  -40622
  -23785
   -1985
   22508
   45497
   64451
   78988
   88881
   93386
   92236
   87224
   80544
   72251
   63553
   55961
   49651
   44443
   41511
   42806
   46520
   50533
   54363
   57324
   58709
   60115
   64113
   69886
   75404
   79467
   80541
   76363
   67502
   61080
   58199
   55265
   53731
   54800
   60418
   67556
   76897
   88002
   97656
  105257
  110663
  113312
  111715
  106759
  100545
   94002
   87921
   84506
   83706
   83507
   84155
   88705
   98087
  107927
  114927
  119635
  121237
  119010
  111423
   98959
   83755
   66661
   49158
   33796
   23290
   17321
   15419
   18005
   24795
   34470
   47251
   64020
   83759
  103775
  121608
  135939
  144633
  146372
  142507
  134564
  121968
  105361
   87467
   70549
   54432
   39818
   28834
   23255
   23747
   30016
   40989
   55705
   71140
   84631
   95216
  102533
  104559
   99944
   89741
   75944
   59691
   42222
   26236
   14511
    7443
    4998
    7945
   16969
   30375
   45161
   58934
   69665
   76407
   78298
   75735
   69691
   60560
   49611
   39024
   30753
   25000
   21198
   20033
   22548
   28564
   37233
   47187
   57224
   65413
   69965
   70314
   67905
   63120
   55110
   45034
   35277
   26767
   18880
   12338
    8139
    6514
    6605
    8305
   13263
   23657
   38888
   56316
   72793
   87372
   98306
  103776
  104360
  101193
   93976
   82172
   67541
   52384
   38352
   25679
   14738
    7773
    7068
   11271
   18422
   27750
   38707
   48812
   55893
   59551
   60193
   57055
   50215
   40939
   30823
   20201
    9557
    1245
   -2453
   -1617
    3139
   11608
   23385
   36041
   47233
   54069
   53823
   44093
   27066
    6986
  -15473
  -39857
  -65214
  -91520
 -118730
 -143490
 -160419
 -163740
 -151828
 -123393
  -80623
  -28685
   25391
   75353
  117328
  147423
  161744
  160820
  147538
  123822
   91326
   54438
   18086
  -14671
  -41428
  -59276
  -66119
  -62506
  -50869
  -32510
   -9420
   13540
   32393
   46947
   57100
   61705
   59887
   52973
   43072
   30732
   16378
    1814
  -10315
  -18802
  -24013
  -24294
  -18229
   -7158
    5863
   19145
   32287
   44534
   53631
   58157
   58749
   55972
   49236
   39133
   27498
   15793
    4817
   -5028
  -12171
  -15017
  -14248
  -11357
   -5940
    1689
    8235
   12818
   16291
   19296
   20467
   19635
   17823
   15624
   12251
    8130
    4623
    3042
    2554
    2824
    5818
   11895
   18799
   23878
   27005
   29153
   29637
   27253
   22872
   18030
   12540
    5754
   -1054
   -6003
   -9254
  -11492
  -12598
  -11076
   -7452
   -3412
     633
    4764
    7732
    8129
    7088
    6508
    8297
   11863
   15875
   19803
   23854
   28341
   32515
   35759
   38222
   41023
   46205
   53884
   60941
   66148
   69759
   71707
   70856
   66020
   58309
   49686
   41130
   32654
   24229
   17638
   14628
   15031
   17370
   20667
   25405
   31607
   37159
   40708
   41906
   39976
   35374
   28120
   19606
   12013
    6274
    2096
    -218
     719
    5186
   11552
   17965
   24289
   31321
   39402
   46379
   50768
   52495
   52357
   49419
   43460
   36103
   29110
   22909
   16822
   11495
    8621
    8568
    9628
   11552
   15451
   21407
   27492
   32433
   36391
   39611
   39996
   35562
   27943
   19621
   11631
    3804
   -2998
   -6785
   -7067
   -5487
   -2315
    2947
   10089
   17060
   23405
   30716
   38019
   42914
   44739
   44097
   41724
   36600
   29278
   21810
   14958
    8110
    2141
   -1282
   -1299
     666
    3935
    8770
   15351
   21905
   26837
   30245
   32242
   31370
   26861
   19769
   11668
    4248
   -1860
   -7121
  -11059
  -12420
  -10421
   -6188
   -1569
    2828
    7933
   14706
   20861
   23954
   23991
   22342
   19478
   15704
   11845
    9263
    9635
   13253
   19270
   27420
   37997
   50921
   64634
   76503
   84542
   88448
   88559
   84520
   75290
   61274
   44151
   26639
    9884
   -4598
  -14550
  -18718
  -17796
  -12823
   -4197
    7767
   20574
   31978
   41210
   49348
   56683
   60951
   61414
   59150
   55332
   49998
   42534
   33902
   26382
   21121
   16987
   13914
   12806
   14247
   17167
   20424
   24378
   29354
   33900
   36603
   37938
   38418
   36062
   30623
   23736
   16864
   10173
    4189
     526
    -710
     -63
    1981
    6220
   12321
   18463
   23409
   28458
   34437
   40055
   43893
   45236
   44746
   43220
   39778
   34152
   27269
   20698
   14683
    8951
    4428
    2557
    2683
    3943
    6749
   11202
   15856
   20206
   24503
   27452
   26715
   23268
   19016
   14108
    8321
    2950
    -654
   -3553
   -5534
   -5679
   -3653
   -1046
    2081
    6796
   13498
   19967
   25169
   29406
   32012
   32028
   29882
   26313
   20942
   14189
    7214
     901
   -5353
  -10361
  -12682
  -12578
  -11228
   -8321
   -3151
    3365
    9144
   13690
   16462
   16411
   13143
    7884
    2513
   -2665
   -8070
  -12698
  -15370
  -16437
  -16663
  -15603
  -12213
   -7392
   -1225
    6617
   15048
   21445
   24975
   26028
   24631
   19944
   12970
    5613
   -1179
   -8445
  -15449
  -20225
  -22490
  -23203
  -21889
  -17889
  -12301
   -6467
    -713
    5097
    9124
    8954
    5666
    1253
   -4432
  -11724
  -18971
  -24795
  -29483
  -33224
  -34913
  -33611
  -30548
  -26770
  -21477
  -13544
   -4785
    3145
    9468
   14347
   16844
   15978
   12130
    6656
    -597
   -9352
  -17823
  -24450
  -29722
  -33909
  -36178
  -35446
  -32749
  -29187
  -24488
  -18367
  -12430
   -8149
   -6393
   -6748
   -9653
  -14760
  -20225
  -25163
  -30267
  -35054
  -38074
  -38960
  -38534
  -37074
  -33883
  -29141
  -24793
  -21005
  -17050
  -12274
   -7928
   -5239
   -3599
   -3671
   -6507
  -10872
  -15442
  -20276
  -25657
  -30636
  -33832
  -35613
  -36725
  -36624
  -34727
  -32250
  -29863
  -26967
  -23535
  -21187
  -19794
  -18498
  -17448
  -18186
  -20514
  -23046
  -26268
  -32049
  -38935
  -44740
  -49171
  -53022
  -55204
  -54087
  -50326
  -45431
  -39573
  -32540
  -25849
  -21258
  -18514
  -16950
  -17502
  -20839
  -24794
  -27604
  -30466
  -33265
  -34904
  -34970
  -34638
  -34202
  -33200
  -31629
  -30691
  -30213
  -29464
  -29334
  -30403
  -31811
  -33055
  -34941
  -37223
  -38887
  -40211
  -42059
  -43594
  -44092
  -44432
  -44611
  -43354
  -41958
  -42420
  -43643
  -45067
  -47193
  -49593
  -51270
  -52619
  -54144
  -54685
  -53640
  -52350
  -50935
  -48891
  -45752
  -42837
  -40621
  -38408
  -34799
  -30855
  -28265
  -26759
  -25852
  -26553
  -29755
  -34306
  -38580
  -43134
  -48293
  -52593
  -54745
  -55006
  -54489
  -52896
  -49609
  -45882
  -42936
  -40850
  -38926
  -37799
  -38509
  -40209
  -41834
  -43864
  -47256
  -51565
  -56463
  -61775
  -67297
  -71612
  -73883
  -74657
  -74317
  -72530
  -68754
  -64202
  -60018
  -56035
  -51643
  -48149
  -46466
  -45934
  -45550
  -44955
  -44579
  -44651
  -44623
  -45409
  -47271
  -48997
  -50027
  -51453
  -53652
  -55816
  -57005
  -58042
  -58953
  -59207
  -58395
  -57718
  -57038
  -55463
  -53338
  -52214
  -52102
  -52104
  -52136
  -53137
  -55564
  -58207
  -61466
  -67113
  -74067
  -80240
  -84663
  -87978
  -89737
  -88762
  -84634
  -79383
  -73633
  -66928
  -59774
  -54027
  -50131
  -47649
  -47048
  -48234
  -49417
  -50290
  -51516
  -54272
  -58046
  -61547
  -64855
  -68539
  -71997
  -74126
  -75251
  -76371
  -77044
  -76083
  -73814
  -71427
  -68715
  -65093
  -61361
  -58816
  -57150
  -55485
  -54353
  -55266
  -57556
  -59787
  -62307
  -66871
  -73248
  -79062
  -84179
  -88536
  -91106
  -91000
  -88988
  -86518
  -83381
  -79089
  -74682
  -71031
  -67911
  -64734
  -62588
  -62164
  -62051
  -60473
  -58914
  -58911
  -59828
  -60894
  -63092
  -66598
  -70511
  -73623
  -76437
  -79342
  -81143
  -80884
  -79555
  -78188
  -76484
  -73865
  -71639
  -70986
  -71457
  -71919
  -72720
  -74384
  -76186
  -77069
  -77922
  -79298
  -81426
  -83522
  -85560
  -87718
  -89077
  -88633
  -87189
  -85959
  -84616
  -82431
  -80692
  -79786
  -79226
  -78622
  -78787
  -79912
  -81304
  -81137
  -79467
  -77586
  -75540
  -72767
  -70629
  -70152
  -70437
  -71160
  -73228
  -76510
  -79762
  -82154
  -84626
  -86848
  -87654
  -87264
  -86871
  -86254
  -84515
  -82081
  -80295
  -79407
  -78586
  -77990
  -78560
  -80101
  -81393
  -82929
  -86594
  -91374
  -95347
  -98131
 -100710
 -102326
 -101925
  -99531
  -96162
  -92361
  -88011
  -83729
  -80763
  -78979
  -77773
  -76597
  -77129
  -79482
  -82171
  -85026
  -88267
  -91504
  -93899
  -94618
  -94928
  -94821
  -93332
  -90308
  -86882
  -83414
  -79673
  -75603
  -72977
  -72305
  -73216
  -74805
  -78129
  -83393
  -88653
  -92634
  -96055
  -99113
 -100774
 -100460
  -99394
  -97831
  -95454
  -92170
  -89006
  -86783
  -85271
  -84103
  -84498
  -86542
  -88894
  -90571
  -92651
  -95756
  -98768
 -100228
 -100182
  -99429
  -98013
  -95421
  -92401
  -90309
  -88640
  -87721
  -88607
  -91221
  -94316
  -96503
  -98180
 -100297
 -102336
 -103365
 -103354
 -103675
 -103649
 -102321
 -100130
  -98389
  -97245
  -95812
  -93678
  -90966
  -88291
  -85547
  -83220
  -82458
  -83647
  -86044
  -89377
  -93692
  -98188
 -101866
 -104718
 -106962
 -107659
 -106088
 -103308
 -100211
  -96868
  -93336
  -90495
  -88489
  -87287
  -86827
  -87891
  -90582
  -93896
  -97152
 -100734
 -104243
 -106638
 -107231
 -106897
 -106124
 -104192
 -100971
  -97888
  -95836
  -94531
  -93857
  -95966
 -100345
 -105052
 -108903
 -112286
 -115262
 -116599
 -115507
 -113032
 -109937
 -106292
 -102014
  -98264
  -96019
  -94249
  -92240
  -90637
  -89076
  -86032
  -80470
  -73886
  -67116
  -59964
  -52708
  -47170
  -43746
  -41808
  -40550
  -41314
  -44301
  -49011
  -55441
  -63986
  -73654
  -82547
  -90319
  -97419
 -102576
 -104745
 -104290
 -102096
  -98196
  -92595
  -86216
  -80171
  -74717
  -69976
  -65836
  -63148
  -61892
  -61560
  -63253
  -66527
  -70396
  -74102
  -78499
  -82949
  -86099
  -87696
  -88577
  -88546
  -86808
  -83542
  -80159
  -76457
  -72221
  -68175
  -65833
  -65272
  -65815
  -69144
  -76091
  -84604
  -92837
 -100546
 -107502
 -112299
 -114025
 -113076
 -110143
 -105600
  -99098
  -91843
  -85675
  -80675
  -76364
  -73669
  -73438
  -75417
  -78119
  -81685
  -86707
  -92160
  -96656
 -100243
 -103621
 -105808
 -104709
 -101175
  -96810
  -91854
  -86256
  -81241
  -77901
  -75400
  -72930
  -71629
  -72010
  -73315
  -74607
  -76453
  -79461
  -82890
  -85970
  -89249
  -92331
  -94528
  -95156
  -95267
  -94840
  -93459
  -90932
  -88369
  -86443
  -84657
  -82939
  -82591
  -83805
  -85794
  -88047
