  137904
  126085
  111976
   96153
   78841
   60087
   40177
   19783
   -1021
  -22151
  -42959
  -62885
  -81994
 -100119
 -116685
 -131427
 -144469
 -155487
 -164052
 -170142
 -174047
 -175507
 -174059
 -169803
 -162863
 -153273
 -140895
 -125932
 -108742
  -89452
  -68064
  -45063
  -20993
    3901
   29414
   55028
   80042
  104129
  127214
  148778
  168173
  185129
  199597
  211213
  219406
  224092
  225419
  223326
  217553
  208160
  195609
  179941
  161142
  139483
  115702
   90186
   62850
   34164
    5222
  -23535
  -52007
  -79697
 -105809
 -130017
 -152243
 -172099
 -188987
 -202808
 -213638
 -221181
 -225080
 -225467
 -222599
 -216432
 -206855
 -193974
 -178351
 -160175
 -139371
 -116453
  -92258
  -67247
  -41494
  -15395
   10111
   34911
   59216
   82761
  104962
  124747
  141316
  154716
  164667
  171237
  174881
  175505
  172848
  167189
  158840
  147617
  133458
  117196
  101270
   84922
   65494
   42947
   19784
   -3241
  -26120
  -48292
  -69736
  -90616
 -110599
 -129188
 -146276
 -161394
 -173446
 -180421
 -181231
 -177896
 -171797
 -165007
 -157081
 -146961
 -134650
 -120417
 -104997
  -89733
  -73916
  -57205
  -40353
  -23866
   -8619
    5766
   19939
   33168
   44626
   54054
   61487
   67176
   71526
   74691
   76731
   77365
   76488
   74500
   72365
   70053
   65751
   58900
   50496
   40623
   29553
   17181
    4187
   -9064
  -22914
  -36982
  -50462
  -62998
  -75183
  -87006
  -97862
 -107362
 -115853
 -123209
 -129113
 -133604
 -136714
 -138256
 -137926
 -135985
 -132659
 -127671
 -120771
 -112421
 -103195
  -93182
  -82185
  -70672
  -58962
  -46974
  -34739
  -22703
  -11052
     163
   10843
   20456
   28806
   35993
   41990
   46327
   48937
   50116
   49984
   48192
   44768
   40130
   34456
   27483
   19101
    9588
    -763
  -11992
  -23891
  -35924
  -47997
  -60277
  -72671
  -84759
  -96095
 -106836
 -116960
 -126113
 -134040
 -140884
 -146545
 -150724
 -153262
 -154450
 -154238
 -152326
 -148553
 -143393
 -137000
 -129195
 -120144
 -110279
  -99723
  -88405
  -76528
  -64577
  -52668
  -40856
  -29311
  -18502
   -8698
     200
    8141
   14691
   19800
   23620
   26200
   27407
   27454
   26943
   26074
   24532
   22544
   20364
   17950
   15198
   12303
    9462
    6632
    3559
     440
   -2363
   -5027
   -7909
  -11062
  -14261
  -17391
  -20727
  -24344
  -28040
  -31616
  -35232
  -39043
  -42777
  -46114
  -49366
  -52720
  -56069
  -59079
  -61906
  -64787
  -67523
  -69801
  -71689
  -73351
  -74738
  -75412
  -75508
  -75267
  -74460
  -72870
  -70792
  -68448
  -65706
  -62389
  -58925
  -55459
  -51787
  -47859
  -44089
  -40669
  -37441
  -34347
  -31738
  -29780
  -28277
  -27065
  -26407
  -26279
  -26314
  -26469
  -27194
  -28469
  -30010
  -31792
  -34136
  -37084
  -40245
  -43323
  -46608
  -50201
  -53868
  -57440
  -61160
  -65014
  -68705
  -71980
  -75103
  -78182
  -80993
  -83311
  -85393
  -87402
  -89191
  -90554
  -91785
  -92842
  -93408
  -93326
  -92750
  -91908
  -90757
  -88943
  -86797
  -84583
  -82227
  -79494
  -76611
  -73845
  -71069
  -68214
  -65554
  -63352
  -61490
  -59747
  -58432
  -57633
  -57113
  -56782
  -56932
  -57535
  -58361
  -59419
  -60968
  -62984
  -65231
  -67510
  -70104
  -72999
  -75823
  -78628
  -81665
  -84865
  -87796
  -90498
  -93258
  -95897
  -97993
  -99745
 -101681
 -103809
 -105616
 -107099
 -108181
 -108404
 -107774
 -106830
 -105801
 -104416
 -102734
 -101007
  -99167
  -97009
  -94774
  -92535
  -90194
  -87920
  -85904
  -83952
  -82008
  -80326
  -78846
  -77335
  -75952
  -74975
  -74346
  -73761
  -73426
  -73372
  -73482
  -73706
  -74305
  -75457
  -76902
  -78489
  -80443
  -82742
  -85109
  -87466
  -89972
  -92637
  -95301
  -97823
 -100453
 -103208
 -105766
 -108035
 -110321
 -112562
 -114484
 -116069
 -117551
 -118816
 -119634
 -120040
 -120321
 -120433
 -120166
 -119477
 -118653
 -117706
 -116335
 -114713
 -113160
 -111529
 -109548
 -107466
 -105499
 -103585
 -101501
  -99534
  -97907
  -96430
  -94911
  -93607
  -92705
  -92144
  -91621
  -91304
  -91441
  -91909
  -92255
  -92709
  -93631
  -94816
  -95995
  -97439
  -99294
 -101108
 -102692
 -104526
 -106802
 -110530
 -115568
 -120906
 -126015
 -130414
 -134551
 -138498
 -142439
 -148425
 -154798
 -159445
 -164217
 -173876
 -183081
 -189730
 -188013
 -175180
 -160930
 -148125
 -136596
 -125283
 -113647
 -102656
  -92445
  -81938
  -70606
  -59382
  -49068
  -39598
  -30771
  -23098
  -16767
  -11579
   -7519
   -4950
   -4078
   -4693
   -6514
   -9749
  -14512
  -20544
  -27504
  -35421
  -44620
  -55055
  -66293
  -78208
  -90990
 -104513
 -117897
 -130703
 -143163
 -155500
 -167416
 -178377
 -188159
 -196948
 -204668
 -210937
 -215243
 -217732
 -219146
 -219994
 -220161
 -218375
 -216870
 -216222
 -217691
 -216372
 -211396
 -204288
 -191832
 -172335
 -149468
 -127266
 -103513
  -80213
  -58206
  -37713
  -19109
   -2109
   13385
   26826
   37604
   45303
   50146
   52061
   50975
   47189
   40969
   32086
   20795
    7620
   -7230
  -24272
  -43214
  -63108
  -83616
 -107320
 -132968
 -157628
 -181352
 -203810
 -224760
 -243384
 -260382
 -279085
 -296010
 -308484
 -316760
 -322136
 -324480
 -323557
 -319189
 -311870
 -301255
 -286128
 -266788
 -243737
 -217117
 -187369
 -155701
 -122880
  -88924
  -54017
  -18527
   17524
   53669
   88069
  119806
  149347
  176114
  198101
  213937
  223070
  225098
  219618
  206318
  184876
  154901
  116212
   70240
   18944
  -35491
  -92496
 -149589
 -203314
 -251671
 -292959
 -325948
 -349665
 -363940
 -368874
 -364590
 -351195
 -329213
 -298631
 -260881
 -217756
 -170349
 -117613
  -61301
   -2228
   58301
  117504
  171703
  219335
  258974
  289699
  311067
  323110
  326286
  321549
  309566
  290992
  266741
  237524
  203825
  167074
  127946
   86916
   45182
    3603
  -37282
  -76400
 -112947
 -146433
 -176210
 -201231
 -220805
 -234743
 -242994
 -245399
 -241722
 -232230
 -216798
 -194755
 -166110
 -131663
  -92203
  -47695
    2603
   58197
  117584
  179496
  242326
  304734
  366324
  426753
  485222
  540813
  592343
  638582
  678708
  711902
  737621
  755690
  765981
  768428
  763346
  751263
  732536
  707481
  676500
  640546
  600404
  556107
  508175
  457352
  404292
  349571
  293901
  237965
  182545
  128114
   75344
   25068
  -22018
  -65677
 -105219
 -139793
 -168912
 -192286
 -209484
 -220042
 -223908
 -221405
 -212403
 -196729
 -174662
 -147001
 -114142
  -76231
  -33759
   12170
   60632
  111350
  163834
  216908
  269365
  320476
  369633
  415851
  457953
  494613
  525300
  550207
  568851
  581141
  587091
  586511
  579106
  565018
  544886
  519157
  487902
  451469
  410819
  366688
  319402
  269495
  218141
  166444
  114974
   64253
   15199
  -31086
  -73896
 -113153
 -148455
 -178756
 -203264
 -222075
 -235162
 -242144
 -242629
 -236943
 -225623
 -208661
 -185988
 -158079
 -125829
  -89796
  -50316
   -7882
   36367
   81583
  127244
  172837
  217430
  260095
  300253
  337571
  371503
  401264
  426424
  446794
  462258
  472216
  476282
  474635
  467568
  454943
  436653
  413265
  385399
  353545
  318145
  279380
  237975
  195008
  151210
  106881
   62602
   19309
  -22295
  -61975
  -99029
 -132504
 -161632
 -186371
 -206576
 -221705
 -231233
 -235126
 -233517
 -226161
 -212925
 -194595
 -171868
 -144931
 -114080
  -79777
  -42706
   -3569
   37197
   79102
  121230
  162671
  202953
  241677
  277903
  310764
  339907
  365187
  386050
  401904
  412540
  418012
  418228
  412870
  401973
  385995
  365142
  339423
  309520
  276104
  239882
  201001
  160053
  118252
   76268
   34446
   -6764
  -46530
  -84098
 -119056
 -151130
 -179826
 -204327
 -224163
 -239867
 -251024
 -256998
 -257741
 -253513
 -244315
 -230159
 -211437
 -188527
 -161872
 -131743
  -98597
  -63507
  -27545
    9027
   46199
   83529
  120396
  156095
  190243
  222221
  251179
  276684
  298511
  316358
  329568
  337852
  341212
  339823
  333504
  322251
  306491
  286721
  262923
  235257
  204228
  170334
  134061
   95797
   56223
   16262
  -23458
  -62619
 -100573
 -136405
 -169538
 -199357
 -225251
 -246875
 -263804
 -276115
 -283758
 -286588
 -284356
 -277162
 -265409
 -249193
 -228522
 -203705
 -175378
 -144197
 -110478
  -74422
  -36792
    1177
   38688
   75607
  111333
  144881
  175839
  203981
  228940
  249848
  266333
  278650
  287043
  291118
  290369
  285028
  275483
  261583
  243298
  221006
  195352
  166680
  135155
  101173
   65486
   28894
   -8263
  -45619
  -82351
 -117777
 -152024
 -184738
 -214937
 -241777
 -264980
 -284398
 -299644
 -310274
 -316150
 -317371
 -313797
 -304922
 -291007
 -272789
 -250658
 -224690
 -195016
 -162419
 -127749
  -91385
  -53610
  -15193
   22889
   60116
   96137
  130348
  161943
  190362
  215175
  235771
  251630
  262626
  268831
  270291
  266663
  257948
  244536
  226802
  204926
  179330
  150714
  119596
   86227
   50859
   14072
  -23266
  -60717
  -97948
 -134230
 -168666
 -200827
 -230589
 -257554
 -281016
 -300394
 -315611
 -326662
 -333547
 -335959
 -333942
 -327559
 -316608
 -301164
 -281627
 -258573
 -232286
 -202967
 -170930
 -136824
 -101401
  -65140
  -28394
    8092
   43473
   77289
  109200
  138604
  164825
  187497
  206345
  221129
  231376
  236610
  236853
  232293
  222576
  207568
  187951
  164330
  136991
  105999
   71951
   35738
   -1925
  -40736
  -80193
 -119337
 -157104
 -193067
 -227076
 -258643
 -286879
 -311253
 -331700
 -347967
 -359653
 -366336
 -368281
 -365726
 -358801
 -347243
 -331214
 -311189
 -287523
 -260596
 -230816
 -198700
 -164717
 -129211
  -92602
  -55726
  -19272
   16427
   51127
   84477
  116003
  145236
  171827
  195158
  214360
  229104
  239487
  245275
  246151
  241999
  233094
  219583
  201397
  178725
  152149
  122187
   88872
   52391
   13668
  -26295
  -67089
 -108091
 -148356
 -186941
 -223456
 -257530
 -288431
 -315411
 -337781
 -355550
 -368639
 -376640
 -379480
 -377446
 -370684
 -359193
 -342872
 -322067
 -297210
 -268759
 -236849
 -202122
 -165514
 -127473
  -88453
  -49596
  -11908
   24270
   58805
   91095
  120468
  146496
  169009
  187774
  202138
  211939
  217574
  219112
  216079
  208248
  196056
  179821
  159413
  135200
  107810
   77613
   44906
   10235
  -25613
  -62248
  -99379
 -136248
 -172016
 -206570
 -239909
 -271245
 -299753
 -325198
 -347256
 -365395
 -379173
 -388603
 -393707
 -394091
 -389209
 -378969
 -363975
 -344684
 -321304
 -294074
 -263525
 -230398
 -195275
 -158533
 -120537
  -82025
  -43893
   -6773
   29099
   63300
   94970
  123256
  147382
  167291
  182885
  193674
  199421
  200101
  196015
  187289
  173710
  155513
  133310
  107980
   79596
   48268
   14670
  -20257
  -56112
  -92840
 -129805
 -166042
 -200785
 -233663
 -264432
 -292580
 -317251
 -338173
 -355404
 -368844
 -378247
 -383382
 -384269
 -380995
 -373549
 -361801
 -345834
 -326215
 -303375
 -277459
 -248542
 -216926
 -183412
 -148714
 -113070
  -76966
  -41370
   -7080
   25519
   56182
   84168
  108835
  129808
  146980
  160183
  168879
  172810
  172088
  166646
  156088
  140668
  120819
   97095
   69965
   39591
    6529
  -28458
  -64714
 -101965
 -139451
 -176083
 -211174
 -244450
 -275734
 -304569
 -330167
 -352016
 -370169
 -384493
 -394469
 -399689
 -400416
 -396954
 -389191
 -376912
 -360425
 -340460
 -317702
 -292075
 -263762
 -233619
 -202238
 -169916
 -137028
 -104215
  -72154
  -41102
  -11087
   17576
   43992
   67554
   88207
  105612
  119022
  128205
  133300
  134529
  131647
  124298
  112717
   97362
   78248
   55510
   29768
    1777
  -28523
  -61051
  -95161
 -129961
 -164764
 -199408
 -233227
 -265549
 -295715
 -323418
 -348307
 -369400
 -386204
 -398811
 -407153
 -410985
 -410024
 -404557
 -394924
 -381077
 -363088
 -341539
 -316919
 -289507
 -259508
 -227577
 -194335
 -160284
 -125973
  -92411
  -60070
  -29273
    -470
   25839
   49109
   69092
   85667
   98418
  107052
  111880
  113198
  110834
  104406
   93953
   79846
   62464
   41861
   18075
   -8314
  -36612
  -66497
  -97785
 -129885
 -162008
 -193625
 -224575
 -254545
 -283137
 -309523
 -333377
 -354624
 -372792
 -387284
 -397894
 -404670
 -407529
 -406144
 -400313
 -390123
 -376062
 -358227
 -336652
 -312033
 -284942
 -255756
 -224823
 -192975
 -160933
 -128910
  -97148
  -66410
  -37468
  -10484
   14469
   36484
   54693
   69104
   79722
   86171
   88312
   86187
   80172
   70204
   56301
   38735
   18094
   -4975
  -30270
  -57405
  -85808
 -115241
 -145438
 -175957
 -206130
 -235393
 -263507
 -290003
 -314146
 -335234
 -353167
 -367885
 -378895
 -385807
 -388877
 -388414
 -384163
 -375838
 -363601
 -347921
 -329138
 -307433
 -283118
 -257032
 -229378
 -200071
 -169664
 -139223
 -109561
  -81050
  -53808
  -28340
   -4646
   17579
   38402
   57527
   74983
   90956
  105273
  117638
  128022
  136369
  142296
  145367
  145569
  142669
  136409
  126815
  114251
   98838
   80724
   60510
   38868
   16342
   -6449
  -29119
  -51161
  -72336
  -92653
 -111925
 -129755
 -145650
 -159451
 -171163
 -180411
 -186682
 -190231
 -191377
 -189965
 -185711
 -178777
 -169984
 -159474
 -147174
 -133197
 -118149
 -102547
  -86479
  -70062
  -53772
  -37968
  -22579
   -7386
    7069
   20362
   32335
   43045
   52109
   59171
   64275
   67515
   68520
   67168
   63633
   58269
   51034
   41644
   30338
   17443
    2714
  -13823
  -31636
  -50080
  -68935
  -87983
 -106421
 -123575
 -139414
 -154110
 -167540
 -179250
 -189025
 -197151
 -203834
 -208630
 -211259
 -212099
 -211001
 -207377
 -201255
 -193215
 -183479
 -171838
 -158405
 -143863
 -128773
 -113480
  -97999
  -82945
  -68447
  -54136
  -39876
  -26275
  -13901
   -2667
    7564
   16486
   23563
   28475
   31326
   32234
   30880
   27403
   22398
   15958
    7751
   -2242
  -13723
  -26393
  -40315
  -55421
  -71473
  -88038
 -105066
 -122353
 -139178
 -154847
 -169557
 -183248
 -195436
 -205828
 -214570
 -221588
 -226896
 -230431
 -232215
 -232350
 -230574
 -226337
 -219888
 -211669
 -201877
 -190480
 -177791
 -164313
 -150260
 -135908
 -121521
 -107651
  -94413
  -81538
  -68748
  -56599
  -45599
  -35687
  -26845
  -19595
  -14317
  -10937
   -9270
   -9576
  -11919
  -15958
  -21287
  -28139
  -36501
  -46058
  -56687
  -68576
  -81510
  -95035
 -109357
 -124519
 -140100
 -155451
 -170231
 -183989
 -196464
 -207467
 -217181
 -225589
 -232242
 -237140
 -240669
 -242840
 -243156
 -241812
 -239040
 -234494
 -227847
 -219525
 -209801
 -198743
 -186445
 -173334
 -159850
 -146504
 -133303
 -120459
 -108362
  -96984
  -85981
  -75573
  -66318
  -58263
  -51218
  -45402
  -41167
  -38698
  -38184
  -39649
  -43216
  -48642
  -55334
  -62895
  -71547
  -81304
  -91781
 -102736
 -114273
 -126412
 -139147
 -152166
 -165464
 -178774
 -191661
 -203562
 -214481
 -224290
 -232607
 -239303
 -244605
 -248474
 -250897
 -251822
 -251239
 -249326
 -245825
 -240459
 -233335
 -224961
 -215263
 -203928
 -191590
 -178755
 -165440
 -152115
 -139309
 -127304
 -116175
 -105733
  -95865
  -86812
  -79004
  -72509
  -67188
  -63342
  -61194
  -60744
  -62003
  -64991
  -69861
  -76395
  -84078
  -92490
 -101932
 -112419
 -123631
 -135387
 -147712
 -160390
 -173245
 -185983
 -198464
 -210688
 -222277
 -232516
 -241283
 -248882
 -255159
 -259799
 -262948
 -264667
 -264984
 -263881
 -261394
 -257645
 -252673
 -246168
 -237802
 -228052
 -217302
 -205598
 -193179
 -180467
 -167739
 -155282
 -143401
 -132318
 -122120
 -112661
 -103794
  -95730
  -88880
  -83342
  -79033
  -76329
  -75384
  -76009
  -78125
  -82245
  -88512
  -96480
 -105687
 -115717
 -126489
 -137885
 -149452
 -161274
 -173470
 -185610
 -197424
 -209226
 -220939
 -231978
 -241939
 -250684
 -258059
 -264083
 -268564
 -271293
 -272585
 -272477
 -270664
 -267310
 -263043
 -257875
 -251571
 -244027
 -235687
 -226458
 -216200
 -204928
 -193134
 -181357
 -169618
 -157964
 -146721
 -136239
 -126518
 -117492
 -109534
 -102913
  -97629
  -93500
  -90591
  -89470
  -90311
  -92580
  -96055
 -100963
 -107096
 -114066
 -121625
 -129924
 -138867
 -148125
 -157374
 -166744
 -176318
 -185816
 -194858
 -203477
 -212016
 -220195
 -227254
 -233127
 -238024
 -241799
 -244116
 -244958
 -244687
 -243231
 -240593
 -236837
 -232241
 -226902
 -220690
 -213689
 -206298
 -198403
 -190007
 -181240
 -172379
 -163688
 -155143
 -146761
 -138871
 -131466
 -124438
 -118038
 -112778
 -108718
 -105862
 -104021
 -103189
 -103606
 -105232
 -107781
 -111247
 -115979
 -121921
 -128580
 -135686
 -143489
 -152006
 -161079
 -170683
 -180856
 -191394
 -202012
 -212340
 -222163
 -231480
 -240185
 -247928
 -254722
 -260814
 -265894
 -269471
 -271593
 -272553
 -272254
 -270484
 -267139
 -262437
 -256281
 -248694
 -239928
 -230327
 -220001
 -208853
 -197017
 -185110
 -173488
 -161869
 -150260
 -139277
 -129097
 -119818
 -111539
 -104486
  -98729
  -94287
  -91043
  -89296
  -89284
  -90771
  -93450
  -97664
 -103566
 -111514
 -121075
 -132035
 -144574
 -158222
 -172391
 -187000
 -201918
 -216697
 -230886
 -244384
 -256865
 -267941
 -277279
 -284897
 -290967
 -295351
 -297809
 -298479
 -297537
 -294911
 -290524
 -284664
 -277604
 -269226
 -259526
 -248780
 -237156
 -224977
 -212529
 -200055
 -187899
 -176123
 -164699
 -153891
 -144185
 -135520
 -127787
 -121268
 -116068
 -111971
 -109022
 -107252
 -106955
 -108359
 -111424
 -115937
 -121878
 -129283
 -137784
 -146926
 -156665
 -166918
 -177529
 -188246
 -197773
 -207498
 -216659
 -224335
 -232038
 -239839
 -247230
 -253670
 -259156
 -263371
 -266185
 -268001
 -268816
 -268584
 -267022
 -264120
 -260245
 -255350
 -249347
 -242274
 -234641
 -226510
 -217751
 -208522
 -199219
 -189974
 -179887
 -168267
 -156429
 -145620
 -135799
 -126169
 -117209
 -109164
 -102040
  -96076
  -91703
  -89000
  -87629
  -87618
  -89295
  -92330
  -96451
 -101814
 -108724
 -117005
 -126163
 -136238
 -147331
 -159148
 -171470
 -184306
 -197630
 -211106
 -224175
 -236954
 -249413
 -261534
 -273233
 -284428
 -294657
 -303481
 -310806
 -316794
 -321203
 -323810
 -324821
 -324273
 -321869
 -317110
 -310105
 -301180
 -290343
 -277769
 -263780
 -248694
 -232788
 -216187
 -199480
 -182994
 -166842
 -151117
 -136341
 -122858
 -110554
  -99777
  -91154
  -84845
  -80559
  -78608
  -79212
  -82193
  -87336
  -94622
 -104177
 -115728
 -128869
 -143361
 -158754
 -174883
 -191540
 -208536
 -225612
 -242327
 -258350
 -273801
 -288406
 -301716
 -313579
 -324046
 -332847
 -339650
 -344344
 -347126
 -347974
 -346973
 -344066
 -339413
 -333064
 -325034
 -315561
 -304905
 -292992
 -279937
 -266120
 -251683
 -236590
 -221078
 -205521
 -190004
 -174792
 -160454
 -147141
 -134891
 -123939
 -114591
 -106827
 -100796
  -96796
  -94707
  -94550
  -96750
 -101227
 -104795
 -107384
 -114100
 -123951
 -135504
 -148856
 -163523
 -179769
 -196724
 -214218
 -232110
 -249589
 -266578
 -283012
 -298512
 -312799
 -324033
 -331509
 -335580
 -335791
 -332971
 -328266
 -325487
 -328256
 -329588
 -325719
 -318370
 -307766
 -294150
 -278090
 -261396
 -247400
 -235787
 -225449
 -216336
 -199014
 -196716
 -203383
 -209429
 -215417
 -221160
 -227968
 -238716
 -255040
 -275223
 -297715
 -321712
 -346434
 -370825
 -393126
 -412224
 -427246
 -438695
 -447565
 -452725
 -453938
 -451293
 -444024
 -432339
 -416700
 -397076
 -373520
 -346459
 -315407
 -278656
 -237879
 -195839
 -152727
 -110916
  -71459
  -34415
     242
   32450
   60291
   83533
  103632
  120816
  134149
  142755
  146160
  144979
  140154
  131154
  117876
  100725
   79292
   53851
   25181
   -6250
  -40092
  -75762
 -112558
 -149999
 -187703
 -224927
 -260669
 -294191
 -325294
 -353530
 -378219
 -399038
 -415907
 -428462
 -436307
 -439391
 -437900
 -431688
 -420687
 -405325
 -386051
 -362964
 -336014
 -305800
 -273527
 -239610
 -204213
 -167880
 -131436
  -95415
  -60092
  -26007
    6092
   35671
   62603
   86956
  108062
  125415
  138784
  147946
  152533
  152388
  147725
  138708
  125236
  107468
   85888
   60983
   32954
    2212
  -30323
  -63546
  -98195
 -134772
 -172824
 -210874
 -247554
 -282345
 -314840
 -344294
 -370371
 -392802
 -410995
 -424166
 -432123
 -435074
 -432974
 -425662
 -413363
 -396641
 -375840
 -350815
 -321796
 -289825
 -255418
 -218985
 -180904
 -141886
 -102784
  -64224
  -26813
    8442
   40950
   70415
   96745
  119316
  137599
  151576
  161145
  165815
  165561
  160987
  152540
  139902
  123185
  102857
   79293
   52589
   23073
   -8533
  -41577
  -75842
 -110986
 -146320
 -181074
 -214709
 -247186
 -278189
 -306804
 -332291
 -354385
 -372748
 -386821
 -396192
 -400806
 -400590
 -395577
 -385712
 -371323
 -352929
 -330850
 -305144
 -276157
 -244807
 -211511
 -176550
 -140446
 -104407
  -69067
  -34702
   -1551
   29748
   58417
   83944
  106434
  125733
  141216
  152701
  160429
  164269
  163821
  159146
  150549
  138188
  122078
  102199
   79191
   53378
   24547
   -6662
  -39351
  -72796
 -106619
 -140340
 -173196
 -204300
 -233491
 -260396
 -284484
 -305210
 -322559
 -336373
 -346287
 -352047
 -353881
 -351807
 -345426
 -335004
 -321298
 -304569
 -284677
 -261706
 -236266
 -208851
 -179689
 -148876
 -117043
  -85101
  -53615
  -22831
    6912
   34834
   60117
   82371
  101428
  116983
  128877
  137378
  142589
  144087
  141661
  135540
  126007
  112960
   96244
   76021
   52936
   27342
    -537
  -30029
  -60152
  -90687
 -121407
 -151700
 -180866
 -208609
 -234680
 -258866
 -280863
 -300336
 -316994
 -330226
 -339230
 -343924
 -344743
 -341606
 -334309
 -322962
 -307954
 -289618
 -268374
 -244659
 -218803
 -191034
 -161643
 -130899
  -99378
  -67645
  -36161
   -5498
   23544
   50711
   75632
   97558
  116132
  131066
  142267
  149951
  153958
  154032
  150377
  143158
  132099
  117306
   99112
   77700
   53156
   26009
   -3124
  -33509
  -64595
  -95995
 -127146
 -157392
 -186493
 -214153
 -239765
 -262821
 -283521
 -301690
 -316705
 -328173
 -335804
 -339389
 -338972
 -334418
 -325919
 -313794
 -298233
 -279428
 -258042
 -234738
 -209578
 -182651
 -154303
 -124972
  -95044
  -64867
  -35014
   -6354
   20821
   46129
   69220
   89212
  105756
  119017
  128876
  135048
  137711
  136972
  132917
  125213
  113893
   99275
   81727
   60952
   37090
   11102
  -16475
  -45770
  -76067
 -106288
 -135963
 -164948
 -192979
 -219329
 -243319
 -265063
 -284668
 -301615
 -315286
 -325579
 -332363
 -335192
 -333793
 -328213
 -318867
 -305787
 -288963
 -268776
 -245807
 -220474
 -192688
 -162510
 -130474
  -96681
  -61120
  -24352
   12727
   49442
   85398
  120057
  152473
  181519
  206758
  228166
  245115
  257180
  264533
  267337
  265247
  258020
  245848
  229166
  207945
  182076
  151872
  118227
   81830
   43007
    2587
  -38314
  -78977
 -118895
 -157801
 -194919
 -229469
 -261163
 -289877
 -315236
 -336530
 -353538
 -365903
 -373062
 -374490
 -370355
 -361158
 -347072
 -328112
 -304753
 -277434
 -246728
 -213410
 -177888
 -140456
 -101777
  -62450
  -22915
   15897
   53398
   89218
  122859
  153343
  179928
  202219
  220157
  233277
  241265
  244491
  243386
  237741
  227179
  211902
  192500
  169310
  142192
  111318
   77428
   41218
    3016
  -36375
  -75775
 -114499
 -152327
 -188706
 -222802
 -254100
 -282469
 -307595
 -329107
 -346497
 -359694
 -368467
 -372336
 -370955
 -364748
 -353966
 -338534
 -318580
 -294592
 -267149
 -236817
 -203894
 -168833
 -132496
  -95361
  -57557
  -19601
   17381
   52671
   86139
  117398
  145528
  169933
  189997
  205680
  216920
  223381
  225091
  222613
  215903
  204573
  188731
  168891
  145584
  118899
   88889
   56080
   21248
  -15336
  -53001
  -90683
 -127422
 -162972
 -196970
 -228744
 -257541
 -283076
 -305233
 -323733
 -338132
 -348351
 -354332
 -355729
 -352028
 -343461
 -330549
 -313444
 -292240
 -267369
 -239449
 -209015
 -176607
 -142756
 -108308
  -73564
  -38529
   -3310
   31012
   63726
   94502
  122822
  147964
  169383
  186499
  199211
  207317
  210749
  209536
  204267
  195114
  181800
  164608
  143916
  120045
   93136
   63476
   31396
   -2449
  -37497
  -72968
 -108018
 -141870
 -174391
 -205261
 -233817
 -259508
 -282185
 -301576
 -317438
 -329553
 -337834
 -342116
 -342152
 -337518
 -328418
 -315316
 -298185
 -277154
 -252790
 -225659
 -196255
 -165096
 -132942
 -100407
  -67670
  -34913
   -2553
   28684
   58318
   86248
  111927
  134547
  153759
  169238
  180560
  187358
  189632
  187516
  181301
  171050
  156740
  138674
  117318
   92824
   65654
   36256
    4855
  -28455
  -62979
  -97848
 -132316
 -165740
 -197612
 -227333
 -254334
 -278396
 -299177
 -316281
 -329507
 -339131
 -344943
 -346639
 -344081
 -337341
 -326395
 -311321
 -292154
 -269277
 -243427
 -215030
 -184486
 -152534
 -120055
  -87542
  -55214
  -23295
    7993
   37856
   65647
   91305
  114426
  134295
  150617
  163233
  171828
  175981
  175384
  170265
  161233
  148546
  132161
  112522
   90172
   65472
   38623
   10060
  -19528
  -49738
  -80414
 -111144
 -141257
 -170064
 -197201
 -222677
 -246250
 -267246
 -285349
 -300485
 -312423
 -320666
 -324977
 -325393
 -321810
 -314304
 -302905
 -288208
 -270318
 -249366
 -225711
 -199823
 -172165
 -143091
 -112894
  -82296
  -52232
  -23029
    5180
   31890
   56426
   78546
   98181
  115038
  128866
  139526
  146939
  150868
  150893
  147063
  139752
  129284
  115662
   98723
   78831
   56579
   32003
    5112
  -23525
  -53092
  -83135
 -113403
 -143339
 -172140
 -199078
 -223904
 -246377
 -266013
 -282468
 -295640
 -305248
 -310847
 -312466
 -310392
 -304608
 -295008
 -281900
 -265987
 -247438
 -226374
 -203036
 -177997
 -151733
 -124434
  -96264
  -67720
  -39256
  -11336
   15687
   41185
   64599
   85623
  104195
  119829
  132104
  140897
  146205
  147470
  144550
  137909
  127817
  114286
   97319
   77280
   54877
   30687
    4935
  -21954
  -49359
  -77096
 -104994
 -132432
 -158862
 -183926
 -207477
 -229077
 -248082
 -264492
 -278431
 -289558
 -297528
 -302257
 -303875
 -302263
 -297184
 -288564
 -276622
 -261665
 -243720
 -223055
 -200268
 -175666
 -149441
 -122018
  -94060
  -66052
  -38273
  -11275
   13996
   37204
   58248
   76970
   92861
  105625
  115170
  121651
  124990
  124804
  121232
  114587
  104776
   91818
   76019
   57863
   37587
   15241
   -8703
  -33748
  -59840
  -86809
 -114040
 -140769
 -166679
 -191596
 -215028
 -236311
 -254866
 -270628
 -283418
 -292854
 -298883
 -301607
 -300918
 -296651
 -288922
 -278174
 -264595
 -248297
 -229669
 -209386
 -187571
 -164281
 -139702
 -114459
  -89171
  -63998
  -38793
  -14047
    9554
   31667
   52170
   70798
   86949
  100307
  110839
  118174
  122011
  122382
  119400
  112878
  102716
   89254
   72859
   53918
   32547
    9017
  -15989
  -41721
  -67999
  -94654
 -121204
 -147064
 -172011
 -195748
 -217734
 -237577
 -254915
 -269702
 -281832
 -291250
 -297649
 -300963
 -301296
 -298430
 -292161
 -282795
 -270746
 -255634
 -237399
 -216562
 -193879
 -169696
 -143988
 -117127
  -89918
  -62838
  -36141
  -10117
   14560
   37150
   57246
   74881
   89803
  101601
  110151
  115442
  117448
  116233
  111774
  104206
   93651
   80074
   63732
   45136
   24776
    2558
  -21314
  -46353
  -72015
  -98233
 -125134
 -152033
 -178105
 -202892
 -226273
 -247721
 -266603
 -282555
 -295278
 -304592
 -310254
 -312162
 -310485
 -305253
 -296397
 -284092
 -268618
 -250145
 -229020
 -205632
 -180713
 -154554
 -127220
  -99219
  -71204
  -43662
  -16680
    9321
   33885
   56971
   78231
   96912
  112725
  125540
  135287
  141601
  144198
  143264
  138859
  130799
  119061
  103890
   85815
   64924
   41539
   15967
  -11128
  -39317
  -68026
  -96523
 -124460
 -151641
 -177721
 -202209
 -224690
 -244996
 -262723
 -277469
 -288832
 -296826
 -301548
 -303154
 -301396
 -296424
 -288473
 -277482
 -263335
 -246501
 -227223
 -205459
 -181450
 -155770
 -129131
 -101911
  -74307
  -46865
  -20270
    5083
   28926
   51008
   70682
   87482
  101362
  112160
  119486
  123152
  123348
  120213
  113618
  103894
   91413
   76269
   58309
   37850
   15437
   -8421
  -33529
  -59690
  -86349
 -112783
 -138672
 -164032
 -188636
 -211874
 -233301
 -252853
 -270105
 -284597
 -295893
 -303800
 -308415
 -309507
 -306820
 -300783
 -291560
 -279258
 -263953
 -245899
 -225591
 -203363
 -179487
 -154213
 -128354
 -102450
  -76667
  -51235
  -26697
   -3703
   17438
   36877
   54513
   69731
   82255
   92041
   98975
  102644
  102944
  100050
   94246
   85485
   73660
   59061
   42036
   22565
     718
  -23121
  -48194
  -73882
 -100080
 -126532
 -152649
 -177813
 -201743
 -224318
 -245001
 -262989
 -277907
 -289963
 -298961
 -304511
 -306668
 -305802
 -301733
 -294338
 -283753
 -270795
 -255625
 -237538
 -216814
 -193550
 -167948
 -140073
 -110502
  -79155
  -45936
  -10786
   26029
   63479
  100512
  136616
  171363
  204474
  235146
  262508
  287119
  308208
  324221
  333691
  338778
  342372
  342147
  336488
  325149
  310466
  293072
  272839
  248959
  222292
  194066
  164959
  135047
  105088
   76471
   49922
   25655
    4151
  -14815
  -32010
  -48358
  -64242
  -79785
  -94787
 -108444
 -120251
 -130237
 -138203
 -143951
 -147906
 -150374
 -150928
 -149044
 -144549
 -137581
 -128306
 -116849
 -102904
  -85939
  -65310
  -40586
  -11889
   20479
   55752
   93142
  132043
  171847
  211477
  250089
  287324
  322481
  354617
  383174
  407874
  428180
  443649
  454310
  460277
  461116
  456704
  447097
  432273
  411585
  384910
  353020
  316682
  276767
  234602
  191568
  148544
  106549
   66799
   30173
   -3000
  -32327
  -57271
  -77539
  -93094
 -103751
 -109470
 -110649
 -107616
 -100438
  -89203
  -74385
  -56459
  -35598
  -11879
   13952
   40584
   66682
   91171
  113335
  133736
  153301
  172566
  191475
  209917
  227674
  244194
  259138
  272665
  284979
  295750
  304804
  312348
  318587
  323210
  326233
  327847
  327896
  326194
  322982
  318666
  312874
  305272
  296017
  285301
  273124
  260034
  246924
  234092
  221429
  208962
  196641
  183982
  171071
  159637
  149989
  141357
  134225
  129074
  126407
  125702
  127351
  131574
  137843
  146130
  156465
  168611
  181992
  196479
  212155
  228969
  246648
  265170
  284342
  303468
  322063
  340531
  359080
  376774
  392808
  407118
  419390
  429136
  435736
  438940
  438833
  435127
  427791
  417192
  403674
  387137
  367682
  345748
  321772
  296000
  269188
  242399
  216319
  191191
  167390
  145500
  125796
  108622
   94211
   82825
   74372
   68979
   66664
   67407
   70834
   76777
   85162
   95914
  108875
  123982
  141003
  159760
  179677
  200220
  221067
  242071
  262554
  281828
  299802
  316260
  330699
  342767
  352437
  359834
  364743
  366936
  366522
  363792
  358707
  351059
  340855
  328199
  313133
  295763
  276683
  256236
  234531
  211791
  188743
  166148
  144054
  122513
  102027
   83114
   66119
   51454
   39399
   29989
   23042
   18519
   16555
   17385
   20997
   27090
   35475
   46228
   59153
   73701
   89465
  106412
  124260
  142286
  160190
  178497
  197584
  217395
  237504
  257384
  276673
  294951
  311786
  326996
  340706
  352553
  361907
  368671
  372803
  374202
  372459
  367564
  359985
  350279
  338259
  323800
  307190
  288826
  268650
  246614
  223199
  199031
  174330
  149191
  124134
   99727
   76140
   53621
   32783
   14254
   -1776
  -15065
  -25142
  -31615
  -34766
  -34882
  -32193
  -27288
  -20910
  -13117
   -3712
    6752
   17679
   28361
   37909
   45420
   50797
   54695
   58086
   61400
   65523
   70903
   77530
   85133
   93595
  103082
  113484
  124434
  136029
  148443
  161420
  174430
  187305
  200091
  212343
  223475
  233421
  242365
  249972
  255761
  259763
  261962
  261850
  259109
  254150
  247413
  238817
  228309
  216278
  203207
  189170
  174097
  158160
  141848
  125540
  109369
   93830
   79567
   66788
   55268
   45130
   36784
   30471
   26051
   23496
   23036
   24838
   28617
   34087
   41269
   50236
   60701
   72274
   84872
   98479
  112788
  127337
  142022
  156646
  170351
  182924
  194545
  205234
  214444
  221820
  227605
  231985
  234788
  235729
  234890
  232620
  228766
  223277
  216840
  209604
  201273
  191727
  181228
  170133
  158499
  146340
  133968
  121694
  109524
   97475
   85718
   74719
   64544
   55114
   46581
   39402
   33624
   29195
   26041
   24377
   24008
   24554
   26415
   30071
   35837
   43525
   52817
   63592
   75702
   89156
  103746
  119175
  135367
  152409
  170574
  189771
  209155
  228309
  247204
  265490
  282640
  298017
  311434
  322944
  332406
  339274
  343276
  344647
  343705
  340340
  334282
  325488
  314305
  301063
  285655
  268108
  248616
  227336
  204737
  181096
  156782
  132403
  108463
   85143
   62739
   41799
   23021
    6433
   -8081
  -20020
  -28862
  -34243
  -36413
  -35582
  -31526
  -24093
  -13719
    -848
   14571
   32623
   52945
   74861
   97941
  121959
  146622
  171312
  195535
  219135
  241897
  263451
  283175
  300739
  316136
  328743
  337802
  343411
  345734
  344676
  340058
  332105
  321332
  307940
  291792
  273064
  252333
  230157
  206478
  181646
  156601
  131865
  107492
   83686
   60998
   39909
   20316
    2550
  -12804
  -25342
  -35157
  -42270
  -46289
  -47030
  -44726
  -39497
  -31276
  -20049
   -6226
    9750
   27700
   47563
   68641
   90366
  112450
  134635
  156804
  178662
  199683
  219339
  237446
  253930
  268481
  280462
  289564
  296022
  300221
  301852
  300390
  295847
  288620
  278829
  266569
  252148
  236122
  219190
  201663
  183779
  165936
  148759
  132976
  118768
  105885
   94418
   84704
   77046
   71428
   67511
   65100
   64226
   65038
   67285
   70990
   76276
   83034
   90981
   99909
  109704
  120370
  131562
  142847
  154117
  165722
  177682
  189503
  200903
  211775
  222227
  231997
  240609
  247995
  254352
  259604
  263362
  265545
  266131
  265274
  262805
  258576
  252788
  245793
  237474
  227770
  216942
  205299
  192576
  178832
  164595
  150170
  135441
  120716
  106473
   92984
   80237
   68417
   57993
   49186
   41838
   35893
   31737
   29914
   30368
   32917
   37544
   44108
   52617
   62765
   74207
   86826
  100598
  115223
  130211
  145316
  160513
  175538
  189954
  203544
  216259
  227861
  238046
  246673
  253426
  257777
  259875
  260127
  258326
  254312
  248352
  240635
  230953
  219485
  206619
  192642
  177537
  161504
  145045
  128812
  112664
   96858
   81949
   68072
   55175
   43622
   33664
   25039
   17800
   12318
    8757
    7010
    7090
    9114
   13127
   18820
   26022
   34913
   45384
   56944
   69303
   82320
   95622
  108883
  121976
  134992
  147663
  159576
  170640
  180794
  189673
  196989
  202810
  207363
  210535
  212329
  212788
  212085
  209900
  206122
  200983
  194525
  186589
  177298
  167058
  156149
  144369
  131856
  119115
  106233
   93219
   80407
   68197
   56708
   45838
   35974
   27366
   19753
   12942
    7298
    3068
     134
   -1577
   -1806
    -341
    2480
    6426
   11563
   18041
   25517
   33767
   42906
   53315
   64710
   76564
   88692
  101191
  113677
  125694
  137229
  148294
  158415
  167215
  174758
  181149
  185953
  188925
  190202
  189998
  188069
  184235
  178742
  171997
  163961
  154418
  143351
  131157
  117854
  103716
   89346
   74986
   60459
   45936
   31798
   18417
    5929
   -5521
  -15554
  -23993
  -30984
  -36408
  -39905
  -41349
  -40803
  -38295
  -33854
  -27489
  -19508
  -10115
     699
   12765
   25660
   39261
   53537
   68217
   82886
   97334
  111517
  125003
  137436
  148844
  159065
  167666
  174478
  179603
  183047
  184555
  184191
  182089
  178069
  171691
  163218
  153069
  141293
  127928
  113296
   97951
   82157
   65865
   49356
   33305
   17752
    2745
  -11326
  -24187
  -35830
  -46292
  -54972
  -61420
  -65919
  -68488
  -68849
  -66689
  -62392
  -56215
  -48097
  -38144
  -26844
  -14242
    -365
   14344
   29481
   44999
   60780
   76320
   91362
  105686
  118971
  130772
  141139
  150214
  157564
  163048
  166844
  168565
  167820
  164848
  159853
  152719
  143513
  132569
  119947
  105742
   90333
   74164
   57337
   40064
   22689
    5602
  -10979
  -26726
  -41256
  -53910
  -64719
  -73896
  -81191
  -86291
  -89403
  -90577
  -89641
  -86435
  -81256
  -74326
  -65465
  -54596
  -42175
  -28618
  -14011
    1622
   17849
   34133
   50230
   66081
   81334
   95616
  108807
  120903
  131459
  140166
  146974
  151709
  154127
  154055
  151666
  147187
  140449
  131424
  120451
  107872
   93709
   78092
   61432
   44130
   26355
    8275
   -9669
  -27017
  -43416
  -58611
  -72305
  -84216
  -94466
 -102836
 -109032
 -113091
 -115146
 -115125
 -112915
 -108385
 -101889
  -93585
  -83320
  -71260
  -57834
  -43256
  -27604
  -11117
    5667
   22522
   39120
   55319
   70757
   85163
   98286
  109697
  118831
  125747
  130510
  133124
  133280
  131063
  126846
  120701
  112442
  102240
   90474
   77530
   63295
   48000
   32050
   15673
    -869
  -17061
  -32587
  -47278
  -61119
  -73889
  -85310
  -95370
 -104127
 -111221
 -116364
 -119692
 -121328
 -121175
 -119014
 -114942
 -109349
 -102160
  -93182
  -82590
  -70784
  -57936
  -44004
  -29278
  -14263
     897
   16194
   31369
   45564
   58487
   70213
   80482
   89142
   96096
  101271
  104542
  105721
  105009
  102505
   98146
   91750
   83468
   73775
   62783
   50594
   37579
   24245
   10474
   -3571
  -17383
  -30748
  -43776
  -56363
  -68269
  -79172
  -89185
  -98165
 -105696
 -111405
 -115396
 -117642
 -118064
 -116669
 -113794
 -109683
 -104338
  -97658
  -89749
  -80835
  -70965
  -59995
  -48420
  -36623
  -24635
  -12617
    -998
    9884
   20139
   29855
   38745
   46495
   52966
   58213
   62005
   64148
   64701
   63789
   61318
   57138
   51439
   44867
   37475
   29132
   20212
   10895
    1065
   -9287
  -19792
  -30192
  -40549
  -50791
  -60620
  -69790
  -78517
  -86567
  -93526
  -99256
 -103953
 -107533
 -109731
 -110446
 -110031
 -108514
 -105545
 -101120
  -95687
  -89286
  -81815
  -73638
  -65464
  -57253
  -48693
  -39886
  -31236
  -22997
  -15032
   -7335
    -197
    6228
   11692
   15578
   18289
   19982
   20871
   20979
   20020
   17920
   14892
   11143
    6464
     788
   -5496
  -12019
  -18989
  -26285
  -33618
  -40766
  -47756
  -54573
  -60955
  -66546
  -71654
  -76390
  -80462
  -83642
  -86131
  -87976
  -88659
  -87825
  -86212
  -84072
  -81252
  -77645
  -73621
  -69273
  -64555
  -59479
  -54217
  -49003
  -43797
  -38487
  -33387
  -28587
  -24000
  -19662
  -15831
  -12743
  -10215
   -8011
   -6245
   -5122
   -4657
   -4761
   -5494
   -7041
   -9283
  -12150
  -15832
  -20317
  -25347
  -30600
  -36187
  -42144
  -48337
  -54556
  -60704
  -66930
  -73079
  -78949
  -84444
  -89598
  -94347
  -98386
 -101530
 -103623
 -104611
 -104589
 -103432
 -101486
  -98917
  -95539
  -91450
  -86907
  -81857
  -76203
  -70156
  -63986
  -57745
  -51388
  -45026
  -38863
  -32784
  -26880
  -21542
  -16824
  -12639
   -8954
   -6019
   -4009
   -2764
   -2232
   -2645
   -3953
   -5950
   -8598
  -12115
  -16410
  -21169
  -26235
  -31911
  -38223
  -44721
  -51367
  -58556
  -66174
  -73890
  -81322
  -88476
  -95334
 -101522
 -106789
 -111324
 -115305
 -118537
 -120758
 -122147
 -122765
 -122391
 -120832
 -118175
 -114321
 -108969
 -101758
  -92932
  -82692
  -70927
  -57773
  -43649
  -28808
  -13322
    2799
   19044
   35157
   51025
   66161
   80097
   92453
  103174
  111932
  118334
  122344
  124090
  123405
  120100
  114313
  106372
   96330
   84188
   70254
   54891
   38505
   21210
    3356
  -14765
  -32875
  -50734
  -68002
  -84353
  -99722
 -113875
 -126424
 -137295
 -146487
 -153644
 -158316
 -160548
 -160632
 -158618
 -154265
 -147648
 -139144
 -128906
 -116767
 -103282
  -89104
  -74282
  -58901
  -43333
  -27942
  -12847
    1840
   15670
   28205
   39494
   49548
   58067
   64709
   69620
   73049
   74702
   74280
   71854
   67745
   61947
   54341
   45055
   34321
   22205
    8839
   -5339
  -19632
  -33993
  -48533
  -62966
  -76858
  -90132
 -102748
 -114187
 -124092
 -132578
 -139602
 -144810
 -147891
 -148919
 -148107
 -145446
 -140873
 -134675
 -126992
 -117696
 -107002
  -95472
  -83221
  -70193
  -56464
  -42422
  -28479
  -14758
   -1446
   11025
   22412
   32678
   41790
