 -310619
 -358473
 -404567
 -447835
 -487407
 -522423
 -552227
 -576560
 -595395
 -608904
 -617315
 -621209
 -621071
 -617281
 -610178
 -600035
 -587020
 -571105
 -552137
 -529929
 -504251
 -475041
 -442083
 -405385
 -365109
 -321723
 -275914
 -228436
 -179880
 -131136
  -82967
  -35972
    9236
   52492
   93652
  132595
  169361
  204102
  237019
  268075
  297113
  324078
  348664
  370468
  388997
  403927
  414742
  421041
  422670
  419550
  411900
  400093
  384421
  365294
  343283
  318840
  292390
  264396
  234998
  204281
  172147
  138598
  103619
   67298
   29820
   -8717
  -48137
  -88038
 -128101
 -167696
 -206144
 -242997
 -278028
 -310734
 -340567
 -367464
 -391343
 -412154
 -430064
 -445250
 -457802
 -467715
 -474904
 -479326
 -481031
 -479948
 -475902
 -468786
 -458428
 -444798
 -427918
 -407910
 -385046
 -359579
 -331778
 -302130
 -271061
 -238979
 -206119
 -172749
 -139070
 -105488
  -72305
  -39436
   -7004
   24920
   56227
   86772
  116154
  144264
  170824
  195591
  218291
  238502
  255858
  270280
  281738
  290210
  295605
  297977
  297501
  294298
  288578
  280463
  270222
  257685
  243073
  226600
  208067
  187510
  165042
  140745
  114836
   87465
   58755
   29126
   -1002
  -31476
  -62153
  -92522
 -122300
 -151229
 -178966
 -205270
 -230131
 -253478
 -275048
 -294718
 -312325
 -327965
 -341922
 -354083
 -364346
 -372443
 -378281
 -381683
 -382546
 -380873
 -376685
 -369934
 -360521
 -348625
 -334413
 -318145
 -300051
 -280370
 -259359
 -237294
 -214288
 -190489
 -166070
 -141145
 -115849
  -90243
  -64545
  -39005
  -13587
   11530
   36036
   59765
   82432
  103623
  123113
  140841
  156570
  170295
  182029
  191810
  199520
  205130
  208685
  210177
  209758
  207499
  203377
  197437
  189665
  180053
  168541
  155217
  139996
  122958
  104479
   84656
   63705
   41954
   19664
   -2971
  -25705
  -48415
  -71023
  -93339
 -115263
 -136601
 -157302
 -177232
 -196278
 -214378
 -231357
 -247052
 -261267
 -273983
 -284977
 -293981
 -301022
 -305868
 -308561
 -309069
 -307561
 -304329
 -299541
 -293227
 -285394
 -276084
 -265403
 -253605
 -240616
 -226410
 -210910
 -194172
 -176413
 -157843
 -138332
 -118173
  -97769
  -77169
  -56527
  -36171
  -16329
    2842
   21217
   38671
   55138
   70513
   84853
   98039
  109949
  120393
  129404
  136900
  142792
  146979
  149442
  150264
  149464
  146974
  142725
  136871
  129514
  120599
  110239
   98635
   85982
   72362
   58323
   44058
   30849
   16604
    1693
  -14089
  -31193
  -50505
  -71958
  -92620
 -112487
 -131816
 -151236
 -168342
 -182874
 -194853
 -204482
 -213561
 -221969
 -228580
 -233551
 -236727
 -240368
 -245284
 -251963
 -259674
 -265882
 -269712
 -270466
 -267656
 -261021
 -250853
 -237676
 -222164
 -205038
 -186919
 -168394
 -150417
 -133213
 -116806
 -101117
  -85944
  -71159
  -56329
  -41000
  -25137
   -8769
    7982
   24804
   41318
   57110
   71835
   84972
   96149
  105076
  111620
  115800
  118011
  118630
  118005
  116422
  114281
  111759
  109003
  105918
  102123
   97367
   91336
   83550
   73734
   61722
   47670
   31795
   14344
   -4029
  -22954
  -41946
  -60532
  -78242
  -94671
 -109553
 -123393
 -134263
 -142077
 -149937
 -158411
 -168465
 -180050
 -192532
 -205251
 -217523
 -228670
 -238072
 -245081
 -249327
 -250839
 -249102
 -240636
 -226068
 -212688
 -202251
 -194618
 -190711
 -190663
 -190526
 -188435
 -183392
 -174917
 -162896
 -147433
 -130428
 -112956
  -93184
  -71036
  -47696
  -24463
   -2262
   17941
   35410
   49923
   61552
   70628
   77609
   83139
   87831
   92147
   96365
  100613
  104849
  108745
  111777
  113528
  113475
  111174
  106492
   99417
   90143
   78921
   66366
   52908
   39094
   25494
   12493
     197
  -11523
  -22819
  -34035
  -45569
  -57787
  -71053
  -85606
 -101476
 -118319
 -135792
 -153417
 -170599
 -186679
 -200885
 -212634
 -221644
 -227797
 -231141
 -232022
 -230899
 -228271
 -224688
 -220562
 -216068
 -211396
 -206682
 -202041
 -197183
 -191659
 -185138
 -177240
 -167802
 -156641
 -143824
 -129603
 -114304
  -98338
  -82154
  -66307
  -51042
  -36790
  -23741
  -11990
   -1486
    8053
   16925
   25348
   33443
   41346
   49037
   56424
   63488
   70039
   75604
   79766
   82246
   82844
   81577
   78443
   73583
   67130
   59371
   50790
   41675
   32379
   23125
   14084
    5236
   -3469
  -12185
  -21163
  -30629
  -40643
  -51249
  -62603
  -75051
  -87493
  -99216
 -110272
 -120685
 -130444
 -139630
 -147885
 -155083
 -161103
 -165956
 -169600
 -172371
 -174472
 -175843
 -176590
 -176832
 -176983
 -176891
 -176355
 -175126
 -173023
 -170040
 -165399
 -157639
 -148290
 -138828
 -129437
 -120451
 -112347
 -104972
  -97939
  -90974
  -83958
  -76005
  -66554
  -57121
  -48136
  -39619
  -31426
  -23447
  -15607
   -7908
    -174
    7576
   15149
   22448
   27913
   31929
   34932
   37172
   38611
   38811
   36133
   35026
   35676
   36393
   36886
   36607
   35224
   32420
   28222
   22573
   15606
    7483
   -1479
  -10531
  -19775
  -29189
  -38218
  -46781
  -54832
  -62631
  -70062
  -77192
  -84258
  -91337
  -98557
 -106059
 -113590
 -121234
 -131313
 -142983
 -151758
 -157164
 -159749
 -159620
 -157195
 -153465
 -148943
 -143979
 -139139
 -135007
 -132020
 -130132
 -129036
 -128425
 -128089
 -127624
 -126264
 -123539
 -119473
 -113973
 -107052
  -98986
  -89980
  -80494
  -71001
  -61795
  -53374
  -45973
  -39643
  -34090
  -29255
  -24903
  -20762
  -16652
  -12392
   -7948
   -3303
    1395
    5807
    9569
   12462
   14253
   14604
   12003
    7233
    2881
   -1250
   -5002
   -8203
  -10803
  -12627
  -13960
  -15109
  -16381
  -18000
  -20112
  -22897
  -26589
  -31405
  -37364
  -44250
  -51843
  -59885
  -68022
  -75997
  -83449
  -90045
  -95702
 -100424
 -104362
 -109938
 -151626
 -219928
 -258052
 -266485
 -247389
 -205154
 -145907
  -77120
   -6807
   57762
  110459
  146752
  164276
  163128
  145440
  115067
   77095
   36828
    -938
  -32432
  -55421
  -69084
  -74234
  -72940
  -67995
  -62674
  -60001
  -62508
  -71609
  -87525
 -109198
 -134558
 -160883
 -185230
 -205028
 -218262
 -224007
 -222597
 -215631
 -205327
 -194460
 -185921
 -182341
 -185743
 -196876
 -215406
 -239906
 -267959
 -296104
 -320391
 -337308
 -344039
 -338746
 -320836
 -291107
 -251553
 -205041
 -155097
 -105474
  -59548
  -20096
   11147
   33557
   47530
   54678
   57297
   58048
   59684
   64510
   74044
   88963
  109059
  133032
  158995
  184626
  207512
  225419
  236453
  239826
  235419
  223768
  206142
  184451
  160875
  137503
  115798
   96495
   80035
   66066
   53806
   41777
   28472
   12527
   -7194
  -31433
  -60239
  -92880
 -128338
 -164863
 -200309
 -232697
 -260356
 -282016
 -297123
 -305728
 -308370
 -306243
 -300813
 -293689
 -286659
 -281122
 -277555
 -276210
 -276632
 -277973
 -279075
 -278583
 -275227
 -267750
 -255307
 -237740
 -215383
 -188971
 -159705
 -129166
  -98830
  -70203
  -44432
  -22169
   -3576
   11440
   23646
   33810
   42899
   51843
   61619
   72756
   85266
   98701
  112581
  125913
  137501
  146413
  151866
  153277
  150447
  143680
  133543
  120756
  106250
   91092
   76237
   62276
   49734
   38870
   29562
   21230
   13171
    4690
   -4924
  -16378
  -30017
  -45714
  -63185
  -81858
 -100957
 -119460
 -136503
 -151484
 -163951
 -173736
 -180628
 -184823
 -186933
 -187600
 -187485
 -187088
 -187199
 -188195
 -189985
 -192457
 -195093
 -197320
 -198680
 -198561
 -196435
 -191989
 -185085
 -175993
 -165063
 -152762
 -139672
 -126626
 -114113
 -102408
  -91823
  -82568
  -74466
  -67200
  -60410
  -53606
  -46237
  -38173
  -29246
  -19417
   -8778
    2420
   13599
   24314
   33975
   42096
   48400
   52720
   55139
   55886
   55211
   53507
   51352
   49125
   46924
   45166
   43800
   42627
   41381
   39675
   37003
   33062
   27683
   20616
   12104
    2243
   -8747
  -20435
  -32437
  -44235
  -55601
  -66189
  -75816
  -84510
  -92447
  -99540
 -105974
 -112402
 -118925
 -125649
 -132772
 -140177
 -147609
 -154866
 -161638
 -167514
 -172231
 -175580
 -177415
 -177585
 -176182
 -173287
 -169236
 -164297
 -158673
 -152676
 -146691
 -140782
 -135039
 -129402
 -123694
 -117597
 -110923
 -103549
  -95277
  -86134
  -76238
  -65681
  -54716
  -43617
  -32671
  -22239
  -12559
   -3909
    3637
   10174
   15623
   20029
   23777
   27013
   29890
   32566
   35094
   37372
   39312
   40684
   41244
   40806
   39377
   36809
   32989
   28090
   22154
   15351
    7837
    -241
   -8641
  -17072
  -25304
  -33169
  -40811
  -48246
  -55531
  -62803
  -70161
  -77798
  -85662
  -93683
 -101598
 -109311
 -116749
 -123774
 -130192
 -135658
 -140222
 -143987
 -146732
 -148446
 -149386
 -149553
 -148523
 -145925
 -142805
 -138883
 -135525
 -133845
 -133168
 -132950
 -132698
 -131917
 -130239
 -127325
 -122942
 -117139
 -109940
 -101489
  -92207
  -81049
  -69814
  -57941
  -41626
  -28078
  -19732
  -15435
  -14637
  -16580
  -20036
  -23833
  -26667
  -27695
  -26503
  -23025
  -17407
  -10185
   -2160
    5837
   12973
   18585
   22220
   23594
   22862
   20463
   16657
   12236
    7896
    4020
     965
   -1181
   -2550
   -3300
   -3865
   -4931
   -7035
  -10600
  -15772
  -22679
  -31187
  -40742
  -50879
  -60944
  -70303
  -78411
  -84902
  -89575
  -92490
  -93987
  -94430
  -94468
  -94597
  -95285
  -97083
 -100316
 -105127
 -111050
 -117579
 -124241
 -130589
 -136142
 -140303
 -142713
 -143253
 -141749
 -138505
 -133834
 -128135
 -121981
 -115716
 -109764
 -104541
 -100201
  -96587
  -93462
  -90560
  -87425
  -83853
  -79446
  -74077
  -67735
  -61073
  -54030
  -46193
  -37989
  -29715
  -21750
  -14445
   -8135
   -2968
     981
    3837
    5870
    7329
    8475
    9419
   10093
   10915
   12023
   13111
   13837
   14077
   13604
   12078
    9293
    5191
    -267
   -6840
  -14170
  -21938
  -29906
  -37662
  -44933
  -51597
  -57605
  -63046
  -68045
  -72747
  -77385
  -82114
  -86930
  -92137
  -97815
 -103869
 -110024
 -116017
 -121682
 -126898
 -131174
 -131794
  -85261
   18843
   97706
  127811
  109677
   48555
  -46231
 -162335
 -285550
 -401665
 -498426
 -566998
 -602309
 -603482
 -573440
 -518219
 -445848
 -365290
 -285358
 -213669
 -155589
 -113632
  -87249
  -73636
  -68059
  -64740
  -57938
  -42921
  -16902
   20780
   68677
  123641
  181197
  236530
  285040
  322941
  347835
  359139
  358203
  348144
  333463
  319325
  310710
  311742
  324758
  350012
  385556
  427333
  469986
  507497
  533957
  544136
  534283
  502498
  449038
  376409
  288792
  191912
   92566
   -2818
  -88956
 -162021
 -220180
 -263439
 -293573
 -314008
 -328978
 -342962
 -360038
 -383327
 -414555
 -453936
 -500182
 -550452
 -600852
 -646884
 -684481
 -710349
 -722211
 -719255
 -702181
 -673117
 -634967
 -590991
 -544584
 -498765
 -455612
 -416439
 -381337
 -349180
 -318151
 -285649
 -248902
 -205829
 -155095
  -96302
  -30113
   41447
  115621
  189010
  257950
  319290
  370630
  410384
  438010
  454159
  460501
  459254
  453262
  445428
  438121
  433084
  430914
  431176
  432742
  433990
  432678
  426342
  412825
  390558
  358713
  317577
  268415
  213021
  153676
   93058
   33828
  -21755
  -72080
 -116290
 -154277
 -186894
 -215340
 -241294
 -266405
 -292042
 -319321
 -348565
 -379427
 -410983
 -441760
 -469960
 -493951
 -511982
 -522678
 -525328
 -520033
 -507457
 -488850
 -465712
 -439811
 -413101
 -387081
 -362618
 -340144
 -319605
 -300286
 -281277
 -261324
 -239085
 -213390
 -183645
 -149678
 -111903
  -71356
  -29383
   12707
   53249
   90606
  123675
  151647
  174201
  191499
  204253
  213547
  220626
  226718
  232647
  239103
  246328
  254010
  261556
  268168
  272875
  274619
  272342
  265364
  253508
  236910
  216164
  192248
  166247
  139064
  111826
   85565
   60776
   37798
   16558
   -3367
  -22513
  -41789
  -61755
  -82962
 -105783
 -130216
 -155940
 -182419
 -208929
 -234538
 -258255
 -279227
 -296799
 -310570
 -320345
 -326468
 -329599
 -330191
 -329044
 -326811
 -324016
 -320762
 -316728
 -312223
 -308615
 -306956
 -306125
 -297673
 -283195
 -265238
 -244517
 -221614
 -197235
 -172417
 -148101
 -124249
 -101384
  -79611
  -59027
  -39366
  -19684
    4482
   30433
   52663
   71032
   86016
   98353
  108707
  117737
  125958
  133902
  141928
  150091
  157931
  165128
  171367
  176275
  179600
  180727
  179339
  175465
  169247
  160933
  150940
  139405
  126655
  112973
   98592
   83763
   68280
   52168
   35396
   17800
    -804
  -20537
  -41194
  -62408
  -83769
 -104999
 -125805
 -145638
 -164028
 -180682
 -195414
 -208086
 -218633
 -227295
 -234320
 -240053
 -244931
 -249205
 -252915
 -256047
 -258732
 -260919
 -262340
 -262666
 -261505
 -258548
 -253485
 -246179
 -236639
 -225088
 -211685
 -196647
 -180384
 -163294
 -145723
 -128096
 -110643
  -93416
  -76480
  -59998
  -43810
  -27681
  -11588
    4394
   19318
   33060
   47038
   60965
   73937
   86284
   98328
  109686
  119841
  128380
  135024
  139489
  141622
  141601
  138382
  129864
  120419
  112709
  106613
  101556
   96989
   92289
   86875
   80193
   71580
   60573
   47077
   31222
   13865
   -3872
  -22934
  -46005
  -74766
 -102682
 -123260
 -138605
 -150557
 -160213
 -168353
 -177557
 -189076
 -198286
 -208704
 -221852
 -234161
 -244578
 -253471
 -260432
 -264955
 -266482
 -265201
 -261729
 -256011
 -248051
 -238265
 -227069
 -214724
 -201705
 -188357
 -174925
 -161931
 -149477
 -137039
