-1209124
-1222082
-1270727
-1334320
-1369858
-1362934
-1310796
-1229897
-1121387
 -991123
 -845473
 -698973
 -582895
 -498161
 -446255
 -433448
 -458782
 -520964
 -615872
 -736082
 -873718
-1021736
-1171251
-1311428
-1435138
-1537042
-1611287
-1655254
-1665999
-1643875
-1591983
-1515941
-1422577
-1319069
-1214753
-1116252
-1030267
 -962041
 -915331
 -892349
 -891970
 -912053
 -948856
 -996353
-1049532
-1103539
-1151863
-1191377
-1218771
-1232721
-1233406
-1221894
-1200189
-1170498
-1137428
-1106982
-1076821
-1046982
-1017995
 -994502
 -975005
 -956756
 -939963
 -926990
 -919069
 -916228
 -920987
 -935817
 -953954
 -972117
-1011868
-1098602
-1213945
-1344834
-1475045
-1582391
-1653802
-1624297
-1302335
 -865706
 -488610
 -205851
  -33015
   27568
  -22231
 -172650
 -408012
 -711429
-1061212
-1433457
-1802676
-2143879
-2433154
-2646401
-2765852
-2779609
-2684029
-2484816
-2193874
-1833552
-1432513
-1021401
 -631900
 -289850
  -18593
  163949
  249031
  234900
  131116
  -45778
 -276591
 -538752
 -808109
-1059746
-1274645
-1439342
-1545061
-1591622
-1582947
-1527764
-1434551
-1317613
-1191906
-1070681
 -966054
 -885091
 -831544
 -806923
 -807502
 -828297
 -865220
 -913567
 -970459
-1031294
-1093300
-1155886
-1218329
-1280554
-1340352
-1396195
-1446796
-1489560
-1522521
-1540318
-1538367
-1514790
-1469592
-1404688
-1321224
-1224870
-1119686
-1015285
 -922038
 -843823
 -787653
 -758965
 -758449
 -785450
 -835524
 -901255
 -973850
-1047840
-1117445
-1174931
-1213486
-1230028
-1224850
-1202219
-1164555
-1116506
-1064945
-1016650
 -977740
 -951775
 -941863
 -945229
 -961830
 -990841
-1027605
-1067538
-1106629
-1140384
-1167308
-1185009
-1194253
-1196807
-1195148
-1192201
-1188340
-1185520
-1185142
-1188047
-1194046
-1199475
-1201935
-1204415
-1204966
-1197531
-1177932
-1147282
-1110786
-1073117
-1038334
-1007727
 -983048
 -967948
 -964075
 -972040
 -989695
-1014694
-1045012
-1077396
-1108909
-1134152
-1149665
-1155080
-1151018
-1139130
-1120505
-1097547
-1073515
-1052438
-1038392
-1030980
-1030582
-1037826
-1051661
-1070993
-1093037
-1115739
-1134130
-1148323
-1158911
-1164203
-1163857
-1159559
-1152752
-1146288
-1140874
-1137679
-1138083
-1142091
-1149592
-1158055
-1165455
-1170981
-1173371
-1172782
-1167220
-1155772
-1139976
-1121942
-1104741
-1089061
-1076951
-1067206
-1062320
-1063825
-1068836
-1075191
-1083535
-1092970
-1102322
-1107112
-1106217
-1100526
-1090891
-1079994
-1066976
-1053123
-1039348
-1026668
-1018995
-1017003
-1020060
-1028931
-1043371
-1062694
-1082879
-1100499
-1115801
-1128705
-1138953
-1145161
-1148002
-1146346
-1140306
-1133556
-1126437
-1120082
-1115444
-1114377
-1117874
-1123347
-1129708
-1136279
-1142344
-1148505
-1152120
-1152527
-1150417
-1146359
-1141999
-1135898
-1128301
-1120808
-1114313
-1110755
-1108687
-1107287
-1108581
-1111446
-1114704
-1117429
-1117964
-1120992
-1126216
-1127052
-1119338
-1104825
-1089275
-1074932
-1062729
-1052030
-1043059
-1039609
-1042463
-1051121
-1062803
-1075636
-1089541
-1104039
-1118766
-1131267
-1140664
-1147276
-1150351
-1151122
-1150014
-1153634
-1159196
-1158320
-1150067
-1133377
-1109619
-1084769
-1061836
-1043307
-1028748
-1018549
-1013987
-1014993
-1022286
-1034494
-1050420
-1069849
-1091746
-1115724
-1139027
-1159369
-1175886
-1187825
-1195062
-1196372
-1192908
-1183770
-1168605
-1151082
-1131294
-1111132
-1092671
-1077602
-1068198
-1063354
-1062257
-1065763
-1072998
-1084135
-1096984
-1109364
-1121254
-1133394
-1142862
-1148284
-1150030
-1149081
-1146153
-1142334
-1136547
-1128846
-1120818
-1113001
-1107218
-1102401
-1097227
-1093344
-1091957
-1090326
-1087676
-1084195
-1081481
-1080164
-1080990
-1082747
-1085391
-1089413
-1094377
-1101355
-1108332
-1113840
-1118606
-1122286
-1125482
-1126880
-1125470
-1122230
-1117459
-1112468
-1106698
-1099058
-1091181
-1084522
-1080898
-1079378
-1078922
-1080125
-1082633
-1087753
-1094074
-1099601
-1105179
-1110607
-1116185
-1120505
-1121891
-1121654
-1121039
-1121240
-1121105
-1120288
-1119126
-1118322
-1118914
-1118991
-1118310
-1118073
-1118763
-1120868
-1122646
-1123112
-1123928
-1126213
-1126885
-1125982
-1123051
-1120883
-1120591
-1119484
-1117041
-1112965
-1109885
-1109069
-1107979
-1105942
-1103452
-1101557
-1099678
-1098880
-1097337
-1093979
-1093811
-1095792
-1099828
-1103682
-1105879
-1107401
-1108401
-1109781
-1110938
-1110601
-1109491
-1109361
-1108506
-1105557
-1101266
-1097115
-1093995
-1093517
-1094375
-1095198
-1096637
-1098941
-1103627
-1109102
-1113453
-1117288
-1120408
-1123562
-1125370
-1124193
-1122598
-1122203
-1120365
-1116609
-1111540
-1107140
-1103369
-1100549
-1098681
-1099182
-1100519
-1101675
-1104384
-1107024
-1109150
-1112111
-1116709
-1120294
-1122273
-1122427
-1121632
-1120932
-1121240
-1121194
-1119702
-1117885
-1115881
-1114911
-1113837
-1111411
-1109319
-1108174
-1108874
-1109151
-1107570
-1106259
-1106030
-1107598
-1109033
-1109158
-1109631
-1110311
-1112457
-1114478
-1115487
-1115945
-1115928
-1116677
-1116434
-1113890
-1109989
-1105544
-1102489
-1100273
-1097788
-1095594
-1093678
-1093706
-1095299
-1097491
-1100676
-1104299
-1108778
-1113286
-1116602
-1120216
-1124561
-1127214
-1127524
-1125000
-1120965
-1116132
-1112492
-1110370
-1106235
-1101932
-1098662
-1097699
-1098508
-1098986
-1100808
-1106520
-1113615
-1118968
-1120827
-1120778
-1120137
-1119838
-1117447
-1113011
-1109264
-1111012
-1118448
-1123556
-1122341
-1118515
-1116835
-1115251
-1113145
-1110861
-1109313
-1108351
-1109377
-1111475
-1111989
-1112860
-1116161
-1119019
-1120506
-1120268
-1119187
-1118168
-1118294
-1118709
-1117877
-1116859
-1115620
-1115687
-1115782
-1114529
-1114374
-1115710
-1115830
-1114502
-1111701
-1108331
-1104844
-1102487
-1100803
-1098339
-1096493
-1095343
-1096009
-1097870
-1099396
-1101758
-1104990
-1109133
-1113630
-1117585
-1123521
-1134087
-1144684
-1150493
-1147697
-1138501
-1126485
-1114124
-1102515
-1091031
-1081389
-1074431
-1072374
-1073496
-1075790
-1082074
-1090325
-1099357
-1109057
-1118290
-1127202
-1134931
-1141951
-1145956
-1145443
-1142347
-1137466
-1132876
-1129404
-1123752
-1117314
-1110428
-1105076
-1102411
-1101187
-1102964
-1109813
-1121466
-1132072
-1138518
-1141065
-1139050
-1135572
-1130951
-1123350
-1114830
-1106352
-1099309
-1094372
-1090748
-1089417
-1089366
-1091097
-1094622
-1098233
-1102410
-1106887
-1112352
-1117646
-1120635
-1122591
-1125376
-1126554
-1125445
-1122718
-1119097
-1115562
-1113344
-1112064
-1110552
-1109763
-1109977
-1111648
-1114364
-1116810
-1119158
-1120730
-1123038
-1126074
-1124600
-1120317
-1115676
-1112045
-1109056
-1107342
-1108159
-1109321
-1111397
-1113405
-1114263
-1114898
-1115188
-1116866
-1119272
-1117206
-1113015
-1108215
-1104232
-1101251
-1097756
-1094954
-1093184
-1093800
-1096492
-1099560
-1104053
-1110498
-1118624
-1126887
-1133091
-1137980
-1141104
-1143380
-1144166
-1141376
-1136722
-1131458
-1126931
-1123160
-1117830
-1112896
-1109209
-1107344
-1106714
-1105584
-1104375
-1103761
-1105485
-1108056
-1108995
-1109719
-1110135
-1110920
-1111944
-1111680
-1110838
-1109760
-1109701
-1110172
-1109916
-1110517
-1111906
-1114111
-1116943
-1118622
-1119591
-1119865
-1121992
-1126057
-1126040
-1124819
-1121945
-1119037
-1116668
-1113038
-1109709
-1106777
-1105731
-1106412
-1106573
-1107072
-1108282
-1110358
-1112337
-1112706
-1113471
-1114920
-1117627
-1121668
-1124411
-1125788
-1126064
-1126459
-1127720
-1124764
-1119258
-1113093
-1107616
-1103589
-1099656
-1096778
-1094594
-1092009
-1091658
-1094976
-1102064
-1110047
-1118934
-1131698
-1142180
-1148133
-1149165
-1150015
-1150923
-1149177
-1144475
-1135468
-1127031
-1118766
-1108839
-1099838
-1092113
-1088087
-1088840
-1089150
-1090028
-1093671
-1100066
-1107968
-1113708
-1117520
-1120179
-1122458
-1124739
-1124496
-1124673
-1124690
-1124179
-1123616
-1119306
-1112907
-1105861
-1100433
-1097157
-1094061
-1090853
-1087869
-1088072
-1092339
-1098980
-1107511
-1117664
-1131190
-1145281
-1156225
-1164380
-1170074
-1173443
-1173461
-1169193
-1161656
-1150460
-1136692
-1122873
-1108943
-1096429
-1086363
-1079434
-1075134
-1071482
-1069689
-1070757
-1075637
-1083695
-1092371
-1101846
-1111668
-1121584
-1130727
-1136590
-1139607
-1140970
-1138851
-1133152
-1125690
-1119393
-1115138
-1113182
-1113747
-1114886
-1116920
-1119956
-1124393
-1129509
-1132314
-1133339
-1132668
-1131000
-1126985
-1121238
-1116353
-1111663
-1108500
-1109758
-1112356
-1115124
-1117815
-1122612
-1131869
-1138723
-1136046
-1125705
-1121293
-1117979
-1110574
-1102607
-1095099
-1089712
-1089560
-1090714
-1091513
-1092329
-1095196
-1101414
-1106731
-1110986
-1115843
-1121265
-1127086
-1131035
-1133484
-1134457
-1134937
-1134657
-1131821
-1127521
-1123274
-1121417
-1123948
-1125183
-1123469
-1121710
-1120821
-1121175
-1120412
-1119095
-1118900
-1120096
-1121857
-1121551
-1119297
-1115597
-1114531
-1117372
-1120480
-1123980
-1129502
-1134139
-1132946
-1127917
-1122577
-1119502
-1119455
-1120334
-1117575
-1112195
-1106343
-1104315
-1104849
-1102356
-1103665
-1107708
-1106732
-1108026
-1118910
-1141168
-1165275
-1183575
-1184986
-1162873
-1135934
-1111384
-1089893
-1072189
-1056002
-1042702
-1036992
-1045723
-1065016
-1065249
-1062900
-1065556
-1063042
-1085502
-1124315
-1146856
-1180616
-1235694
-1249686
-1206067
-1168690
-1172492
-1189830
-1196152
-1212715
-1249467
-1293364
-1322381
-1321203
-1290311
-1241726
-1186087
-1110336
-1004618
 -882008
 -742049
 -593049
 -511188
 -497643
 -513878
 -566276
 -675583
 -814370
 -978659
-1167464
-1365592
-1549495
-1704611
-1819687
-1882717
-1890516
-1844472
-1746882
-1613253
-1461945
-1303927
-1133923
 -962893
 -822271
 -720932
 -660268
 -638843
 -653957
 -701843
 -773661
 -861434
 -957590
-1053436
-1141097
-1213105
-1267164
-1297417
-1304373
-1291774
-1261038
-1218179
-1168997
-1119294
-1075504
-1039153
-1012838
 -997804
 -993226
 -997560
-1006245
-1017322
-1030799
-1047027
-1064270
-1076874
-1086473
-1099166
-1113039
-1122309
-1135761
-1178934
-1242003
-1281773
-1283272
-1284119
-1290592
-1281921
-1238695
-1197917
-1181132
-1182405
-1181566
-1171429
-1155899
-1138484
-1123324
-1112097
-1109774
-1105938
-1082008
-1057937
-1050794
-1056451
-1063231
-1065007
-1052828
-1022064
 -989282
 -960373
 -942049
 -940959
 -961241
-1003542
-1054585
-1097432
-1125668
-1156117
-1198689
-1238652
-1263267
-1280775
-1288314
-1288990
-1281257
-1266723
-1241020
-1194459
-1145040
-1109931
-1083935
-1065130
-1052033
-1045267
-1045020
-1048908
-1057771
-1066682
-1074927
-1083897
-1091192
-1097633
-1103476
-1110166
-1118274
-1125797
-1133745
-1142155
-1151430
-1161182
-1167920
-1172595
-1172893
-1166685
-1156169
-1140502
-1121668
-1101483
-1082399
-1066433
-1053134
-1044731
-1042620
-1048340
-1062368
-1081086
-1104955
-1130739
-1154277
-1175715
-1191188
-1199109
-1200351
-1196265
-1187592
-1173225
-1154787
-1134923
-1116861
-1102559
-1091591
-1085577
-1084510
-1088004
-1095177
-1103248
-1111729
-1119879
-1127741
-1134713
-1137204
-1136154
-1132332
-1126524
-1121231
-1115969
-1113502
-1116435
-1122662
-1131309
-1138735
-1143297
-1145699
-1145870
-1144276
-1139217
-1131254
-1121444
-1110998
-1101845
-1092671
-1084450
-1078517
-1076247
-1078900
-1083764
-1090972
-1100359
-1111583
-1123886
-1133702
-1143171
-1153651
-1161624
-1166365
-1170508
-1170183
-1162261
-1147366
-1129640
-1110649
-1093445
-1079830
-1070816
-1067871
-1068724
-1073495
-1081695
-1092746
-1106650
-1120736
-1134360
-1147141
-1158799
-1169683
-1177817
-1184375
-1187766
-1185065
-1180098
-1173030
-1163818
-1153313
-1142452
-1131740
-1119594
-1106412
-1093821
-1084281
-1078767
-1077022
-1079037
-1084412
-1095033
-1107311
-1116922
-1124984
-1131935
-1137929
-1142560
-1142685
-1139114
-1133667
-1127324
-1121722
-1115262
-1108802
-1103535
-1100691
-1099150
-1096158
-1094181
-1094725
-1098130
-1105745
-1114354
-1121233
-1127040
-1132256
-1137676
-1141360
-1143136
-1143385
-1143210
-1143178
-1141689
-1140075
-1138613
-1137237
-1136274
-1133641
-1130181
-1126769
-1123544
-1121443
-1118442
-1115075
-1112358
-1110487
-1110935
-1111516
-1111397
-1112569
-1115810
-1121443
-1126777
-1131125
-1134701
-1136915
-1139368
-1139983
-1138853
-1136639
-1133744
-1130791
-1126571
-1122543
-1119382
-1117474
-1117943
-1118077
-1118226
-1119231
-1123300
-1128427
-1130580
-1131368
-1132004
-1132747
-1134213
-1134398
-1133221
-1131513
-1129799
-1128847
-1127171
-1125079
-1123048
-1121336
-1121473
-1121312
-1120996
-1120890
-1121303
-1122936
-1122979
-1121781
-1120735
-1121867
-1122635
-1120087
-1117042
-1113940
-1111706
-1111710
-1112562
-1114110
-1115703
-1117736
-1121146
-1123065
-1123276
-1122819
-1124115
-1127311
-1126845
-1124435
-1121638
-1120070
-1120312
-1120385
-1121002
-1122913
-1125994
-1130648
-1134645
-1137779
-1140806
-1143923
-1148014
-1150128
-1150660
-1149833
-1147750
-1145405
-1141527
-1137047
-1132892
-1129663
-1127960
-1125215
-1122178
-1119582
-1119749
-1123447
-1124045
-1122397
-1120501
-1119466
-1119397
-1118085
-1115767
-1113775
-1112183
-1112504
-1113461
-1114214
-1115852
-1118242
-1121654
-1123910
-1125344
-1126165
-1126202
-1127694
-1128135
-1125875
-1119263
-1117550
-1114631
-1099355
-1092327
-1092768
-1087748
-1076619
-1079175
-1110046
-1146222
-1175433
-1188091
-1193783
-1201556
-1214609
-1224624
-1230062
-1231058
-1224161
-1211988
-1199684
-1187421
-1169282
-1145255
-1116792
-1086026
-1053541
-1017280
 -978402
 -949274
 -922838
 -896116
 -879666
 -885094
 -915388
 -963009
-1023065
-1088051
-1152983
-1215633
-1273241
-1322970
-1360455
-1383797
-1391860
-1384616
-1363581
-1328379
-1281769
-1228487
-1172899
-1119640
-1069889
-1027087
 -995446
 -978314
 -977758
 -985126
-1000761
-1024496
-1054719
-1090610
-1123450
-1151090
-1173168
-1188369
-1197050
-1197255
-1189463
-1175933
-1158481
-1139714
-1119530
-1099575
-1082430
-1070162
-1064084
-1061654
-1062739
-1066868
-1074266
-1085022
-1095646
-1105552
-1115294
-1124995
-1135098
-1144059
-1152671
-1158047
-1161353
-1164214
-1165495
-1165597
-1165162
-1164202
-1163827
-1161532
-1157085
-1151454
-1145812
-1140708
-1134654
-1128542
-1123768
-1121140
-1121549
-1123465
-1127497
-1133695
-1139938
-1145384
-1147424
-1146283
-1143596
-1139705
-1135010
-1127578
-1118463
-1109028
-1100330
-1094180
-1089681
-1086766
-1086361
-1089531
-1096204
-1104268
-1112283
-1120376
-1128483
-1136631
-1143638
-1148887
-1150029
-1148783
-1147358
-1144994
-1141575
-1138121
-1135507
-1134683
-1134446
-1134219
-1134788
-1135762
-1137803
-1139370
-1139878
-1139651
-1138389
-1137036
-1133773
-1128584
-1123571
-1119704
-1118212
-1117031
-1115989
-1116155
-1117600
-1120896
-1124606
-1128047
-1131203
-1133579
-1135972
-1138072
-1140161
-1138819
-1134995
-1131298
-1127396
-1123979
-1119609
-1115341
-1113406
-1112649
-1112967
-1115221
-1118837
-1124416
-1130622
-1136076
-1140990
-1146339
-1156461
-1166630
-1171175
-1169404
-1162711
-1154327
-1144490
-1133660
-1122923
-1113394
-1106344
-1100389
-1095662
-1093671
-1096742
-1102060
-1107964
-1114894
-1123388
-1132855
-1142820
-1151032
-1156738
-1160004
-1160978
-1160290
-1156866
-1150849
-1143147
-1135484
-1129630
-1123653
-1117493
-1115042
-1120085
-1127770
-1132325
-1132728
-1129692
-1125826
-1123538
-1120920
-1117561
-1114812
-1113855
-1115959
-1119428
-1122735
-1126666
-1131559
-1137727
-1139042
-1133950
-1121180
-1104044
-1088261
-1074867
-1068139
-1073024
-1091638
-1118724
-1143946
-1163056
-1181111
-1198562
-1211981
-1219168
-1220317
-1216967
-1210236
-1198299
-1180984
-1160357
-1139367
-1120415
-1101779
-1083568
-1068093
-1057396
-1053297
-1056791
-1065842
-1078710
-1094069
-1111292
-1130589
-1148539
-1161929
-1170364
-1174468
-1174584
-1170217
-1162316
-1151770
-1140186
-1129449
-1118272
-1107941
-1100363
-1095950
-1095847
-1098325
-1102038
-1108042
-1117633
-1127151
-1134208
-1138914
-1142625
-1145262
-1147834
-1148987
-1148235
-1147257
-1147494
-1149411
-1150015
-1149524
-1150764
-1150111
-1146623
-1141216
-1134734
-1128897
-1124316
-1123246
-1122892
-1120272
-1117349
-1115979
-1117738
-1121917
-1127013
-1131799
-1135885
-1139235
-1141185
-1141624
-1141484
-1140844
-1139909
-1137714
-1134044
-1130435
-1127676
-1126811
-1126155
-1124918
-1124894
-1126361
-1129672
-1132649
-1135191
-1137558
-1139073
-1140107
-1139481
-1137470
-1133712
-1129363
-1127499
-1126359
-1125519
-1126361
-1128866
-1133549
-1137845
-1139977
-1141018
-1141946
