  510531
  509933
  508930
  507625
  506385
  505181
  504142
  503533
  503474
  503795
  504381
  505362
  506633
  508081
  509565
  510663
  511424
  511886
  511962
  511730
  511324
  510769
  510314
  510147
  510246
  510508
  511107
  512214
  513699
  515477
  517227
  519042
  520700
  522695
  524646
  525050
  524046
  522297
  521206
  521606
  522127
  522526
  522275
  521090
  519526
  518462
  517663
  516679
  515716
  514831
  514155
  514396
  515591
  515659
  514509
  512671
  510688
  508583
  507249
  510726
  511876
  509008
  520743
  548802
  571677
  584259
  587319
  582917
  573244
  559808
  544323
  528736
  514836
  503653
  495881
  491721
  490879
  492701
  496195
  500254
  503982
  506446
  507138
  505853
  502560
  497646
  491472
  484756
  478471
  473420
  470096
  468851
  469528
  471758
  475006
  478607
  482035
  484916
  486735
  487297
  486978
  486239
  485495
  485403
  486591
  489459
  494289
  501044
  509251
  518418
  527828
  536882
  544847
  550968
  554791
  556042
  554747
  551052
  545737
  539453
  532883
  526921
  522250
  519183
  517910
  518222
  519873
  522321
  525136
  527622
  529010
  529003
  527428
  524314
  519871
  514452
  508630
  502918
  497997
  494144
  491632
  490610
  490900
  492199
  494169
  496317
  498416
  500276
  501893
  503145
  503350
  503146
  502473
  501641
  500840
  500378
  500627
  501889
  504288
  507597
  511266
  515024
  518382
  521066
  522796
  523564
  523473
  522557
  520890
  518915
  516859
  515005
  513719
  513213
  513397
  514153
  515461
  516961
  518497
  519771
  520471
  520518
  519768
  518354
  516297
  513757
  511039
  508426
  506242
  504581
  503599
  503494
  504074
  505163
  506530
  508142
  509666
  510883
  511767
  512281
  512396
  512113
  511533
  510834
  510031
  509252
  509137
  509996
  511554
  513194
  513084
  509985
  506200
  503119
  501990
  514980
  544300
  568250
  583492
  590789
  590746
  584307
  573302
  559924
  545911
  532703
  521641
  513743
  509160
  507684
  508745
  511461
  514716
  517441
  518863
  518388
  515666
  510867
  504507
  497224
  489731
  483046
  477778
  474415
  473052
  473625
  475793
  479020
  482707
  486104
  488567
  489760
  489521
  488147
  486030
  483576
  481633
  480827
  481505
  484212
  489281
  496444
  505397
  515561
  526223
  536311
  545023
  551207
  554309
  554381
  551782
  547185
  541566
  535404
  529404
  524259
  520739
  519123
  519389
  521169
  524180
  527833
  531199
  533803
  535075
  534488
  532136
  528184
  523033
  517242
  511292
  505778
  501273
  498239
  496639
  496468
  497550
  499365
  501668
  503901
  505630
  506425
  506171
  505161
  503405
  501256
  499203
  497696
  497145
  497688
  499403
  502192
  505894
  510355
  515053
  519491
  523266
  525948
  527374
  527487
  526296
  524115
  521363
  518534
  515910
  513803
  512553
  512255
  513034
  514743
  517103
  519683
  521958
  523606
  524424
  524232
  522935
  520636
  518165
  517489
  518698
  520661
  525067
  526836
  530358
  541835
  540670
  535186
  534473
  528897
  517061
  503072
  492860
  487101
  484824
  485618
  488948
  493584
  498675
  503541
  507494
  511135
  514256
  516564
  516665
  515547
  513637
  511795
  510249
  508424
  506392
  503510
  501223
  500584
  501551
  503759
  506846
  510110
  513031
  515412
  517117
  518102
  518578
  518854
  519140
  519659
  520832
  522444
  524459
  526739
  528953
  530745
  531964
  532464
  531978
  530104
  526991
  523105
  518982
  514964
  511141
  507967
  505830
  504924
  505325
  506896
  509544
  512780
  515834
  518322
  520008
  520694
  520184
  518779
  516565
  513527
  510369
  507634
  505698
  505097
  506057
  508485
  512219
  515647
  518881
  522531
  523973
  523441
  522175
  520133
  517664
  515551
  514153
  512330
  509870
  508046
  507754
  509193
  511721
  514898
  518145
  521027
  523315
  525324
  528223
  531119
  531712
  528429
  519241
  507728
  501544
  518142
  543252
  561692
  571928
  575930
  575284
  570794
  563214
  553417
  542754
  532344
  522929
  515544
  510997
  508763
  508220
  509288
  511717
  514563
  516569
  517237
  516592
  514579
  511067
  506145
  500572
  495153
  490341
  486489
  483699
  482295
  482589
  483937
  485910
  488260
  490761
  493135
  494969
  496003
  496314
  496488
  496735
  497258
  498408
  500446
  503611
  508227
  513991
  520322
  526795
  532987
  538249
  542214
  544642
  545502
  544916
  542741
  539408
  535705
  531973
  528532
  525743
  524553
  525359
  527762
  531032
  534256
  536689
  537698
  535674
  527530
  514329
  497848
  482493
  481876
  490950
  498979
  505752
  511457
  516330
  520179
  522466
  522788
  521319
  518792
  515826
  512470
  509246
  506799
  505502
  505345
  506098
  507855
  510572
  513811
  517053
  519913
  522623
  525045
  526548
  527298
  528235
  529481
  529644
  529269
  529224
  530169
  531834
  532424
  532487
  533995
  535087
  533607
  525565
  514225
  496908
  476074
  461414
  452550
  448045
  447958
  451602
  458209
  466210
  474206
  481546
  488448
  500117
  511752
  519515
  525024
  525595
  517655
  505476
  492764
  483575
  479268
  480782
  487611
  497846
  509856
  523010
  535813
  546666
  554805
  560157
  563049
  563629
  562166
  559671
  557211
  555314
  554236
  554520
  556108
  558521
  561053
  563123
  563941
  562966
  559977
  554626
  547122
  538249
  528662
  519194
  511066
  504712
  500074
  497499
  497257
  499186
  502407
  506419
  510428
  513482
  515109
  515219
  513435
  509694
  504656
  498993
  493247
  487975
  483857
  481803
  482150
  484640
  489117
  495161
  502117
  509281
  515930
  521516
  525319
  527274
  527547
  526463
  524470
  522009
  519533
  517662
  516819
  517444
  519502
  522638
  526235
  529771
  532823
  535028
  536133
  535945
  534588
  532149
  528731
  524925
  521332
  518356
  516971
  518408
  522924
  527946
  530925
  532157
  532456
  532975
  533628
  539971
  562816
  597968
  626245
  641190
  650937
  676434
  697021
  698932
  686936
  667163
  641472
  613109
  585895
  562495
  543817
  530104
  521373
  516947
  515211
  514529
  513621
  510914
  505633
  497314
  486274
  473390
  459719
  446219
  433716
  423264
  415758
  411386
  409756
  410245
  412132
  414661
  416907
  418287
  418684
  418265
  417470
  417018
  417994
  421222
  427584
  437628
  451465
  468720
  488621
  510196
  532185
  552936
  571138
  585688
  595810
  601266
  601953
  598552
  592177
  584017
  575350
  567474
  561537
  558179
  557507
  559266
  562877
  567635
  572398
  576270
  578419
  577997
  574705
  568678
  560295
  550340
  539491
  528520
  518454
  510047
  503779
  499861
  497967
  497754
  498638
  500090
  501436
  502104
  501834
  500396
  497963
  494868
  491700
  489247
  487815
  487840
  489498
  492883
  497901
  504163
  511107
  518035
  524318
  529331
  532702
  534227
  533857
  531712
  528223
  524214
  520292
  516899
  514799
  515234
  519466
  524499
  526774
  528788
  530995
  531905
  531921
  530981
  528919
  525858
  521927
  517532
  512906
  508751
  505484
  503256
  502415
  502897
  504877
  508429
  512057
  514864
  516909
  518406
  519365
  519556
  519173
  518518
  517844
  517455
  517583
  518547
  520363
  522622
  525512
  528897
  532648
  536459
  540154
  543898
  547192
  548971
  549116
  548374
  547018
  545214
  543244
  541386
  539780
  538444
  537795
  537712
  537604
  537419
  536921
  535769
  533742
  530563
  526106
  520846
  515748
  511237
  507342
  504113
  501662
  499976
  498917
  498231
  498005
  497976
  497808
  497654
  497315
  496825
  496276
  495651
  495032
  494537
  494300
  494579
  495482
  497008
  499138
  501704
  504806
  508286
  512031
  515685
  519253
  522543
  525628
  528496
  531023
  533233
  535176
  536956
  538746
  540619
  542557
  544355
  546004
  547542
  548893
  550179
  551166
  551906
  552986
  554299
  555120
  556810
  562982
  571872
  578210
  582442
  583600
  580786
  573664
  564317
  553292
  541112
  528931
  517256
  507725
  502214
  499633
  498566
  498968
  500104
  500654
  500988
  503311
  502990
  498768
  493434
  487893
  477113
  461276
  455195
  457576
  463421
  471302
  479037
  486681
  494860
  501289
  504894
  505832
  504191
  501169
  498435
  496819
  496988
  500018
  502877
  504409
  508548
  516153
  525767
  536551
  547101
  556104
  563020
  567457
  569069
  567906
  564529
  559728
  554390
  549284
  545024
  542251
  541216
  541719
  543533
  546182
  549217
  551916
  553680
  553695
  551861
  548427
  543624
  537978
  531943
  526142
  521234
  517716
  515762
  515343
  516093
  517820
  520007
  522012
  523386
  523610
  522546
  520411
  517092
  512987
  508609
  504376
  501064
  498865
  497954
  498583
  500599
  504028
  508317
  512911
  517283
  520914
  523563
  524959
  525047
  523883
  521779
  519247
  516705
  514479
  512990
  512607
  513430
  515246
  517807
  520829
  523957
  526901
  529193
  530615
  531115
  530724
  529591
  527808
  525796
  523843
  522228
  521291
  521159
  521954
  523634
  525864
  528509
  531281
  533598
  535398
  536461
  536826
  536488
  535377
  533949
  532350
  530955
  530040
  529779
  530235
  531374
  533113
  535134
  537112
  538856
  540093
  540640
  540569
  539703
  537983
  535640
  532981
  530194
  527423
  524984
  523250
  522197
  521645
  521519
  521904
  522447
  522967
  523135
  522845
  522090
  520779
  518930
  516737
  514306
  512002
  510058
  508606
  507753
  507552
  508061
  509023
  510313
  511928
  513649
  515305
  516682
  517579
  517956
  518070
  518004
  517927
  518067
  518560
  519409
  520810
  522628
  524649
  526965
  529362
  531526
  533376
  534884
  535947
  536377
  536390
  536266
  536674
  537381
  537634
  538432
  541253
  544915
  547276
  547760
  547377
  546798
  545373
  544823
  548364
  550490
  548816
  545611
  543098
  541051
  538920
  536301
  533690
  531092
  528588
  526457
  524810
  523660
  522710
  521600
  520121
  518355
  516659
  514567
  512395
  510804
  509085
  500757
  479049
  453650
  440503
  455924
  485764
  519351
  552059
  576339
  583161
  560963
  529626
  500625
  476199
  458645
  448935
  447294
  453103
  465135
  481209
  499368
  517637
  533919
  546676
  554837
  558117
  556854
  552062
  545216
  537838
  531375
  527103
  525790
  527690
  532617
  539851
  548239
  556610
  563873
  568860
  570796
  569531
  565195
  558481
  550561
  542593
  535609
  530403
  527782
  528093
  531006
  535941
  541930
  547890
  552726
  555519
  555505
  552259
  545949
  537073
  526585
  515534
  505196
  496556
  490399
  487530
  488101
  491696
  497782
  505307
  513278
  520650
  526561
  530257
  531294
  529873
  526411
  521440
  515753
  510313
  505915
  503302
  502792
  504631
  508520
  513960
  520345
  526746
  532419
  536672
  539163
  539565
  538164
  535268
  531391
  527394
  523756
  521124
  519926
  520328
  522299
  525660
  529948
  534542
  538784
  541989
  543754
  543831
  542084
  538830
  534639
  530136
  525790
  522248
  520002
  519153
  520123
  522897
  527061
  531808
  536472
  540522
  543704
  545530
  545802
  544586
  542122
  538830
  535800
  533513
  531621
  530274
  529717
  530164
  531101
  532499
  535263
  537401
  538913
  544207
  547900
  549066
  547942
  544922
  541010
  538757
  537033
  534275
  531328
  529092
  527970
  527282
  526796
  526546
  526221
  525585
  524526
  523036
  520998
  518526
  515861
  512878
  509696
  506887
  505028
  503864
  503508
  504497
  506535
  509064
  511980
  514971
  517738
  520214
  522132
  523337
  523870
  523885
  523619
  523100
  522360
  521397
  521743
  526515
  535157
  548445
  557752
  565512
  572754
  572764
  569856
  565519
  560387
  554867
  549411
  544591
  540816
  538279
  536948
  536755
  537326
  538238
  539077
  539360
  538967
  537811
  535734
  532780
  529167
  525167
  521574
  519418
  518962
  518644
  518260
  518283
  518438
  518448
  518081
  517257
  516170
  514410
  507415
  500535
  497165
  491786
  490731
  491098
  492476
  495634
  500895
  507475
  514696
  521729
  528062
  533286
  536840
  538828
  539485
  539122
  538109
  536893
  535935
  535482
  535694
  536761
  538413
  540505
  542833
  545211
  547393
  549119
  550075
  550373
  550138
  549591
  548627
  547324
  545910
  544608
  543633
  542902
  542256
  541718
  541129
  540268
  538943
  537162
  535071
  532734
  530077
  527240
  524326
  521599
  519244
  517426
  516291
  515912
  516379
  517572
  519412
  521507
  523488
  525265
  526643
  527563
  527963
  527950
  527687
  527177
  526498
  525770
  525162
  524889
  524949
  525320
  526141
  527322
  528738
  530397
  531877
  533019
  533736
  533989
  533778
  533230
  532520
  531747
  531128
  530594
  530368
  530131
  530085
  530325
  530785
  531304
  531682
  531945
  532153
  532172
  531997
  531665
  531275
  531048
  530875
  530812
  531057
  531448
  532001
  532665
  533509
  534560
  535533
  536356
  536949
  537280
  537409
  537318
  537101
  536838
  536442
  536408
  538254
  541406
  543427
  544168
  544033
  543193
  541881
  540397
  538878
  537080
  535166
  533400
