 -104616
 -106815
 -106825
 -105104
 -102090
  -98021
  -93178
  -88201
  -83498
  -79344
  -75999
  -73575
  -71773
  -70231
  -68694
  -66966
  -64803
  -61731
  -57880
  -53736
  -49348
  -44915
  -40746
  -37118
  -34221
  -32094
  -30900
  -30441
  -30534
  -30985
  -31496
  -31780
  -31644
  -30915
  -29504
  -27608
  -25329
  -22980
  -21002
  -19604
  -19202
  -19946
  -21896
  -25198
  -29497
  -34619
  -40383
  -46460
  -52442
  -58380
  -63490
  -67469
  -70169
  -71601
  -72227
  -72618
  -73218
  -74446
  -76869
  -79298
  -81984
  -85293
  -88569
  -91156
  -92528
  -92669
  -91550
  -89413
  -86603
  -83753
  -81324
  -79504
  -78165
  -77348
  -76962
  -76974
  -77138
  -77143
  -76695
  -75667
  -73961
  -71598
  -68697
  -65254
  -61436
  -57328
  -53244
  -49420
  -45995
  -43081
  -40832
  -39105
  -38013
  -37334
  -37076
  -37070
  -37225
  -37464
  -37300
  -37330
  -37899
  -38339
  -38009
  -36683
  -35217
  -34555
  -34946
  -36138
  -37913
  -40234
  -43013
  -45794
  -48334
  -50510
  -52488
  -54346
  -55805
  -56739
  -57322
  -57680
  -57906
  -57910
  -57791
  -57948
  -58623
  -59888
  -61599
  -63780
  -66141
  -68120
  -69595
  -70878
  -72129
  -73017
  -73176
  -72971
  -72596
  -71644
  -70196
  -68457
  -66941
  -66396
  -66818
  -68839
  -72603
  -76512
  -79097
  -79615
  -78279
  -75672
  -72485
  -69047
  -65141
  -61131
  -57516
  -54578
  -52522
  -51416
  -51149
  -51629
  -52576
  -53627
  -54142
  -53778
  -52856
  -51669
  -50182
  -48418
  -46606
  -44909
  -43486
  -42606
  -42517
  -43020
  -43805
  -44653
  -45611
  -46613
  -47483
  -48055
  -48399
  -48525
  -48378
  -48065
  -47660
  -47234
  -46934
  -47049
  -47827
  -49207
  -50948
  -53204
  -55886
  -58698
  -61360
  -63795
  -65663
  -66939
  -67708
  -68009
  -67989
  -67479
  -66612
  -65760
  -65077
  -64689
  -64628
  -65042
  -65791
  -66700
  -67632
  -68395
  -68758
  -68682
  -68326
  -67792
  -67000
  -66000
  -64817
  -63531
  -62298
  -61422
  -60657
  -60129
  -59778
  -59400
  -58985
  -58450
  -57824
  -57151
  -56494
  -55945
  -55350
  -54626
  -53560
  -52238
  -50738
  -49463
  -48431
  -47696
  -47319
  -47445
  -48105
  -48810
  -49238
  -49198
  -49125
  -49347
  -49909
  -50578
  -51322
  -52247
  -53208
  -54092
  -54855
  -55572
  -56201
  -56741
  -57290
  -57713
  -58002
  -58242
  -58499
  -58642
  -58787
  -58891
  -58872
  -58799
  -58669
  -58452
  -58352
  -58492
  -58639
  -58753
  -58990
  -59276
  -59640
  -60047
  -60457
  -60875
  -60883
  -60788
  -61278
  -62157
  -62724
  -62878
  -62784
  -62480
  -61989
  -61115
  -59931
  -58550
  -57128
  -55712
  -54455
  -53410
  -52791
  -52317
  -52031
  -52207
  -52643
  -53139
  -53799
  -54390
  -54608
  -54661
  -54597
  -54236
  -53945
  -53924
  -53929
  -53982
  -54195
  -54477
  -54891
  -55454
  -56000
  -56399
  -56598
  -56686
  -56744
  -56788
  -56738
  -56536
  -56318
  -56144
  -56110
  -56160
  -56382
  -56310
  -56195
  -56447
  -56961
  -57728
  -58752
  -60020
  -61403
  -62755
  -63971
  -65088
  -66211
  -67102
  -67534
  -67312
  -66523
  -65415
  -64179
  -62884
  -61527
  -60287
  -59242
  -58304
  -57494
  -56784
  -56124
  -55587
  -55119
  -54676
  -54190
  -53599
  -52938
  -52284
  -51672
  -51139
  -50619
  -50342
  -50149
  -50013
  -49998
  -49957
  -49938
  -49907
  -49762
  -49459
  -49238
  -49013
  -48830
  -48629
  -48346
  -48165
  -48217
  -48440
  -48939
  -49556
  -50505
  -51703
  -53012
  -54400
  -55539
  -56801
  -57940
  -58842
  -58942
  -58375
  -58156
  -58452
  -59378
  -61156
  -64570
  -68652
  -71915
  -73873
  -74815
  -90119
 -148417
 -206843
 -233284
 -226822
 -190893
 -131457
  -56532
   25261
  105131
  175117
  228709
  261346
  271578
  260731
  232209
  191174
  143721
   95846
   52758
   17993
   -6665
  -21006
  -26669
  -26310
  -23550
  -22071
  -25163
  -35287
  -53425
  -79326
 -111594
 -147640
 -184193
 -217808
 -245626
 -265800
 -277809
 -282397
 -281295
 -277101
 -273008
 -272029
 -276707
 -288552
 -307768
 -333507
 -363564
 -394745
 -423056
 -444314
 -454961
 -452572
 -435939
 -404972
 -361191
 -307477
 -247316
 -184840
 -124048
  -68574
  -21185
   16704
   44788
   64049
   76574
   85317
   93462
  103649
  118158
  138366
  164413
  195542
  229798
  264820
  297799
  325879
  346836
  358847
  361099
  353770
  337927
  315492
  288574
  259429
  230183
  202680
  177690
  155421
  135345
  116163
   96434
   74714
   49554
   19813
  -14857
  -54293
  -97483
 -142824
 -188234
 -231513
 -270330
 -303111
 -328809
 -347068
 -358065
 -362853
 -362971
 -360122
 -356029
 -352137
 -349658
 -349228
 -350665
 -353206
 -355781
 -356942
 -354972
 -348421
 -336335
 -318348
 -294303
 -264857
 -231305
 -195253
 -158186
 -121792
  -87822
  -57385
  -30861
   -8414
   10358
   26333
   40543
   53967
   67743
   82778
   99614
  118017
  137079
  155754
  173146
  188000
  199343
  206383
  208688
  206558
  201190
  192939
  181471
  167366
  151962
  136277
  121088
  106702
   94009
   82818
   72426
   62204
   51359
   39259
   25263
    9002
   -9520
  -29867
  -50981
  -72840
  -96118
 -117287
 -136285
 -152644
 -165921
 -176322
 -184105
 -189753
 -194118
 -197813
 -201470
 -205442
 -209984
 -215384
 -221265
 -227151
 -232458
 -236572
 -238719
 -238344
 -235049
 -228747
 -219741
 -208391
 -195259
 -181237
 -166927
 -152962
 -139847
 -128026
 -117446
 -107987
  -99158
  -90436
  -81435
  -71570
  -60496
  -48135
  -34603
  -19973
   -4541
   11034
   26116
   40103
   52436
   62526
   70614
   76797
   81109
   83883
   85565
   86446
   86912
   87314
   87671
   88064
   88270
   88072
   87091
   85010
   81612
   76196
   68730
   59240
   47363
   33586
   19221
    5166
   -8128
  -20626
  -32181
  -42845
  -52883
  -62473
  -71893
  -81358
  -91098
 -101411
 -112368
 -124003
 -135994
 -147921
 -160130
 -175269
 -194521
 -214939
 -232732
 -243395
 -243709
 -233975
 -216082
 -192478
 -166048
 -139745
 -116125
  -96918
  -83136
  -75090
  -72536
  -74366
  -79075
  -84697
  -89408
  -91721
  -90747
  -86123
  -78246
  -67533
  -54943
  -41921
  -30030
  -20172
  -12946
   -8830
   -7573
   -8624
  -11107
  -13889
  -16003
  -16855
  -15807
  -12832
   -8248
   -2830
    2433
    6592
    8611
    7634
    3296
   -4596
  -15790
  -29254
  -43932
  -58347
  -71501
  -82111
  -89225
  -92382
  -91579
  -87328
  -80240
  -71552
  -62528
  -54439
  -48279
  -44666
  -44150
  -46609
  -51513
  -58085
  -65225
  -72052
  -77498
  -80875
  -81772
  -79958
  -75772
  -69780
  -62801
  -55817
  -49708
  -45037
  -42310
  -41858
  -43578
  -47200
  -51998
  -57094
  -61931
  -65850
  -68296
  -69046
  -68314
  -66314
  -63446
  -60461
  -57972
  -56403
  -56149
  -57448
  -60355
  -64517
  -69481
  -74669
  -79511
  -83172
  -85184
  -85296
  -83533
  -80091
  -75268
  -69422
  -63261
  -57553
  -52749
  -49213
  -47114
  -46399
  -46864
  -48108
  -49596
  -50865
  -51456
  -51015
  -49325
  -46318
  -42253
  -37453
  -32444
  -27741
  -23645
  -20557
  -18849
  -18251
  -18351
  -19419
  -21578
  -25040
  -29532
  -34521
  -39576
  -44224
  -48129
  -51091
  -53226
  -54559
  -55702
  -56664
  -57651
  -59186
  -61238
  -64041
  -67639
  -71599
  -75600
  -79354
  -82525
  -85009
  -86520
  -87112
  -86827
  -85580
  -83734
  -81645
  -79703
  -77819
  -76423
  -75449
  -74984
  -74939
  -74998
  -74851
  -74346
  -73245
  -71278
  -68539
  -65043
  -60804
  -55980
  -50706
  -45509
  -40778
  -36649
  -33361
  -31064
  -29610
  -29134
  -28992
  -29217
  -30169
  -31380
  -31900
  -31576
  -32250
  -31655
  -31252
  -30484
  -29995
  -29711
  -30632
  -31691
  -33994
  -37437
  -41032
  -44034
  -46165
  -48181
  -50008
  -52172
  -54853
  -57415
  -59638
  -61690
  -64672
  -69377
  -72585
  -73365
  -72364
  -70050
  -67313
  -65694
  -63518
  -60347
  -58167
  -57192
  -57562
  -58968
  -61187
  -63896
  -66740
  -69453
  -71724
  -73149
  -73975
  -74303
  -73860
  -72793
  -71431
  -70074
  -68942
  -68109
  -67475
  -67112
  -66962
  -66689
  -66234
  -65553
  -64380
  -62670
  -60466
  -58512
  -56611
  -54693
  -53015
  -51662
  -50827
  -50575
  -50764
  -51295
  -51978
  -52801
  -53977
  -54399
  -53935
  -52597
  -50516
  -48010
  -45107
  -42026
  -38997
  -36254
  -34349
  -34598
  -35513
  -35492
  -34726
  -34099
  -33876
  -33964
  -34338
  -35010
  -35994
  -37292
  -38821
  -40501
  -42271
  -43987
  -45112
  -44324
  -44044
  -46504
  -50576
  -55373
  -60419
  -65259
  -69552
  -73307
  -76323
  -78457
  -79641
  -79959
  -79381
  -78374
  -77196
  -75956
  -74739
  -73663
  -72959
  -72634
  -72836
  -73992
  -75238
  -75663
  -75167
  -73801
  -71728
  -69313
  -67053
  -64608
  -62433
  -60484
  -58862
  -57209
  -55963
  -55123
  -54205
  -52030
  -51006
  -48850
  -47475
  -45144
  -42152
  -39554
  -36815
  -33933
  -31798
  -30027
  -28262
  -26420
  -25671
  -26577
  -28908
  -32731
  -37159
  -41322
  -44827
  -47466
  -48876
  -49222
  -48774
  -47865
  -46757
  -45372
  -44213
  -43736
  -44116
  -45470
  -47544
  -50075
  -52811
  -55233
  -57337
  -59307
  -61169
  -62588
  -63778
  -65000
  -66345
  -68045
  -70592
  -73341
  -75400
  -76711
  -77200
  -76951
  -75925
  -74222
  -71973
  -69314
  -66359
  -63352
  -60722
  -58467
  -56679
  -55302
  -54319
  -53786
  -53572
  -53777
  -54305
  -54854
  -55505
  -56100
  -56448
  -56454
  -56077
  -55477
  -54679
  -53611
  -52390
  -51109
  -49869
  -48522
  -46963
  -46136
  -47801
  -52700
  -57945
  -60689
  -60452
  -57554
  -52506
  -46115
  -39197
  -32560
  -26984
  -22918
  -20712
  -20588
  -24644
  -40244
  -65923
  -89814
 -103540
 -104564
  -93431
  -72286
  -44357
  -13381
   17067
   43580
   63482
   74791
   76434
   68983
   54113
   33990
   11174
  -11764
  -32436
  -49286
  -61439
  -68665
  -71731
  -72053
  -71206
  -70779
  -72525
  -77480
  -86240
  -98572
 -113714
 -130399
 -147175
 -162395
 -174740
 -183207
 -187258
 -186987
 -183297
 -177224
 -170277
 -164052
 -160050
 -158976
 -161090
 -166298
 -173893
 -182549
 -190667
 -196571
 -198632
 -195502
 -186428
 -171456
 -151007
 -126312
  -98756
  -70123
  -42585
  -17761
    3279
   19739
   31610
   39268
   43490
   45397
   46504
   48097
   51230
   56586
   64315
   74203
   85371
   96740
  107346
  115612
  120768
  122113
  119167
  112120
  101292
   87692
   72312
   56205
   40259
   25371
   12204
     856
   -9047
  -17940
  -26371
  -35239
  -45335
  -57233
  -71115
  -86867
 -104166
 -122271
 -140352
 -157365
 -172445
 -184826
 -193978
 -199792
 -202265
 -201592
 -198521
 -193833
 -188434
 -183059
 -178523
 -174990
 -172444
 -170789
 -169573
 -168126
 -165535
 -161038
 -154491
 -145576
 -134272
 -120798
 -105659
  -89535
  -73059
  -57154
  -42127
  -27400
  -13622
   -2976
    4326
    8918
   11467
   12816
   13939
   15568
   18303
   22307
   27547
   33751
   40450
   47017
   52773
   57056
   59201
   58930
   56078
   50980
   44132
   36107
   27567
   19141
   11569
    4996
    -550
   -5201
   -9236
  -13032
  -17289
  -22726
  -28980
  -36170
  -44068
  -52451
  -60884
  -68532
  -75778
  -83161
  -90781
  -99053
 -107650
 -115090
 -120829
 -124647
 -126544
 -126787
 -126046
 -124783
 -123508
 -122443
 -121835
 -121917
 -122532
 -123460
 -124322
 -124820
 -124536
 -123325
 -121063
 -117506
 -112737
 -106701
  -99901
  -92795
  -85461
  -78378
  -72164
  -66901
  -62566
  -58811
  -55538
  -52592
  -49582
  -46139
  -41974
  -37037
  -31296
  -24947
  -18305
  -11511
   -4993
     756
    5610
    9368
   11804
   12793
   12444
   10983
    9013
    6886
    4861
    2782
     911
    -357
    -954
   -1282
   -1626
   -2602
   -4961
   -8582
  -13719
  -20769
  -30347
  -41053
  -51184
  -60032
  -67127
  -72386
  -75899
  -77934
  -78711
  -78711
  -78511
  -78711
  -79742
  -81854
  -84979
  -88902
  -93584
  -98548
 -103275
 -107511
 -110807
 -112743
 -113428
 -112858
 -111265
 -108999
 -106218
 -103175
 -100146
  -97387
  -94954
  -92793
  -90762
  -88681
  -86286
  -83443
  -79925
  -75514
  -70406
  -64758
  -58542
  -52084
  -45803
  -40004
  -34803
  -30269
  -26620
  -23858
  -21882
  -20671
  -19924
  -19543
  -19332
  -18842
  -17820
  -16471
  -14733
  -12595
  -10281
   -8043
   -6184
   -5156
   -5146
   -6225
   -8290
  -11176
  -14688
  -18667
  -22783
  -26768
  -30692
  -34401
  -37680
  -40380
  -42569
  -44568
  -46834
  -49053
  -51254
  -54348
  -58484
  -63243
  -69020
  -75445
  -81864
  -88006
  -93364
  -97349
  -99794
 -100422
  -99911
  -99005
  -97713
  -96098
  -94062
  -91395
  -88117
  -85017
  -83185
  -82574
  -82926
  -83946
  -85290
  -86559
  -87366
  -87266
  -86019
  -83579
  -80007
  -75471
  -70393
  -64918
  -59392
  -54237
  -49787
  -46357
  -43994
  -42075
  -39777
  -37095
  -33512
  -29166
  -24750
  -20632
  -16874
  -13598
  -11145
   -9641
   -9606
  -11251
  -13945
  -16845
  -19545
  -21593
  -22737
  -23153
  -22938
  -22306
  -21415
  -20562
  -20123
  -20204
  -21020
  -22765
  -25156
  -28298
  -32133
  -36596
  -41486
  -46549
  -51638
  -56724
  -61657
  -66041
  -69892
  -73291
  -76536
  -79448
  -82274
  -85132
  -87795
  -90216
  -92450
  -94436
  -95874
  -96809
  -97492
  -97607
  -97058
  -96163
  -95218
  -94410
  -93839
  -93315
  -92775
  -92319
  -91730
  -90953
  -89917
  -88825
  -87210
  -84329
  -80103
  -74845
  -68963
  -62625
  -56274
  -50366
  -45193
  -40791
  -37356
  -35112
  -33778
  -32714
  -31276
  -29082
  -25894
  -21925
  -17530
  -13058
   -8795
   -4980
   -1829
     306
    1216
    1010
    -277
   -2390
   -5092
   -8014
  -11120
  -14386
  -17600
  -20525
  -23131
  -25606
  -28038
  -30579
  -33464
  -36615
  -40235
  -44394
  -49008
  -53929
  -59153
  -64531
  -69806
  -74709
  -79071
  -82721
  -85547
  -87745
  -89414
  -90696
  -91613
  -92330
  -93293
  -94576
  -96016
  -97603
  -99099
 -100162
 -100485
 -100466
 -100071
  -98978
  -97040
  -94366
  -90985
  -86998
  -82417
  -77378
  -72301
  -67480
  -62964
  -58796
  -55541
  -53968
  -53831
  -53279
  -51101
  -47289
  -41896
  -35228
  -27813
  -20111
  -12650
   -6056
     129
    5150
    8318
    9408
    8055
    4314
    -739
   -6776
  -13129
  -19143
  -24327
  -28431
  -31337
  -33017
  -33753
  -34117
  -34541
  -35526
  -37341
  -39940
  -43582
  -48136
  -53363
  -58919
  -64484
  -69666
  -74249
  -78056
  -80886
  -82854
  -84266
  -85270
  -86130
  -87162
  -88545
  -90373
  -92533
  -95038
  -97485
  -99828
 -101544
 -102328
 -101968
 -100176
  -97076
  -92826
  -87594
  -81837
  -75819
  -69842
  -64336
  -59584
  -55687
  -52758
  -50832
  -49691
  -48978
  -48366
  -47428
  -45914
  -43861
  -41197
  -38000
  -34350
  -30616
  -27026
  -23871
  -21413
  -19707
  -18871
  -18893
  -19626
  -20978
  -22772
  -24908
  -27070
  -29103
  -30742
  -31956
  -32847
  -33347
  -33895
  -34607
  -35620
  -37057
  -39208
  -41841
  -44762
  -47960
  -51268
  -54551
  -57650
  -60419
  -62760
  -64715
  -66193
  -67051
  -67596
  -67957
  -68101
  -68342
  -69302
  -71482
  -74133
  -76002
  -76804
  -77131
  -76786
  -75655
  -74071
  -72146
  -69952
  -67648
  -65571
  -63989
  -62789
  -61832
  -61171
  -60823
  -60889
  -61173
  -61502
  -61943
  -62176
  -61945
  -61233
  -60332
  -60140
  -61344
  -64611
  -67999
  -68519
  -65741
  -60027
  -51911
  -42452
  -32615
  -23334
  -15815
  -11842
  -12763
  -16337
  -19810
  -22359
  -23616
  -23696
  -22618
  -20442
  -18007
  -15590
  -13457
  -12148
  -12168
  -13898
  -17257
  -22185
  -28285
  -35267
  -42584
  -49729
  -56217
  -61879
  -66540
  -70082
  -72510
  -74355
  -76068
  -77884
  -80105
  -83085
  -86985
  -91857
  -97600
 -103665
 -109232
 -114263
 -119088
 -123104
 -125782
 -126901
 -126571
 -125819
 -142438
 -194796
 -243568
 -263483
 -253578
 -216920
 -159041
  -86973
   -8574
   68188
  135760
  188183
  222460
  237273
  233555
  214418
  184433
  148883
  112951
   80955
   55911
   39187
   30877
   29490
   32429
   36617
   38959
   36607
   27629
   11131
  -12851
  -42659
  -75768
 -109100
 -139847
 -165652
 -185164
 -198103
 -205120
 -207964
 -209098
 -211045
 -216444
 -227344
 -245100
 -269666
 -299984
 -333800
 -368120
 -399473
 -424207
 -439054
 -441875
 -431412
 -407811
 -372406
 -327639
 -277023
 -224120
 -172395
 -125007
  -84189
  -51231
  -26237
   -8317
    4130
   13716
   23308
   35354
   51762
   73543
  100765
  132661
  167389
  202745
  236372
  265781
  288969
  304533
  311594
  310163
  301297
  286799
  268383
  247981
  227284
  207617
  189650
  173478
  158743
  144315
  128831
  110919
   89262
   62999
   31778
   -4016
  -43271
  -84509
 -125843
 -165225
 -200960
 -231751
 -256513
 -274941
 -287198
 -294267
 -297326
 -297801
 -297410
 -297379
 -298661
 -301789
 -306796
 -312836
 -318918
 -323775
 -325790
 -323623
 -316575
 -303951
 -285768
 -262556
 -235447
 -205836
 -175061
 -144747
 -116107
  -90076
  -67346
  -47994
  -31628
  -17497
   -4635
    7804
   20667
   34740
   50261
   66994
   84420
  102253
  119952
  135708
  148148
  157064
  161924
  162781
  159789
  153450
  144823
  134795
  124216
  114246
  105424
   97941
   92153
   87690
   83000
   75886
   66632
   57329
   46752
   33679
   18181
     457
  -18806
  -38800
  -58514
  -77037
  -93847
 -108665
 -120891
 -130269
 -137125
 -142406
 -146993
 -151462
 -156462
 -162693
 -169813
 -177928
 -188895
 -202515
 -215448
 -224113
 -227217
 -225434
 -219441
 -209119
 -194863
 -179646
 -164612
 -151316
 -140843
 -133745
 -129938
 -128510
 -128304
 -128709
 -128680
 -126892
 -122138
 -114088
 -103417
  -89799
  -73720
  -56115
  -38091
  -20477
   -3956
   10696
   23041
   32952
   40415
   45183
   48494
   51967
   55590
   60248
   66144
   73032
   80219
   85967
   89166
   90244
   89359
   86912
   82987
   77595
   70864
   63175
   54960
   46525
   38349
   30890
   25349
   21969
   17314
   11221
    4218
   -5262
  -17645
  -31915
  -47736
  -64178
  -80090
  -95475
 -110083
 -124039
 -137130
 -149423
 -160480
 -168302
 -172555
 -175580
 -177888
 -179452
 -180605
 -181787
 -183685
 -184928
 -185432
 -185690
 -185724
 -184237
 -181292
 -177461
 -171434
 -161565
 -150279
 -137624
 -125239
 -113670
 -103255
  -94026
  -85751
  -78206
  -71522
  -65174
  -58776
  -51187
  -41516
  -29494
  -14724
    1775
   18569
   34642
   49247
   61718
   71578
   78478
   82407
   83687
   82769
   80367
   77103
   73474
   69754
   66350
   63095
   59590
   56809
   54001
   49214
   43837
   37390
   29238
   19506
    8465
   -3669
  -16615
  -28743
  -40062
  -51714
  -63630
  -74220
  -83298
  -91736
 -100446
 -108802
 -116703
 -123206
 -128096
 -132345
 -135698
 -140210
 -146272
 -150596
 -153866
 -157130
 -160818
 -163991
 -164843
 -163726
 -161823
 -157929
 -151940
 -145351
 -139610
 -134542
 -129188
 -122940
 -116326
 -108470
  -99086
