 -236520
 -241820
 -244578
 -245632
 -245813
 -246451
 -248790
 -253864
 -262472
 -274823
 -290463
 -308838
 -329202
 -350295
 -370908
 -389568
 -405049
 -416703
 -424410
 -428620
 -429906
 -429480
 -428667
 -428212
 -428855
 -431185
 -435321
 -441233
 -448252
 -455670
 -462490
 -467727
 -470318
 -469513
 -465331
 -457695
 -446901
 -433825
 -419593
 -405038
 -391184
 -378785
 -368226
 -359783
 -353590
 -349200
 -345457
 -341536
 -336632
 -330293
 -321997
 -311307
 -298413
 -284069
 -269148
 -254493
 -241048
 -229633
 -220805
 -214964
 -212275
 -212482
 -214809
 -218220
 -222544
 -227045
 -230954
 -233621
 -234885
 -234949
 -234066
 -232876
 -231951
 -232074
 -234040
 -238308
 -244914
 -254547
 -267103
 -281692
 -297485
 -313341
 -328245
 -341395
 -352048
 -359980
 -365512
 -369048
 -371107
 -372692
 -374873
 -378180
 -383076
 -389740
 -397916
 -406992
 -416358
 -425427
 -433247
 -439155
 -442506
 -442926
 -440482
 -435498
 -428621
 -420623
 -412259
 -404417
 -397557
 -391776
 -387182
 -383567
 -380562
 -377766
 -374596
 -370511
 -364894
 -357488
 -348597
 -338282
 -327062
 -315353
 -303678
 -292665
 -282713
 -274111
 -267125
 -262043
 -258552
 -256375
 -255253
 -254863
 -254498
 -253676
 -252294
 -250348
 -247952
 -245379
 -242707
 -240351
 -239082
 -239486
 -241890
 -246204
 -251806
 -258714
 -266713
 -275426
 -284295
 -292541
 -299926
 -306485
 -312051
 -317029
 -321583
 -325840
 -330188
 -335042
 -340874
 -347826
 -355683
 -364318
 -373186
 -381596
 -389086
 -395259
 -400174
 -403612
 -405581
 -406352
 -406106
 -405168
 -403750
 -401834
 -399680
 -397593
 -395638
 -393800
 -392129
 -390540
 -388751
 -386462
 -383424
 -379240
 -373650
 -366801
 -359196
 -351263
 -343110
 -335021
 -327263
 -319945
 -313244
 -307324
 -302173
 -297461
 -293350
 -289842
 -286546
 -283395
 -280153
 -276635
 -273010
 -269390
 -265742
 -262370
 -259410
 -257254
 -256056
 -255923
 -256953
 -258964
 -262021
 -266009
 -270489
 -275325
 -280140
 -284721
 -289051
 -293014
 -296471
 -299651
 -303060
 -306704
 -310540
 -314790
 -319702
 -325460
 -331983
 -338744
 -345611
 -352267
 -358466
 -364025
 -368547
 -372023
 -374574
 -376220
 -377140
 -377752
 -378340
 -378860
 -379330
 -379963
 -380666
 -381375
 -382136
 -382841
 -383016
 -382363
 -380877
 -378610
 -375422
 -371367
 -366519
 -361280
 -355891
 -350350
 -344826
 -339488
 -334401
 -329582
 -325251
 -321505
 -318304
 -315239
 -312050
 -308787
 -305331
 -301456
 -297175
 -292478
 -287771
 -283194
 -279125
 -275844
 -273552
 -272102
 -271753
 -272685
 -274566
 -276870
 -279255
 -281524
 -283658
 -285768
 -287538
 -288772
 -289717
 -290645
 -291791
 -293396
 -295787
 -299200
 -303693
 -308946
 -314677
 -320780
 -326995
 -332977
 -338258
 -342908
 -346594
 -349160
 -350680
 -351816
 -352821
 -353831
 -355193
 -357069
 -359297
 -361758
 -364164
 -366361
 -368821
 -371263
 -373370
 -374760
 -375194
 -374571
 -372843
 -370323
 -367066
 -363070
 -358699
 -354400
 -350460
 -346963
 -344062
 -341674
 -339470
 -337384
 -335092
 -332532
 -329631
 -326338
 -322581
 -318296
 -313629
 -308722
 -303792
 -299178
 -295080
 -291646
 -289043
 -287476
 -286882
 -287115
 -287693
 -288377
 -289058
 -289162
 -288836
 -288643
 -288384
 -288412
 -288752
 -289278
 -290036
 -291266
 -293241
 -295763
 -298613
 -301756
 -305172
 -308848
 -312549
 -316426
 -320368
 -324095
 -327483
 -330607
 -333611
 -336604
 -339765
 -342992
 -346110
 -348905
 -351379
 -353466
 -355273
 -356705
 -357740
 -358469
 -358875
 -358978
 -359086
 -359225
 -359343
 -359372
 -359309
 -358917
 -358251
 -357370
 -356289
 -354899
 -353091
 -350823
 -348027
 -344594
 -340707
 -336798
 -333044
 -329634
 -326626
 -323956
 -321631
 -319583
 -317769
 -316034
 -314149
 -312025
 -309545
 -306879
 -304326
 -301900
 -299507
 -297365
 -295622
 -294299
 -293387
 -292970
 -293173
 -293890
 -295088
 -296560
 -298056
 -299318
 -300466
 -301594
 -302652
 -303775
 -304810
 -305851
 -307084
 -308643
 -310609
 -313171
 -316128
 -319163
 -322148
 -325130
 -328026
 -330887
 -333579
 -336147
 -338263
 -339653
 -340578
 -341331
 -342151
 -342815
 -343499
 -344325
 -345395
 -346468
 -347551
 -348588
 -349340
 -349936
 -350414
 -350486
 -350018
 -348919
 -347347
 -345599
 -343839
 -342234
 -340671
 -339015
 -337310
 -335810
 -334353
 -332912
 -331297
 -329564
 -327902
 -326220
 -324399
 -322442
 -320389
 -318411
 -316650
 -314743
 -312696
 -310722
 -308965
 -307388
 -305876
 -304476
 -303322
 -302522
 -302028
 -301889
 -302045
 -302440
 -303001
 -303687
 -304415
 -304927
 -305313
 -305891
 -306426
 -306872
 -307451
 -307854
 -308450
 -309549
 -310910
 -312486
 -314415
 -316822
 -319331
 -321816
 -324474
 -326934
 -329143
 -331277
 -333192
 -334782
 -336326
 -337692
 -338898
 -340080
 -341188
 -342402
 -344665
 -349524
 -354055
 -356241
 -355730
 -352633
 -347303
 -340809
 -333666
 -326664
 -320955
 -317639
 -317106
 -319625
 -324286
 -330250
 -336587
 -342614
 -347401
 -350045
 -349584
 -345858
 -339317
 -330989
 -321935
 -313495
 -306632
 -301736
 -299153
 -299004
 -300969
 -304634
 -309199
 -314165
 -318607
 -322305
 -325126
 -326007
 -324631
 -321682
 -317586
 -312517
 -307468
 -303065
 -299524
 -297332
 -296720
 -297422
 -299377
 -302477
 -306352
 -310404
 -314327
 -318006
 -321092
 -323148
 -324368
 -324954
 -325058
 -325073
 -325369
 -326254
 -327769
 -329654
 -331910
 -334549
 -337429
 -340172
 -342528
 -344138
 -345044
 -345237
 -344461
 -342806
 -340502
 -338052
 -335817
 -334186
 -333436
 -333587
 -334567
 -336132
 -337610
 -338637
 -339327
 -339589
 -338926
 -337520
 -335766
 -333366
 -330357
 -327031
 -323312
 -319696
 -316531
 -313754
 -311773
 -311042
 -311388
 -312633
 -314223
 -315647
 -317017
 -317945
 -318021
 -317051
 -315303
 -313132
 -310594
 -307989
 -305551
 -303241
 -302085
 -302737
 -305030
 -308441
 -312284
 -316033
 -318474
 -318860
 -318102
 -317632
 -318518
 -320279
 -321987
 -323631
 -325446
 -327098
 -328441
 -329740
 -330821
 -331548
 -332138
 -332867
 -333110
 -332528
 -331609
 -330426
 -328965
 -327125
 -325491
 -324764
 -324966
 -325774
 -326953
 -328086
 -329131
 -330764
 -332859
 -334520
 -335784
 -335974
 -334776
 -332453
 -329297
 -325767
 -322484
 -320004
 -318543
 -318274
 -319493
 -322078
 -325005
 -327737
 -330076
 -331717
 -332532
 -332639
 -331912
 -330352
 -327974
 -324891
 -321593
 -318671
 -315697
 -308655
 -300906
 -297922
 -300374
 -306847
 -311621
 -314337
 -318880
 -328300
 -341754
 -357087
 -371766
 -383421
 -389893
 -389833
 -382892
 -369719
 -351738
 -330906
 -309633
 -290475
 -275668
 -266669
 -264352
 -268740
 -278984
 -293421
 -309982
 -326000
 -339266
 -348067
 -351193
 -348348
 -340144
 -327782
 -312672
 -296956
 -283020
 -273028
 -268044
 -268600
 -274905
 -286237
 -301255
 -317879
 -333998
 -347756
 -357542
 -362532
 -362625
 -358192
 -350239
 -340290
 -330017
 -321038
 -314780
 -312379
 -314235
 -319791
 -328028
 -337533
 -346929
 -354821
 -360061
 -361812
 -359717
 -353742
 -344838
 -334048
 -322594
 -312044
 -303659
 -298490
 -296807
 -298642
 -303653
 -310983
 -319489
 -327502
 -333754
 -337063
 -337105
 -333848
 -327952
 -320360
 -311975
 -303902
 -297271
 -292997
 -291661
 -293644
 -298498
 -305510
 -313715
 -322146
 -329985
 -336445
 -340612
 -342165
 -341164
 -337914
 -333194
 -326705
 -313086
 -294903
 -283146
 -282508
 -293233
 -313842
 -341096
 -370803
 -398597
 -420227
 -432235
 -432882
 -421974
 -400445
 -371071
 -337753
 -304684
 -276019
 -255131
 -244440
 -245051
 -256288
 -276137
 -301560
 -328524
 -353151
 -371928
 -382083
 -382111
 -372225
 -353831
 -329564
 -302709
 -276826
 -255358
 -240979
 -235446
 -239344
 -252058
 -271705
 -295384
 -320047
 -342488
 -360131
 -370884
 -373774
 -368984
 -357496
 -341292
 -322995
 -305757
 -292112
 -283886
 -282360
 -287963
 -299906
 -316542
 -335192
 -353265
 -368611
 -378952
 -382489
 -379075
 -369413
 -355027
 -337937
 -320468
 -303218
 -287321
 -278733
 -278946
 -287765
 -303639
 -323868
 -345036
 -364043
 -378249
 -385417
 -384652
 -376117
 -360911
 -341063
 -319395
 -298678
 -281420
 -269970
 -265898
 -269239
 -279414
 -294834
 -313035
 -331621
 -345305
 -342918
 -333536
 -327158
 -325325
 -328516
 -336326
 -347129
 -358739
 -369335
 -377102
 -380488
 -378850
 -371945
 -360150
 -344818
 -327598
 -310495
 -295527
 -284455
 -278610
 -278370
 -283531
 -293387
 -306324
 -320296
 -333189
 -343008
 -348480
 -348998
 -344229
 -334754
 -321932
 -307380
 -292937
 -280350
 -271387
 -267092
 -268148
 -274331
 -284628
 -297850
 -312208
 -326043
 -337760
 -345881
 -349734
 -349426
 -345482
 -339012
 -331470
 -323993
 -317514
 -313174
 -312009
 -314391
 -319855
 -327598
 -336793
 -345984
 -353836
 -359263
 -361530
 -360637
 -356727
 -350215
 -341956
 -332862
 -324063
 -317157
 -312970
 -312050
 -314269
 -319115
 -325667
 -332860
 -339432
 -344205
 -346498
 -345982
 -342597
 -336586
 -328748
 -319950
 -311250
 -303777
 -298348
 -295524
 -295767
 -298923
 -304201
 -310995
 -318343
 -324957
 -329940
 -332855
 -333358
 -331448
 -327360
 -321839
 -315877
 -310811
 -307516
 -304011
 -279070
 -246926
 -255943
 -281509
 -291025
 -308258
 -343895
 -404070
 -469950
 -537729
 -563133
 -550231
 -525981
 -495608
 -443574
 -371339
 -287849
 -205092
 -132358
  -75989
  -44063
  -42601
  -72216
 -128516
 -203676
 -287694
 -369305
 -436388
 -461873
 -444308
 -416648
 -383961
 -357615
 -356167
 -361588
 -361924
 -354778
 -340700
 -320830
 -295355
 -267250
 -241896
 -223854
 -216213
 -220945
 -238238
 -266533
 -297282
 -310593
 -323106
 -353653
 -392154
 -427315
 -461479
 -490628
 -510769
 -519203
 -513520
 -491479
 -454129
 -406012
 -352907
 -301142
 -256468
 -223937
 -206650
 -205840
 -220396
 -247623
 -283161
 -321964
 -358646
 -388248
 -406655
 -411546
 -402537
 -380705
 -348793
 -310831
 -271470
 -235661
 -207690
 -190770
 -186661
 -195182
 -214469
 -241594
 -272723
 -303630
 -330407
 -350248
 -361327
 -363210
 -356962
 -344427
 -328427
 -312241
 -298971
 -291372
 -291282
 -298865
 -312976
 -332095
 -353479
 -374071
 -390928
 -401682
 -405252
 -400994
 -389475
 -372326
 -351853
 -330718
 -311745
 -297164
 -288583
 -287051
 -292744
 -304740
 -320801
 -338448
 -355084
 -368130
 -375678
 -376814
 -371100
 -359115
 -342343
 -323074
 -303568
 -286144
 -272895
 -265340
 -264160
 -269362
 -280110
 -294722
 -311193
 -327281
 -341035
 -350751
 -355365
 -354463
 -348284
 -338130
 -326308
 -314723
 -304955
 -298675
 -296756
 -299407
 -306342
 -316567
 -328600
 -340969
 -352110
 -360310
 -364296
 -363780
 -358861
 -350096
 -338964
 -327131
 -315933
 -306810
 -301054
 -299189
 -301232
 -306698
 -314392
 -323302
 -332200
 -339762
 -344850
 -346851
 -345356
 -340554
 -333091
 -323645
 -313115
 -303100
 -295141
 -290123
 -288692
 -290948
 -296598
 -304792
 -314282
 -324013
 -333015
 -340071
 -344210
 -345101
 -342958
 -338298
 -332038
 -325294
 -319160
 -314689
 -312574
 -313357
 -316969
 -322709
 -329376
 -335920
 -342121
 -347932
 -352922
 -356218
 -357010
 -355288
 -351338
 -345349
 -337883
 -330150
 -323898
 -320709
 -320618
 -322501
 -325186
 -327906
 -330152
 -331348
 -330880
 -328641
 -325198
 -320786
 -315995
 -311393
 -307708
 -305554
 -305091
 -306277
 -308879
 -312417
 -316492
 -320425
 -323646
 -325838
 -326613
 -325909
 -324084
 -321405
 -318231
 -315290
 -313178
 -312112
 -312404
 -313940
 -316665
 -320515
 -324887
 -329444
 -333689
 -337182
 -339491
 -340122
 -339243
 -337472
 -335479
 -333509
 -331587
 -330112
 -329352
 -329460
 -330349
 -331724
 -333737
 -336110
 -338264
 -339837
 -340200
 -338913
 -336588
 -333793
 -330895
 -328084
 -326043
 -324759
 -324592
 -325048
 -321459
 -309214
 -286509
  -73030
  473551
 1013822
 1229403
  986960
  335905
 -616675
-1730168
-2847261
-3805642
-4456388
-4689407
-4452034
-3757089
-2681640
-1356563
   47633
 1342170
 2352833
 2956473
 3100141
 2800698
 2132354
 1207937
  162201
 -862033
-1726040
-2310020
-2531584
-2358596
-1813463
 -970217
   55324
 1119022
 2068976
 2772625
 3140130
 3135905
 2777347
 2125080
 1270426
  322213
 -604067
-1397580
-1965608
-2247318
-2222449
-1913565
-1382614
 -722684
  -45249
  537366
  932408
 1082197
  970002
  617923
   79927
 -568481
-1240472
-1846801
-2306219
-2556485
-2563459
-2326199
-1877803
-1280706
 -618104
   17323
  538241
  878013
  999857
  900199
  606429
  170214
 -341436
 -853903
-1293503
-1596487
-1718179
-1638885
-1366775
 -937131
 -407703
  149231
  657024
 1047478
 1271099
 1304098
 1149783
  835888
  409046
  -72081
 -543778
 -945390
-1226897
-1355089
-1318144
-1127368
 -815832
 -433266
  -38842
  307797
  555597
  670278
  638217
  467172
  183777
 -171382
 -549659
 -900171
-1176259
-1341508
-1374805
-1273334
-1052929
 -745574
 -395309
  -51797
  237584
  434513
  515483
  474727
  323538
   87648
 -197041
 -489006
 -746969
 -934643
-1025910
-1008446
 -884843
 -673004
 -403291
 -114339
  153076
  362227
  485082
  506086
  424325
  252927
   16333
 -253358
 -520756
 -751665
 -917303
 -998125
 -987008
 -889639
 -723517
 -515302
 -297220
 -102475
   40306
  110954
  100404
   11689
 -142073
 -338863
 -550949
 -749458
 -907552
-1004182
-1026662
 -972395
 -849377
 -674980
 -472995
 -270384
  -93831
   34587
  100711
   99367
   35233
  -78412
 -222316
 -373666
 -509106
 -608079
 -655350
 -643011
 -571632
 -450126
 -294484
 -125403
   34409
  163898
  246449
  272500
  240475
  156134
   32011
 -114321
 -263153
 -395284
 -494068
 -548108
 -552369
 -509086
 -427271
 -321163
 -208600
 -107801
  -34677
   -1197
  -13221
  -70180
 -165529
 -287297
 -420394
 -548457
 -655878
 -730237
 -763639
 -753868
