  143308
  122589
  119117
  125299
  124893
  111974
   84112
   46447
   -1602
  -58393
 -121638
 -185855
 -239538
 -282511
 -314500
 -333569
 -340971
 -337900
 -326691
 -310619
 -292711
 -274937
 -258987
 -247074
 -239240
 -234457
 -231764
 -229583
 -226849
 -222251
 -214430
 -202460
 -186162
 -165793
 -141407
 -113972
  -84862
  -55429
  -26292
    1966
   28669
   53730
   77502
  100075
  122272
  144672
  166939
  189419
  211664
  232949
  252156
  268122
  279569
  285317
  285157
  279744
  267230
  247292
  220586
  189630
  155328
  118421
   80787
   44720
   12025
  -16644
  -40451
  -58894
  -75319
  -92015
 -102449
  -99051
  -90173
  -81214
  -78039
  -87782
 -113132
 -173107
 -329786
 -509560
 -643451
 -717651
 -728611
 -681240
 -584795
 -452896
 -302133
 -148643
   -8392
  105269
  183389
  222775
  225326
  196769
  147197
   88719
   33602
   -7875
  -30050
  -30412
   -9879
   27256
   75054
  125044
  168995
  200081
  212957
  205281
  177198
  131719
   75493
   16840
  -35797
  -76303
 -100249
 -106088
  -95770
  -73247
  -44794
  -17433
     494
    2800
  -14575
  -53727
 -113274
 -189399
 -275719
 -363793
 -444952
 -510804
 -554285
 -571072
 -559831
 -523042
 -465683
 -393950
 -315642
 -238601
 -170442
 -116713
  -80590
  -62898
  -61335
  -72087
  -89646
 -106952
 -117133
 -114887
  -97685
  -64578
  -18038
   39007
  102750
  166291
  224184
  272001
  306059
  324372
  326642
  314387
  290636
  261028
  231291
  205504
  186380
  175415
  172781
  177266
  185147
  192511
  195810
  191521
  176899
  150163
  111527
   61416
    3402
  -57554
 -117028
 -170769
 -215036
 -247575
 -266941
 -274288
 -271500
 -261475
 -247669
 -233751
 -223787
 -220407
 -224699
 -236678
 -254915
 -277537
 -301464
 -321226
 -333414
 -337456
 -332878
 -319224
 -295903
 -264011
 -226010
 -185621
 -146389
 -110733
  -80879
  -57919
  -42306
  -33276
  -28850
  -26578
  -23623
  -18440
   -9667
    3951
   22661
   45994
   71876
   98088
  122484
  143032
  158250
  166108
  166219
  158937
  145330
  127824
  108531
   89994
   73088
   60104
   52545
   49782
   50890
   54709
   59302
   63344
   64538
   61277
   52901
   39091
   20474
   -2250
  -27625
  -53320
  -77341
  -97647
 -113372
 -124242
 -129858
 -130569
 -127232
 -121809
 -116014
 -112494
 -111897
 -114419
 -121156
 -132023
 -145239
 -159336
 -172198
 -183304
 -191521
 -195488
 -194484
 -188112
 -177815
 -165011
 -151460
 -138850
 -127519
 -118565
 -112826
 -109944
 -109241
 -109604
 -110535
 -111418
 -110317
 -106061
  -97803
  -85913
  -70548
  -53393
  -35977
  -18569
   -2802
   10128
   19869
   26669
   31141
   32894
   32639
   31496
   30474
   31028
   33066
   36838
   42362
   49403
   57685
   65588
   71854
   75962
   77186
   75588
   70464
   61762
   51174
   39364
   26869
   14494
    2598
   -6382
  -12422
  -17887
  -24785
  -33218
  -41818
  -50473
  -59480
  -69576
  -80978
  -92315
 -103052
 -112842
 -122040
 -130808
 -138214
 -143981
 -147890
 -150383
 -151581
 -151568
 -150850
 -149428
 -147573
 -143324
 -138116
 -135336
 -135261
 -138293
 -143621
 -148538
 -151404
 -151140
 -147731
 -141198
 -131422
 -118733
 -103592
  -87288
  -71238
  -55878
  -41719
  -28922
  -18207
   -9940
   -3726
    1167
    5649
    9791
   14415
   19244
   24067
   29741
   35546
   40986
   45862
   50000
   53295
   54883
   54395
   52424
   49009
   44811
   39899
   34427
   29142
   24841
   20656
   16432
   12336
    8371
    4308
    -159
   -5929
  -13437
  -22282
  -32488
  -43327
  -54912
  -67332
  -79290
  -89811
  -99353
 -107776
 -114913
 -120191
 -123567
 -125019
 -125452
 -125404
 -125182
 -124934
 -124495
 -124688
 -125857
 -127399
 -129059
 -130001
 -130234
 -129716
 -127894
 -124682
 -119648
 -113320
 -106731
  -99787
  -92613
  -85147
  -77935
  -71452
  -65511
  -60141
  -54692
  -49387
  -44480
  -39297
  -33629
  -27114
  -20266
  -13724
   -7150
    -507
    6314
   12309
   17103
   20622
   23014
   24628
   24867
   23695
   22128
   20569
   19322
   18010
   16269
   14809
   13931
   12508
   10251
    6924
    3374
    -157
   -4677
  -10412
  -17510
  -24727
  -31404
  -38406
  -45753
  -53068
  -59514
  -65269
  -70066
  -74935
  -80217
  -83964
  -86892
  -89050
  -91441
  -94624
  -98173
 -102032
 -105432
 -108309
 -111033
 -113088
 -113884
 -113946
 -113837
 -113209
 -111551
 -108835
 -104872
 -100252
  -95847
  -91536
  -87259
  -82484
  -77729
  -73403
  -69146
  -64898
  -60365
  -55824
  -51739
  -47352
  -41989
  -36805
  -32124
  -27863
  -23528
  -19374
  -15576
  -12340
   -9284
   -6854
   -5331
   -4015
   -3295
   -2966
   -2370
   -1289
    -523
    -317
    -716
   -1360
   -2033
   -2554
   -3550
   -5677
   -8720
  -12408
  -16185
  -20340
  -25277
  -30328
  -35148
  -39117
  -43069
  -47507
  -51439
  -54774
  -57274
  -59674
  -62495
  -65223
  -67884
  -70045
  -72343
  -75148
  -78127
  -81058
  -83264
  -85190
  -87247
  -89072
  -90389
  -90780
  -90408
  -89579
  -88410
  -87128
  -85359
  -83127
  -80918
  -78626
  -76296
  -73758
  -71263
  -69252
  -66922
  -63918
  -61027
  -58654
  -56695
  -54778
  -52744
  -49988
  -46556
  -44030
  -41678
  -39278
  -36589
  -33632
  -31384
  -29311
  -26401
  -23375
  -21406
  -20997
  -21218
  -21497
  -21541
  -22062
  -22985
  -23317
  -21562
  -17872
  -15475
  -15835
  -17884
  -20047
  -22906
  -26599
  -30634
  -34401
  -37732
  -39941
  -41436
  -43119
  -44171
  -44064
  -44099
  -44834
  -46364
  -48476
  -51002
  -53366
  -55974
  -59067
  -62121
  -65044
  -66963
  -68196
  -69472
  -70067
  -69664
  -69348
  -69381
  -69819
  -70561
  -71377
  -71886
  -72249
  -72925
  -73290
  -73308
  -72549
  -71135
  -69640
  -67659
  -65048
  -62021
  -58916
  -56084
  -52890
  -48333
  -44235
  -42166
  -43309
  -46720
  -50631
  -53975
  -56352
  -57826
  -57824
  -56102
  -52427
  -47952
  -43661
  -38895
  -34676
  -31782
  -30109
  -29771
  -30304
  -31429
  -32498
  -33926
  -36005
  -37724
  -38399
  -37431
  -35010
  -32811
  -30771
  -29374
  -28300
  -27414
  -27432
  -27891
  -27931
  -27519
  -28180
  -30666
  -34416
  -39090
  -43166
  -46308
  -48902
  -50436
  -50840
  -50194
  -48839
  -47662
  -46668
  -46567
  -47449
  -49300
  -52520
  -56516
  -60657
  -64222
  -67004
  -69471
  -70692
  -69884
  -68205
  -66157
  -63936
  -61623
  -59679
  -58101
  -57050
  -57233
  -58358
  -60093
  -61857
  -63458
  -64844
  -65631
  -65702
  -64199
  -61502
  -59532
  -57719
  -55599
  -53146
  -50734
  -48566
  -46532
  -45237
  -44639
  -44888
  -46149
  -47568
  -49088
  -49784
  -49737
  -50411
  -50834
  -50658
  -49589
  -47943
  -46456
  -45151
  -44085
  -42979
  -41952
  -41782
  -41795
  -41600
  -41276
  -40998
  -41250
  -41284
  -41073
  -40462
  -39615
  -39291
  -38989
  -38511
  -37734
  -36959
  -37048
  -37647
  -38559
  -39386
  -40293
  -41997
  -43994
  -45652
  -46355
  -46529
  -46989
  -47391
  -47576
  -47341
  -47043
  -47316
  -48010
  -48942
  -49665
  -50351
  -51591
  -52672
  -53448
  -53936
  -54044
  -54497
  -54855
  -55123
  -54472
  -53024
  -52867
  -53056
  -53807
  -54483
  -54903
  -55755
  -56516
  -57045
  -56773
  -55762
  -54967
  -54251
  -53612
  -52845
  -51963
  -51675
  -51478
  -51106
  -50361
  -49203
  -48462
  -48049
  -47846
  -47430
  -46565
  -47125
  -48480
  -49876
  -50747
  -50854
  -50758
  -50308
  -49733
  -49538
  -48759
  -47049
  -44621
  -42307
  -40231
  -37238
  -35476
  -35610
  -37567
  -39288
  -40384
  -41724
  -43254
  -45378
  -46312
  -46380
  -46642
  -46633
  -46537
  -45827
  -44177
  -43718
  -44114
  -44463
  -44591
  -44900
  -46269
  -48191
  -50148
  -51714
  -52398
  -53112
  -52740
  -51623
  -50155
  -48497
  -48462
  -49705
  -51697
  -53573
  -55136
  -57075
  -59237
  -61325
  -62052
  -60792
  -58219
  -54596
  -50068
  -44390
  -38831
  -34837
  -32280
  -30944
  -30575
  -31378
  -33540
  -36326
  -39539
  -42644
  -44939
  -46242
  -46526
  -45724
  -43940
  -41712
  -40162
  -39135
  -38516
  -38124
  -38090
  -39063
  -40571
  -42331
  -43839
  -44981
  -46376
  -47442
  -47990
  -48705
  -49679
  -50765
  -51155
  -50915
  -50206
  -49295
  -49156
  -49696
  -50835
  -52105
  -53418
  -55712
  -58401
  -60938
  -62847
  -64371
  -65222
  -64503
  -62759
  -59926
  -55517
  -51252
  -47872
  -45887
  -44706
  -43164
  -43405
  -47544
  -54443
  -58550
  -61134
  -63667
  -64654
  -63934
  -61151
  -55853
  -50332
  -45702
  -42432
  -40315
  -38952
  -39698
  -42244
  -45337
  -48203
  -50399
  -52111
  -52823
  -52319
  -50172
  -46898
  -43404
  -39959
  -36542
  -32874
  -28707
  -26567
  -27150
  -29308
  -32285
  -35402
  -38877
  -41955
  -43537
  -43251
  -41485
  -39274
  -36940
  -34648
  -31614
  -27827
  -25010
  -23438
  -22662
  -23588
  -27703
  -33916
  -40190
  -45179
  -48120
  -49507
  -50830
  -51656
  -51632
  -49694
  -46917
  -45839
  -44492
  -43569
  -46113
  -49153
  -49945
  -47669
  -45285
  -45255
  -50868
  -63813
  -76483
  -85922
  -91769
  -93872
  -93492
  -90957
  -85609
  -75764
  -64131
  -62076
  -63732
  -66127
  -72435
  -70945
  -63976
  -62555
  -56090
  -40293
  -37646
  -53042
  -62800
  -54963
  -40534
  -29317
  -14382
    6367
   26683
   37859
   34286
   16871
   -8834
  -36872
  -69993
 -109727
 -149422
 -188069
 -222635
 -226801
 -203239
 -169590
 -127521
  -73430
  -20727
   26992
   68758
  100182
  115809
  115298
  100951
   75128
   42894
    9955
  -19531
  -39290
  -45332
  -38540
  -26982
  -14265
    3193
   21525
   35730
   41698
   37735
   24548
    3025
  -23522
  -50652
  -74246
  -91014
  -99023
  -96588
  -86033
  -69378
  -49213
  -30072
  -15449
   -8392
  -10865
  -23294
  -45971
  -76909
 -112968
 -150477
 -185053
 -213562
 -232868
 -240642
 -235844
 -219869
 -196889
 -169436
 -139091
 -110441
  -88513
  -72356
  -54092
  -37324
  -36254
  -53215
  -70472
  -82194
  -92146
 -104592
 -104506
  -84621
  -49594
  -10141
   27287
   59997
   85348
  101854
  108373
  106702
   94619
   68165
   38466
   15641
    1324
   -6311
   -8146
   -7313
   -6693
   -2342
    5055
   14517
   25221
   35953
   45218
   47243
   36585
   13125
  -13993
  -37720
  -59571
  -80700
  -95414
 -103473
 -103789
  -98348
  -88897
  -79951
  -77935
  -79132
  -79615
  -83084
  -90884
 -102807
 -117122
 -131690
 -145002
 -154233
 -159088
 -158517
 -151462
 -139043
 -122018
 -102030
  -80744
  -60077
  -42587
  -29616
  -21937
  -19060
  -20381
  -25785
  -32912
  -40510
  -47439
  -51270
  -51811
  -48290
  -40681
  -29635
  -16254
   -3090
    8568
   17718
   23934
   26761
   25177
   20583
   13543
    4445
   -4547
  -12919
  -19760
  -23762
  -24459
  -22178
  -18482
  -14411
  -10836
   -8432
   -7859
  -10399
  -15916
  -24174
  -34536
  -46016
  -58214
  -69479
  -78495
  -84262
  -86318
  -85778
  -82979
  -78626
  -73564
  -68232
  -64232
  -61536
  -59874
  -60155
  -62479
  -67631
  -74982
  -83102
  -90628
  -96186
  -99703
 -100490
  -98428
  -93815
  -86919
  -79377
  -72043
  -65720
  -60575
  -56741
  -55428
  -56099
  -57876
  -60197
  -62238
  -64040
  -64111
  -61173
  -56409
  -50063
  -41936
  -34053
  -28371
  -25673
  -25057
  -26297
  -28507
  -31298
  -34079
  -35796
  -36774
  -36527
  -34969
  -31932
  -27119
  -21824
  -16345
  -10897
   -5820
   -1303
    1582
    3236
    3188
     514
   -3274
   -7816
  -12775
  -17580
  -21732
  -25031
  -28296
  -31448
  -34087
  -35806
  -36608
  -37166
  -37826
  -38801
  -39620
  -41398
  -45362
  -50476
  -56211
  -61711
  -66654
  -71782
  -76359
  -79861
  -82071
  -82797
  -83127
  -83286
  -83233
  -82768
  -82773
  -84325
  -86557
  -88754
  -90532
  -90882
  -90519
  -90070
  -88849
  -86435
  -82535
  -78057
  -73268
  -68178
  -62886
  -57538
  -53095
  -49271
  -46048
  -43413
  -41204
  -39834
  -38736
  -37587
  -35974
  -33395
  -30581
  -27457
  -23622
  -19361
  -14560
  -10424
   -7375
   -4977
   -3113
   -1429
    -833
   -1354
   -2697
   -4682
   -6502
   -8680
  -10916
  -12904
  -14675
  -16105
  -17855
  -19662
  -21425
  -23390
  -25386
  -28446
  -32185
  -36359
  -40000
  -43536
  -48208
  -52962
  -57381
  -61113
  -63685
  -65938
  -67875
  -69405
  -70533
  -71134
  -72100
  -73607
  -75338
  -77132
  -78557
  -80139
  -81693
  -82983
  -83767
  -83673
  -83450
  -83141
  -82075
  -79774
  -77167
  -75531
  -73822
  -72068
  -70122
  -67582
  -65202
  -62869
  -60696
  -58580
  -56151
  -54345
  -52801
  -51017
  -48226
  -44570
  -42076
  -40095
  -38192
  -35802
  -32834
  -30217
  -27785
  -25381
  -22982
  -20424
  -18606
  -17309
  -16262
  -15323
  -14134
  -13567
  -13515
  -13739
  -14336
  -14787
  -15772
  -16962
  -18162
  -19309
  -20263
  -21944
  -24280
  -27007
  -29282
  -30718
  -33648
  -37594
  -41814
  -45686
  -48913
  -52259
  -55602
  -58487
  -60954
  -62629
  -64013
  -65421
  -66455
  -67349
  -67994
  -69273
  -71031
  -73036
  -75161
  -76403
  -77622
  -79149
  -81568
  -81357
  -80624
  -83613
  -82834
  -78779
  -76505
  -76236
  -71367
  -57118
  -42448
  -31843
  -28507
  -28484
  -28160
  -25978
  -24345
  -23183
  -21968
  -21852
  -21801
  -20223
  -17647
  -16553
  -17633
  -21070
  -26747
  -34823
  -45837
  -59112
  -69961
  -80556
  -91579
  -98742
  -97829
  -88081
  -72878
  -54601
  -36754
  -21519
   -9612
   -1645
    2076
    1042
   -4087
  -12210
  -21995
  -31665
  -40709
  -47956
  -52374
  -53609
  -51771
  -48245
  -43803
  -38972
  -33787
  -28477
  -26527
  -27404
  -30092
  -33693
  -36742
  -40354
  -43550
  -45217
  -45159
  -43007
  -39921
  -36770
  -33850
  -31868
  -31166
  -33139
  -37987
  -45228
  -54195
  -63839
  -74161
  -84052
  -92385
  -98342
 -101148
 -101564
  -99658
  -95449
  -89542
  -82575
  -75798
  -69759
  -66032
  -64527
  -64584
  -66334
  -69146
  -71800
  -73700
  -73817
  -72600
  -69705
  -64959
  -58282
  -50149
  -41778
  -33720
  -26130
  -19478
  -13835
   -9902
   -7348
   -5823
   -5426
   -5727
   -7150
   -9083
  -10491
  -10862
  -10124
   -9098
   -8081
   -7141
   -6475
   -6016
   -6707
   -8974
  -12684
  -17195
  -22159
  -27769
  -33918
  -40014
  -45432
  -49668
  -52937
  -55181
  -57508
  -59504
  -60591
  -61491
  -62827
  -64465
  -66526
  -68756
  -71390
  -74630
  -77831
  -80729
  -82640
  -83728
  -84010
  -83289
  -81794
  -79132
  -76139
  -73304
  -70310
  -66937
  -63312
  -60318
  -57947
  -55827
  -53831
  -51585
  -49582
  -47708
  -45645
  -43352
  -40421
  -37026
  -33258
  -30267
  -27930
  -25668
  -23793
  -22475
  -22483
  -23341
  -24132
  -24950
  -25883
  -26383
  -26414
  -25756
  -24804
  -24181
  -23919
  -23742
  -22008
  -20397
  -21083
  -24251
  -29242
  -34662
  -40421
  -45902
  -50646
  -54328
  -56523
  -57813
  -58450
  -58231
  -56752
  -55222
  -54536
  -54584
  -55067
  -55933
  -56981
  -58616
  -60558
  -62592
  -64464
  -65363
  -65642
  -65575
  -64841
  -63425
  -61176
  -59111
  -57643
  -55618
  -52074
  -49078
  -48351
  -50014
  -53387
  -57107
  -59741
  -61376
  -61957
  -60920
  -57870
  -52817
  -47086
  -41660
  -36653
  -32414
  -29255
  -29316
  -32944
  -40146
  -49081
  -56837
  -62356
  -63925
  -59739
  -49402
  -35613
  -22900
  -13435
   -5851
    -614
    1109
   -1241
   -6885
  -14251
  -22083
  -30246
  -37867
  -43815
  -47058
  -47166
  -45446
  -42762
  -39515
  -36070
  -32919
  -30374
  -29424
  -30612
  -33971
  -38897
  -44095
  -49449
  -54954
  -59731
  -63075
  -64644
  -64817
  -63601
  -61420
  -58914
  -56401
  -55494
  -56352
  -58667
  -62426
  -66828
  -71995
  -77555
  -82099
  -84454
  -85208
  -84678
  -82591
  -78673
  -73098
  -66255
  -59422
  -53459
  -48711
  -45059
  -42467
  -41786
  -42702
  -43836
  -45969
  -48569
  -50795
  -51953
  -51134
  -48012
  -42272
  -35433
  -29118
  -23516
  -18576
  -14364
  -11444
  -10156
  -10842
  -13218
  -16573
  -20406
  -24227
  -27042
  -28625
  -28725
  -27794
  -26458
  -24520
  -22552
  -20813
  -20477
  -22027
  -25111
  -29416
  -34136
  -39467
  -44991
  -50234
  -54931
  -58430
  -60900
  -62242
  -62874
  -62782
  -61365
  -59687
  -58438
  -57576
  -57341
  -57705
  -59227
  -62259
  -65843
  -69360
