   -8445
  -10580
  -13399
  -16947
  -20910
  -25098
  -29410
  -33765
  -38140
  -42544
  -46901
  -51149
  -55326
  -59374
  -63436
  -67677
  -72009
  -76374
  -80854
  -85534
  -90231
  -94768
  -99024
 -102866
 -106125
 -108853
 -111015
 -112464
 -113180
 -113351
 -113222
 -112754
 -112047
 -111016
 -109744
 -108852
 -108401
 -108076
 -107225
 -105440
 -103164
 -100564
  -97895
  -95126
  -92165
  -88739
  -84919
  -80951
  -76884
  -72720
  -68449
  -63914
  -59016
  -54643
  -51061
  -48098
  -45422
  -42975
  -40395
  -36138
  -32770
  -31463
  -25462
  -13785
   -4854
   -1290
   -2933
   -9009
  -18301
  -29640
  -41737
  -53383
  -63420
  -70934
  -75434
  -76925
  -75834
  -72625
  -68064
  -63108
  -58405
  -54631
  -52321
  -51625
  -52593
  -55027
  -58437
  -62319
  -66036
  -69010
  -70873
  -71301
  -70474
  -68731
  -66464
  -64069
  -61957
  -60513
  -60098
  -60820
  -62413
  -64453
  -66600
  -68359
  -69183
  -68753
  -66955
  -63841
  -59701
  -55044
  -50258
  -45792
  -42243
  -40133
  -39700
  -41117
  -44421
  -49369
  -55348
  -61981
  -68782
  -74994
  -80017
  -83619
  -85731
  -86377
  -85757
  -84352
  -82473
  -80530
  -79197
  -78749
  -79295
  -80872
  -83272
  -86142
  -89172
  -91956
  -94053
  -95339
  -95493
  -94411
  -92349
  -89455
  -85921
  -82072
  -78173
  -74529
  -71210
  -68398
  -66414
  -64793
  -63400
  -62229
  -61131
  -59856
  -58102
  -55731
  -52687
  -49159
  -45392
  -41723
  -38391
  -35748
  -33966
  -33095
  -33070
  -33892
  -35525
  -37587
  -39909
  -42248
  -44343
  -46090
  -47467
  -48511
  -49194
  -49701
  -50269
  -51133
  -52485
  -54361
  -56866
  -60015
  -63607
  -67445
  -71383
  -75229
  -78725
  -81753
  -84226
  -86028
  -87150
  -87666
  -87748
  -87571
  -87343
  -87166
  -87146
  -87266
  -87518
  -87881
  -88248
  -88542
  -88724
  -88643
  -87989
  -86631
  -84695
  -82381
  -80401
  -79347
  -78380
  -76846
  -74467
  -67160
  -53636
  -42876
  -36896
  -35438
  -38101
  -44312
  -52879
  -62479
  -71886
  -80038
  -86005
  -89181
  -89488
  -87069
  -82511
  -76571
  -69970
  -63672
  -58415
  -54715
  -52755
  -52433
  -53498
  -55539
  -57960
  -59974
  -61134
  -61078
  -59725
  -57167
  -53813
  -50067
  -46248
  -42857
  -40409
  -39294
  -39655
  -41273
  -43801
  -46742
  -49721
  -52216
  -53523
  -53455
  -51960
  -49082
  -45115
  -40644
  -36202
  -32394
  -29758
  -28954
  -30372
  -33955
  -39543
  -46664
  -54447
  -62414
  -70117
  -76991
  -82559
  -86500
  -88771
  -89574
  -89225
  -88220
  -87105
  -86198
  -85953
  -86825
  -88791
  -91520
  -94744
  -98200
 -101661
 -104600
 -106520
 -107140
 -106428
 -104401
 -101275
  -97455
  -93209
  -88913
  -84953
  -81521
  -78790
  -76692
  -75152
  -73893
  -72558
  -70876
  -68667
  -65653
  -61783
  -57235
  -52224
  -46861
  -41462
  -36377
  -32089
  -28784
  -26645
  -25676
  -25815
  -26930
  -28845
  -30982
  -33190
  -35337
  -37059
  -38149
  -38553
  -38502
  -38186
  -37818
  -37843
  -38465
  -39798
  -42038
  -45269
  -49327
  -53801
  -57850
  -61281
  -64416
  -66687
  -69952
  -72819
  -72507
  -76775
  -83017
  -87380
  -92998
 -100569
 -108215
 -113553
 -116036
 -116107
 -114015
 -110094
 -105041
  -99526
  -94070
  -89129
  -84677
  -80873
  -77851
  -76109
  -75157
  -74649
  -74205
  -73588
  -72863
  -71895
  -70816
  -69106
  -66417
  -62912
  -58816
  -54388
  -50117
  -46397
  -43239
  -40807
  -39094
  -37980
  -37306
  -36915
  -36514
  -35891
  -35099
  -34105
  -33052
  -32186
  -31862
  -32245
  -33356
  -35309
  -38319
  -42342
  -47129
  -52241
  -57349
  -62275
  -66719
  -70415
  -73140
  -74869
  -75588
  -75444
  -74847
  -74286
  -74068
  -74455
  -75377
  -76976
  -79231
  -81927
  -85062
  -88201
  -90990
  -93088
  -94232
  -94250
  -93166
  -91115
  -88789
  -86390
  -83835
  -81965
  -80840
  -79972
  -79476
  -79135
  -78567
  -77435
  -76227
  -75046
  -73339
  -70679
  -67158
  -63143
  -58826
  -54582
  -50689
  -47402
  -44838
  -42511
  -40644
  -40211
  -41742
  -45870
  -50991
  -54213
  -48769
  -39697
  -33514
  -31260
  -32270
  -35979
  -42008
  -49735
  -58351
  -67028
  -75077
  -81838
  -86711
  -89222
  -89583
  -88269
  -85520
  -81755
  -77524
  -73645
  -70702
  -68770
  -67961
  -68315
  -69681
  -71510
  -73354
  -74774
  -75449
  -75291
  -74207
  -72032
  -69117
  -65850
  -62501
  -59298
  -56449
  -54281
  -52863
  -52155
  -51802
  -51602
  -51328
  -50694
  -49538
  -47700
  -44968
  -41588
  -37966
  -34399
  -31240
  -28927
  -27716
  -27668
  -28919
  -31501
  -35519
  -40494
  -45729
  -50986
  -55926
  -60242
  -63662
  -65918
  -67185
  -67927
  -68586
  -69456
  -70838
  -73429
  -78523
  -85501
  -93329
 -100281
 -101179
  -97439
  -93512
  -89681
  -86138
  -83028
  -80740
  -79592
  -79706
  -80870
  -82675
  -84714
  -86754
  -88506
  -89554
  -89606
  -88650
  -86759
  -83956
  -80416
  -76386
  -72217
  -68235
  -64498
  -61081
  -58138
  -55668
  -53455
  -51327
  -49776
  -48490
  -47012
  -45256
  -43451
  -42136
  -41137
  -39870
  -39064
  -39353
  -42292
  -46828
  -53463
  -61188
  -65937
  -67546
  -66517
  -62974
  -57401
  -50488
  -43306
  -36675
  -31041
  -26686
  -21988
  -18496
  -17990
  -19826
  -24709
  -33760
  -45004
  -56407
  -65919
  -72573
  -75767
  -75749
  -73599
  -70293
  -66424
  -62830
  -60560
  -60237
  -61890
  -65272
  -70045
  -75923
  -82250
  -88255
  -93368
  -97282
  -99729
 -100780
 -100663
  -99891
  -99048
  -98617
  -98882
 -100192
 -102836
 -106680
 -111126
 -115683
 -119693
 -122437
 -123496
 -122806
 -120137
 -115401
 -108751
 -100777
  -92107
  -83335
  -75109
  -67923
  -62107
  -57870
  -55147
  -53516
  -52618
  -52065
  -51345
  -49849
  -47107
  -42952
  -37458
  -30906
  -23656
  -16199
   -9012
   -2751
    2156
    5264
    6476
    5959
    3891
     621
   -3491
   -8011
  -12478
  -16589
  -19950
  -22587
  -24789
  -26889
  -29097
  -31846
  -35370
  -39771
  -45225
  -51674
  -58917
  -66713
  -74705
  -82408
  -89490
  -95486
  -99764
 -102164
 -103811
 -105807
 -108089
 -110486
 -112650
 -114672
 -114643
 -108582
  -98240
  -91362
  -90866
  -94121
  -92871
  -94073
 -103324
 -118387
 -136001
 -154486
 -171608
 -185166
 -193657
 -196418
 -193392
 -184993
 -172133
 -156088
 -138224
 -120013
 -102775
  -87252
  -73874
  -62636
  -53231
  -44912
  -36965
  -28916
  -20112
  -10069
    1246
   13504
   26053
   38293
   49572
   59124
   66493
   71585
   74497
   75327
   74708
   73537
   72449
   72086
   73056
   75539
   79154
   83412
   87632
   91040
   92611
   91312
   86458
   77675
   64801
   47998
   27754
    5022
  -19021
  -43195
  -66495
  -87966
 -106951
 -123127
 -136577
 -147770
 -157205
 -165462
 -173193
 -181119
 -189652
 -198894
 -208830
 -219073
 -229099
 -238373
 -246239
 -251891
 -254904
 -254923
 -251881
 -245964
 -237452
 -226984
 -215121
 -202454
 -189495
 -176480
 -163642
 -150850
 -138042
 -125095
 -111565
  -97182
  -81831
  -65350
  -47671
  -29087
  -10119
    8656
   26811
   43766
   58804
   71630
   81956
   89642
   94777
   97682
   98948
   99010
   98306
   97293
   96377
   96152
   95455
   92646
   88473
   83226
   76259
   67729
   57549
   45755
   32424
   17741
    2177
  -13916
  -30029
  -45726
  -60711
  -74668
  -87465
  -98960
 -109366
 -119255
 -129012
 -138590
 -147962
 -157071
 -165907
 -174415
 -182359
 -189343
 -195132
 -199489
 -202256
 -203427
 -203113
 -201143
 -197638
 -192827
 -186894
 -180104
 -172612
 -164640
 -156725
 -149026
 -141226
 -133272
 -125027
 -116310
 -107000
  -97156
  -86847
  -75932
  -64506
  -52983
  -41622
  -30746
  -20526
  -11101
   -2816
    4211
   10209
   15673
   20712
   25348
   29638
   33630
   37304
   40484
   43064
   44957
   45878
   45752
   44696
   42538
   39243
   34937
   29764
   23800
   17166
    9879
    2193
   -5722
  -13623
  -21578
  -29487
  -37181
  -44870
  -52615
  -60485
  -68394
  -76397
  -84373
  -92225
  -99898
 -107431
 -114761
 -121749
 -128156
 -133831
 -138763
 -142941
 -146400
 -149272
 -151497
 -152863
 -153539
 -153578
 -152833
 -151296
 -149400
 -146651
 -141811
 -135586
 -130009
 -125279
 -121681
 -119403
 -118573
 -118135
 -117581
 -116634
 -114531
 -110954
 -105368
  -97061
  -86538
  -74727
  -62054
  -49107
  -36843
  -25384
  -14125
   -4952
    1649
    6778
   10900
   12490
   11644
   14138
   19842
   26661
   33940
   40551
   46131
   50554
   52605
   51869
   48453
   42584
   34933
   26494
   17893
    9726
    2791
   -3828
  -10739
  -16450
  -20539
  -23769
  -26732
  -30117
  -34633
  -40775
  -48829
  -58771
  -70377
  -83298
  -96821
 -110195
 -122780
 -134021
 -143573
 -151123
 -156659
 -160222
 -162250
 -163211
 -163433
 -163331
 -163621
 -164308
 -165180
 -166161
 -166959
 -167207
 -166399
 -164066
 -159951
 -153981
 -146178
 -136932
 -126641
 -115676
 -104458
  -93367
  -82929
  -73410
  -64727
  -57021
  -50036
  -43430
  -36857
  -30011
  -22750
  -14971
   -6688
    2029
   11119
   20095
   28591
   36172
   42404
   47061
   49951
   51003
   50280
   48012
   44557
   40163
   35077
   29716
   24469
   19478
   14696
    9985
    5079
    -235
   -6083
  -12825
  -20532
  -29218
  -38824
  -48996
  -59635
  -70455
  -81062
  -91205
 -100540
 -108859
 -116041
 -122086
 -127135
 -131412
 -135197
 -138664
 -141904
 -145014
 -147840
 -150386
 -152712
 -154509
 -155590
 -155773
 -154938
 -152985
 -149741
 -145197
 -139541
 -133032
 -125946
 -118540
 -111080
 -103589
  -96179
  -89165
  -82578
  -76356
  -70401
  -64596
  -58680
  -52641
  -46157
  -39302
  -32123
  -24805
  -17557
  -10706
   -4436
    1034
    5651
    9394
   12120
   13788
   14628
   14592
   13992
   12927
   11492
    9875
    8048
    6152
    4070
    1635
   -1139
   -4341
   -8078
  -12427
  -17470
  -23240
  -29505
  -36075
  -42872
  -49656
  -56307
  -62586
  -68430
  -73943
  -79129
  -83964
  -88512
  -92856
  -97154
 -101417
 -105594
 -109714
 -113660
 -117348
 -120419
 -122966
 -125230
 -126801
 -127053
 -126382
 -125617
 -125088
 -124429
 -123438
 -122276
 -120355
 -116461
 -112696
 -110090
 -107683
 -104640
 -101071
  -97168
  -93131
  -88699
  -83885
  -78716
  -73121
  -67118
  -60804
  -54352
  -47986
  -41903
  -36250
  -31007
  -26278
  -22012
  -17941
  -14354
  -13503
  -17984
  -23631
  -24621
  -14065
    2117
   18977
   33999
   43654
   44370
   31660
   13337
   -4912
  -21314
  -34078
  -42291
  -45669
  -44657
  -40018
  -33173
  -25612
  -18659
  -13694
  -11789
  -13681
  -19512
  -28961
  -41116
  -54797
  -68701
  -81636
  -92728
 -101352
 -107122
 -110124
 -110923
 -110355
 -109256
 -108548
 -109050
 -111226
 -115164
 -120744
 -127336
 -134114
 -140310
 -145161
 -148025
 -148235
 -145561
 -140288
 -132906
 -124235
 -115058
 -106274
  -98628
  -92733
  -88828
  -86899
  -86697
  -87568
  -88659
  -89093
  -88154
  -85241
  -79931
  -72064
  -62162
  -50766
  -38584
  -26460
  -15166
   -5377
    2228
    7232
    9794
   10317
    9199
    6871
    4062
    1549
    -193
    -880
    -439
     886
    2905
    5122
    6764
    7352
    6399
    3674
   -1071
   -7572
  -15433
  -24259
  -33375
  -42407
  -50864
  -58376
  -64651
  -69647
  -73491
  -76525
  -79149
  -81828
  -85113
  -89164
  -94167
 -100150
 -106646
 -113391
 -119937
 -125859
 -130652
 -133984
 -135784
 -135760
 -133813
 -130376
 -125875
 -120770
 -115656
 -110863
 -106604
 -102981
 -100069
  -97793
  -95885
  -93748
  -91009
  -87703
  -83742
  -79023
  -73498
  -67379
  -60755
  -53501
  -46419
  -40018
  -32581
  -26370
  -21892
  -19156
  -17923
  -17735
  -17453
  -17217
  -17564
  -18141
  -18461
  -18278
  -18011
  -17719
  -17334
  -17164
  -17345
  -18040
  -19350
  -21248
  -23760
  -26868
  -30423
  -34243
  -38068
  -41574
  -44786
  -47692
  -49918
  -51468
  -52650
  -53671
  -54855
  -56114
  -57654
  -59770
  -62504
  -65776
  -69370
  -73048
  -76819
  -80461
  -83818
  -86314
  -86679
  -85119
  -81601
  -79245
  -77863
  -76663
  -78580
  -81894
  -85804
  -89911
  -93903
  -97307
  -99735
 -100925
 -100758
  -99243
  -96521
  -92885
  -88681
  -84224
  -79851
  -75843
  -72250
  -69092
  -66520
  -64509
  -62876
  -61119
  -58752
  -55644
  -52359
  -49033
  -45471
  -41871
  -38537
  -35678
  -33263
  -31348
  -30087
  -31124
  -32525
  -32502
  -33254
  -32239
  -30528
  -28402
  -25638
  -22208
  -18582
  -15277
  -12736
  -11108
  -10675
  -11809
  -14489
  -18526
  -23652
  -29481
  -35562
  -41528
  -47219
  -52503
  -57081
  -61091
  -64580
  -67665
  -70566
  -73449
  -76439
  -79835
  -83579
  -87489
  -91280
  -94942
  -98386
 -101514
 -104216
 -106244
 -107554
 -108215
 -108390
 -108275
 -107850
 -107254
 -106525
 -105691
 -104695
 -103618
 -102358
 -100804
  -98795
  -96327
  -93300
  -89666
  -85416
  -80573
  -75139
  -69239
  -63120
  -57100
  -51382
  -46110
  -41441
  -37414
  -33856
  -30695
  -28005
  -25747
  -23885
  -22138
  -20452
  -18848
  -17340
  -15989
  -14766
  -13712
  -12832
  -12388
  -12572
  -13404
  -14881
  -16972
  -19586
  -22498
  -25693
  -28994
  -32408
  -35759
  -39239
  -42860
  -46420
  -49928
  -53403
  -56892
  -60492
  -64131
  -67870
  -71703
  -75436
  -79057
  -82403
  -85495
  -88178
  -90450
  -92395
  -93899
  -95074
  -95921
  -96390
  -96500
  -96430
  -96215
  -95814
  -95197
  -94496
  -93637
  -92590
  -91378
  -89863
  -87436
  -84243
  -81321
  -78881
  -76687
  -74649
  -72726
  -70855
  -68949
  -67145
  -65326
  -63227
