 -767954
 -776044
 -785257
 -795417
 -806392
 -817900
 -829600
 -841181
 -852571
 -863439
 -873634
 -883722
 -893773
 -903843
 -914009
 -924044
 -933882
 -943919
 -954133
 -964225
 -974477
 -984422
 -993370
-1001082
-1007501
-1012643
-1016562
-1019133
-1020077
-1019590
-1017909
-1015259
-1011858
-1008001
-1003644
 -998781
 -993605
 -987809
 -981116
 -973632
 -965450
 -956472
 -947014
 -937152
 -926914
 -916390
 -905730
 -895051
 -884902
 -875203
 -865780
 -857007
 -848713
 -840878
 -833408
 -826197
 -819337
 -812702
 -806173
 -799847
 -794146
 -788944
 -784267
 -779891
 -776945
 -775895
 -776375
 -778405
 -781583
 -785745
 -790817
 -796645
 -803085
 -810222
 -817763
 -825299
 -832028
 -838655
 -845851
 -853016
 -860114
 -867550
 -875462
 -884063
 -893175
 -902331
 -911475
 -920734
 -930008
 -939066
 -948086
 -956555
 -964207
 -971199
 -977081
 -981752
 -985432
 -988155
 -989912
 -990915
 -991246
 -991069
 -990617
 -989730
 -988090
 -985669
 -982621
 -978820
 -974189
 -968765
 -962639
 -955760
 -948222
 -940123
 -931763
 -923442
 -915395
 -907690
 -900428
 -893609
 -887017
 -880408
 -873859
 -867454
 -861346
 -855466
 -849543
 -843438
 -837285
 -831165
 -825484
 -820288
 -815854
 -812286
 -809489
 -807321
 -805816
 -805146
 -805460
 -806845
 -809021
 -812027
 -815722
 -820163
 -825276
 -830695
 -836503
 -842733
 -849052
 -855531
 -862265
 -869088
 -875887
 -882811
 -889710
 -896566
 -903122
 -909465
 -915717
 -921998
 -928286
 -934432
 -940018
 -945038
 -949687
 -954072
 -958128
 -961799
 -965031
 -967715
 -969849
 -971265
 -971873
 -971904
 -971397
 -970347
 -968810
 -966918
 -964408
 -960996
 -957193
 -952969
 -948275
 -943093
 -937265
 -931204
 -924966
 -918341
 -911579
 -904611
 -897561
 -890410
 -883430
 -876873
 -870924
 -865657
 -860888
 -856211
 -851900
 -848198
 -845331
 -843013
 -841154
 -839384
 -837673
 -836017
 -834635
 -833864
 -833575
 -833971
 -835163
 -836690
 -838306
 -840102
 -842104
 -844369
 -846925
 -849953
 -853562
 -857536
 -861930
 -866797
 -871802
 -877119
 -882611
 -888256
 -894158
 -900041
 -905841
 -911541
 -916964
 -922111
 -926939
 -931215
 -934831
 -938159
 -941206
 -944021
 -946418
 -948415
 -950224
 -951729
 -952889
 -953726
 -954317
 -954449
 -954102
 -952965
 -951198
 -949234
 -947149
 -944716
 -942024
 -939235
 -936218
 -932847
 -928978
 -924920
 -920878
 -916584
 -911928
 -907041
 -901990
 -896979
 -891931
 -886785
 -881785
 -877087
 -872927
 -869231
 -866000
 -863269
 -860923
 -859060
 -857847
 -856885
 -855975
 -855105
 -854385
 -853784
 -853265
 -852852
 -852582
 -852506
 -852660
 -853188
 -854207
 -855907
 -858103
 -860918
 -864352
 -868117
 -872140
 -876092
 -880057
 -884015
 -888132
 -892285
 -896691
 -901314
 -906267
 -911472
 -916396
 -920784
 -924868
 -928577
 -931536
 -933656
 -934897
 -935951
 -936879
 -937518
 -937834
 -937882
 -938077
 -938678
 -939596
 -940721
 -941767
 -942511
 -942998
 -943032
 -942686
 -941665
 -939911
 -937444
 -934281
 -930668
 -926581
 -922234
 -917755
 -913302
 -908849
 -904369
 -899894
 -895651
 -891595
 -887951
 -884667
 -881806
 -879143
 -876480
 -873907
 -871617
 -869676
 -868206
 -867035
 -865838
 -864777
 -863918
 -863238
 -862455
 -861555
 -861158
 -861629
 -863125
 -865005
 -867255
 -869620
 -872019
 -874612
 -877228
 -879819
 -882228
 -884523
 -886775
 -889355
 -892077
 -894880
 -897819
 -901122
 -904600
 -908069
 -911488
 -914719
 -917860
 -920829
 -923567
 -926154
 -928554
 -930749
 -932893
 -934771
 -936337
 -937843
 -939158
 -939999
 -940382
 -940297
 -939901
 -938827
 -936961
 -934935
 -932693
 -930212
 -927834
 -925418
 -922982
 -920684
 -918565
 -916314
 -913958
 -911604
 -909322
 -906905
 -904301
 -901728
 -899050
 -896346
 -893557
 -890825
 -888120
 -885677
 -883401
 -881405
 -879727
 -878394
 -877221
 -875833
 -874750
 -874313
 -874140
 -874050
 -874232
 -874587
 -875313
 -876248
 -877328
 -878406
 -879832
 -881395
 -882930
 -884537
 -886329
 -888088
 -889877
 -891806
 -893979
 -896492
 -899148
 -901740
 -904300
 -906867
 -909377
 -911675
 -913629
 -915539
 -917647
 -919635
 -921565
 -923358
 -924795
 -925881
 -926988
 -927872
 -928488
 -928669
 -928421
 -927831
 -927131
 -926367
 -925663
 -925053
 -924620
 -924044
 -923514
 -922957
 -922118
 -921345
 -920358
 -919049
 -917586
 -916043
 -914408
 -912603
 -910549
 -908504
 -906630
 -904989
 -903373
 -901942
 -900597
 -898982
 -897305
 -895812
 -894402
 -892925
 -891508
 -890265
 -889053
 -888011
 -887275
 -886711
 -886012
 -885116
 -884169
 -883285
 -882466
 -881980
 -882077
 -882628
 -883622
 -884983
 -886524
 -888317
 -890391
 -892542
 -894713
 -897031
 -899326
 -901399
 -903203
 -904862
 -906392
 -907759
 -909296
 -911106
 -912810
 -914361
 -915678
 -916915
 -917979
 -919063
 -920238
 -921415
 -922896
 -925844
 -931890
 -938206
 -942857
 -945384
 -945780
 -944247
 -941231
 -936824
 -930842
 -923771
 -916683
 -909869
 -903888
 -898800
 -894954
 -892711
 -892142
 -893298
 -895964
 -899438
 -902983
 -906423
 -909974
 -913299
 -916008
 -917669
 -918015
 -917223
 -915421
 -912309
 -907921
 -902782
 -897336
 -891621
 -886426
 -882614
 -880260
 -879041
 -879177
 -880892
 -883970
 -887993
 -892448
 -897123
 -901663
 -905252
 -907497
 -908362
 -907850
 -906365
 -904290
 -901865
 -899541
 -897601
 -895760
 -894060
 -893123
 -893113
 -894068
 -896100
 -899227
 -903297
 -907911
 -912880
 -917763
 -922235
 -926120
 -929079
 -931049
 -932480
 -933303
 -933505
 -933478
 -933200
 -931891
 -929754
 -927306
 -924647
 -922051
 -919452
 -916805
 -914330
 -912522
 -911500
 -911039
 -910867
 -911109
 -911619
 -912067
 -912727
 -913524
 -914271
 -914725
 -914449
 -913569
 -912178
 -910187
 -907679
 -905106
 -902540
 -899807
 -897498
 -895710
 -894546
 -893710
 -893388
 -893485
 -893864
 -894198
 -894647
 -894830
 -895212
 -896096
 -897385
 -898676
 -899758
 -900736
 -900742
 -899189
 -897091
 -896207
 -897410
 -899609
 -901947
 -904358
 -907113
 -910228
 -913418
 -916865
 -920322
 -923645
 -926596
 -929162
 -930977
 -931584
 -931268
 -930042
 -927738
 -924269
 -920645
 -917460
 -914670
 -912395
 -910500
 -908663
 -907376
 -907313
 -908179
 -909356
 -911233
 -913163
 -914868
 -916625
 -918035
 -918624
 -918589
 -918427
 -918090
 -917441
 -916838
 -916476
 -915469
 -914015
 -912406
 -910948
 -909837
 -909202
 -908908
 -908888
 -909288
 -909941
 -910623
 -911286
 -910811
 -904319
 -895193
 -888557
 -884951
 -883410
 -878184
 -870008
 -864236
 -864774
 -871759
 -884172
 -900645
 -919624
 -939419
 -958555
 -975749
 -989683
 -999424
-1004037
-1002912
 -996245
 -984294
 -967759
 -947792
 -925761
 -903140
 -881735
 -862766
 -847201
 -835931
 -829380
 -827737
 -831104
 -839087
 -850625
 -864889
 -880735
 -896844
 -912262
 -925807
 -936544
 -943918
 -948084
 -949132
 -947170
 -942978
 -937106
 -930308
 -923217
 -916677
 -911110
 -906772
 -903974
 -902731
 -903043
 -904837
 -907838
 -911601
 -915683
 -920101
 -924721
 -929258
 -933293
 -936757
 -939376
 -940982
 -941437
 -940637
 -938439
 -934984
 -930684
 -925772
 -920335
 -914638
 -908861
 -903357
 -898462
 -894287
 -890809
 -888393
 -887381
 -887965
 -889921
 -892879
 -896498
 -900542
 -904944
 -909452
 -913580
 -916810
 -919156
 -920213
 -919975
 -918710
 -916883
 -914932
 -912860
 -910995
 -909799
 -909139
 -908976
 -909427
 -909255
 -901405
 -886788
 -875119
 -869722
 -870573
 -877376
 -889105
 -904590
 -922756
 -942073
 -961138
 -978800
 -993872
-1005323
-1012439
-1014481
-1011197
-1002646
 -989106
 -970981
 -949748
 -926890
 -903922
 -882241
 -863108
 -847742
 -837140
 -832187
 -832854
 -838634
 -848706
 -862041
 -877227
 -892662
 -907368
 -920365
 -930405
 -937054
 -940142
 -939817
 -936862
 -931990
 -925543
 -918369
 -911437
 -905691
 -901111
 -897904
 -896370
 -896522
 -897950
 -900602
 -904203
 -908429
 -912911
 -917401
 -921865
 -926314
 -930287
 -933510
 -936182
 -938425
 -940372
 -941680
 -942124
 -941644
 -940341
 -935992
 -927269
 -919103
 -912571
 -907662
 -904413
 -902826
 -902449
 -903558
 -906433
 -911128
 -916930
 -923108
 -929372
 -934927
 -939361
 -942200
 -942643
 -940607
 -936530
 -930709
 -923614
 -915929
 -908323
 -901495
 -892600
 -871559
 -849100
 -835872
 -832679
 -838611
 -852480
 -872385
 -896219
 -922389
 -949087
 -974510
 -996838
-1014816
-1027147
-1033047
-1032417
-1025075
-1011507
 -992745
 -969955
 -944579
 -918173
 -892741
 -869746
 -850041
 -835170
 -826240
 -823426
 -826397
 -834542
 -846892
 -862187
 -879283
 -897084
 -913891
 -928437
 -940086
 -948407
 -952879
 -953788
 -951480
 -946362
 -939079
 -930632
 -921662
 -913006
 -905552
 -899898
 -896289
 -894608
 -894729
 -896595
 -900098
 -904879
 -910511
 -916647
 -923105
 -929788
 -936592
 -943037
 -948632
 -953073
 -956061
 -957392
 -956938
 -954902
 -951500
 -946595
 -940759
 -934629
 -928627
 -922564
 -916842
 -911945
 -908007
 -905015
 -903330
 -903071
 -903988
 -906181
 -909465
 -913343
 -917271
 -920929
 -924068
 -926227
 -927157
 -926948
 -925712
 -923296
 -920059
 -916512
 -912984
 -909778
 -907123
 -905265
 -904110
 -903883
 -904373
 -905347
 -906754
 -908815
 -908340
 -880492
 -838743
 -834783
 -841244
 -823878
 -811592
 -819090
 -857781
 -912841
 -987777
-1038842
-1072435
-1116165
-1169484
-1207871
-1224494
-1218399
-1191200
-1143262
-1074965
 -992211
 -902569
 -813398
 -730678
 -660138
 -606484
 -573124
 -560122
 -546514
 -533283
 -553052
 -602545
 -683071
 -804381
 -937541
-1061921
-1168945
-1253369
-1310497
-1335847
-1328886
-1293105
-1233095
-1154434
-1063534
 -966979
 -872045
 -778770
 -674009
 -583110
 -532500
 -516103
 -525696
 -566531
 -635154
 -725783
 -831935
 -945410
-1055931
-1155400
-1238304
-1300013
-1336798
-1346572
-1329770
-1288314
-1225259
-1145874
-1056031
 -961849
 -869797
 -785894
 -715015
 -661214
 -627251
 -613973
 -620875
 -645913
 -685994
 -737122
 -794808
 -854734
 -912550
 -964281
-1007016
-1038481
-1057495
-1064036
-1058920
-1043500
-1020016
 -990557
 -957818
 -924461
 -893107
 -865841
 -844180
 -829047
 -821059
 -820904
 -827802
 -840647
 -859152
 -881940
 -906861
 -932519
 -957837
 -981265
-1001373
-1017064
-1027600
-1032545
-1031365
-1024296
-1011699
 -994623
 -974319
 -952305
 -929935
 -908572
 -889736
 -874418
 -863527
 -857661
 -856857
 -861038
 -869289
 -880861
 -894435
 -908675
 -922511
 -934871
 -944814
 -951781
 -955191
 -955090
 -952207
 -946917
 -939725
 -931459
 -922562
 -914071
 -906994
 -901868
 -898596
 -897093
 -897128
 -898711
 -902056
 -906740
 -912110
 -917776
 -924035
 -930496
 -936436
 -941420
 -945439
 -948702
 -951036
 -952401
 -952681
 -951742
 -949547
 -946160
 -941501
 -935929
 -929894
 -923827
 -917847
 -912326
 -907776
 -904406
 -902492
 -902050
 -902911
 -904815
 -907632
 -911229
 -915315
 -919461
 -923261
 -926462
 -928923
 -930494
 -930882
 -930152
 -928381
 -925983
 -923465
 -921239
 -919475
 -918235
 -917795
 -918165
 -919369
 -921407
 -924162
 -927153
 -930060
 -932852
 -935619
 -938260
 -940253
 -941020
 -940380
 -938942
 -937637
 -937123
 -937177
 -937374
 -937857
 -938261
 -938352
 -937762
 -936353
 -934822
 -934562
 -935720
 -936919
 -937355
 -937053
 -935513
 -933016
 -930062
 -926749
 -922934
 -919239
 -915999
 -913241
 -910943
 -908921
 -907115
 -905559
 -904845
 -905483
 -907074
 -909090
 -911275
 -913718
 -916606
 -919699
 -922790
 -925477
 -927579
 -928955
 -929774
 -930276
 -930406
 -930324
 -930123
 -929600
 -928776
 -927946
 -927278
 -926692
 -926008
 -925288
 -924809
 -924979
 -925995
 -927849
 -930125
 -932437
 -934575
 -936264
 -937935
 -939963
 -942024
 -943676
 -944896
 -945423
 -944944
 -943499
 -941414
 -939179
 -936778
 -933863
 -930735
 -927696
 -925028
 -922103
 -914274
 -896283
 -864980
 -611927
   51464
  800389
 1334732
 1524422
 1394439
  992905
  377728
 -391946
-1259886
-2171064
-3067660
-3888738
-4575559
-5077149
-5353366
-5377271
-5137954
-4642079
-3917172
-3010405
-1984211
 -910285
  135574
 1080117
 1860849
 2430865
 2762305
 2848215
 2701013
 2349269
 1834726
 1208211
  525073
 -158318
 -789663
-1325614
-1735365
-2001888
-2122059
-2104253
-1966981
-1737196
-1446866
-1130459
 -820895
 -546522
 -329261
 -183231
 -114067
 -118816
 -188288
 -309583
 -469169
 -654147
 -852912
-1056384
-1257075
-1448179
-1624319
-1781280
-1915053
-2021160
-2095342
-2132855
-2128425
-2078011
-1979377
-1833498
-1644838
-1422423
-1179395
 -931903
 -696781
 -490003
 -325244
 -213095
 -160065
 -167821
 -232578
 -345682
 -494057
 -661607
 -830417
 -983234
-1105128
-1185025
-1217686
-1203142
-1146181
-1056049
 -944604
 -824961
 -710120
 -612323
 -541120
 -502890
 -499643
 -529323
 -586546
 -663491
 -750884
 -839515
 -921583
 -991350
-1045446
-1083541
-1106759
-1117411
-1119085
-1115629
-1110987
-1107592
-1106390
-1106622
-1106422
-1102782
-1092418
-1072216
-1040512
 -997560
 -945277
 -886941
 -826743
 -769905
 -722153
 -688500
 -672440
 -675438
 -696881
 -734708
 -784734
 -841189
 -897495
 -947418
 -985494
-1007810
-1012462
-1000495
 -974865
 -939577
 -900233
 -862554
 -831937
 -813378
 -810011
 -822808
 -851291
 -892628
 -942786
 -996965
-1049710
-1096243
-1132719
-1156661
-1167576
-1166614
-1155808
-1138128
-1116914
-1095747
-1077796
-1064705
-1056974
-1054211
-1054720
-1056432
-1056650
-1052379
-1041588
-1023097
 -996728
 -964061
 -926982
 -888008
 -850167
 -816665
 -789932
 -771649
 -762456
 -761696
 -767909
 -778952
 -792039
 -804230
 -812709
 -815425
 -811821
 -802226
 -787758
 -770243
 -752264
 -736774
 -726413
 -723455
 -729124
 -743906
 -767219
 -797739
 -833411
 -871513
 -909200
 -943928
 -972886
 -995164
-1011028
-1020957
-1025835
-1027420
-1027873
-1028755
-1031791
-1038017
-1048003
