 -222550
 -141621
 -132177
 -177321
 -232458
 -274879
 -291614
 -289312
 -263438
 -216602
 -154823
  -93556
  -63599
  -66892
 -103080
 -173269
 -269613
 -382124
 -498022
 -602761
 -683554
 -732541
 -745238
 -720184
 -663323
 -585671
 -499379
 -418405
 -353544
 -314005
 -305438
 -329117
 -381731
 -455808
 -542402
 -629226
 -704085
 -756407
 -779192
 -769717
 -727559
 -657666
 -568627
 -470139
 -374081
 -291428
 -229996
 -196343
 -191919
 -214544
 -258889
 -317366
 -380560
 -438662
 -484741
 -514930
 -520638
 -499424
 -453955
 -393889
 -326132
 -257816
 -198499
 -158454
 -144955
 -160135
 -204235
 -273999
 -354799
 -433632
 -520391
 -628202
 -730815
 -807826
 -839799
 -807641
 -707243
 -497108
  -38715
  458632
  784772
  876396
  720341
  345505
 -192885
 -819055
-1446707
-1990645
-2373002
-2536377
-2453610
-2132236
-1613533
 -964334
 -272234
  368106
  870831
 1172458
 1243645
 1087578
  736901
  247670
 -310020
 -857058
-1318710
-1632786
-1756886
-1675522
-1398978
 -965205
 -436189
  112908
  604497
  973647
 1173868
 1183949
 1011326
  684805
  252292
 -228117
 -691381
-1079402
-1345114
-1458437
-1411724
-1218659
 -913424
 -546484
 -174783
  144739
  363439
  450080
  394145
  207831
  -80377
 -430145
 -793331
-1121632
-1369733
-1504181
-1507714
-1380635
-1142539
 -826458
 -476424
 -142416
  129343
  303254
  360740
  298760
  133695
 -108362
 -392939
 -675889
 -917658
-1085621
-1156102
-1119597
 -980462
 -756488
 -477869
 -185996
   76901
  276075
  387781
  399897
  313378
  141341
  -89059
 -345026
 -592912
 -800922
 -943333
-1002736
 -974582
 -863364
 -688845
 -480035
 -267960
  -84150
   44893
  102228
   80099
  -15715
 -170875
 -363516
 -567242
 -755014
 -900216
 -983526
 -994786
 -934234
 -812018
 -644297
 -454779
 -274479
 -127867
  -29427
   12672
   -5095
  -80524
 -202519
 -353049
 -508470
 -645880
 -747241
 -798646
 -793885
 -733154
 -625064
 -485806
 -335167
 -195057
  -82787
  -12023
    7702
  -25806
 -107179
 -223044
 -357023
 -491377
 -608918
 -695632
 -739088
 -734773
 -685435
 -599468
 -491021
 -375921
 -271672
 -191098
 -146615
 -145544
 -186350
 -262412
 -363134
 -474411
 -582621
 -672439
 -731929
 -754100
 -736223
 -682119
 -598947
 -497994
 -394035
 -301262
 -233093
 -196808
 -195514
 -228764
 -290656
 -372686
 -462113
 -546191
 -610444
 -646770
 -651310
 -621490
 -560284
 -477388
 -384865
 -295935
 -219715
 -165837
 -142458
 -152270
 -194180
 -260146
 -340548
 -423013
 -495882
 -551814
 -583339
 -586321
 -562118
 -515609
 -454974
 -387729
 -322436
 -270078
 -238874
 -233980
 -255330
 -300356
 -361062
 -428123
 -494809
 -551791
 -591485
 -609340
 -605358
 -581637
 -540253
 -487246
 -430563
 -378458
 -339170
 -316328
 -312434
 -327732
 -359804
 -404581
 -453516
 -499057
 -535320
 -557495
 -563865
 -551591
 -521976
 -481621
 -435523
 -389718
 -349705
 -319568
 -307363
 -314374
 -333491
 -357073
 -381786
 -408076
 -433385
 -454119
 -466279
 -467981
 -462638
 -452294
 -438594
 -421994
 -404132
 -388423
 -377573
 -373554
 -375468
 -382703
 -394595
 -409064
 -424813
 -439778
 -457132
 -471797
 -474627
 -464120
 -440017
 -405977
 -371330
 -342924
 -326092
 -321961
 -330515
 -351481
 -381794
 -418243
 -454857
 -485642
 -507120
 -517205
 -515877
 -502530
 -478045
 -446430
 -412587
 -382122
 -358747
 -346293
 -345190
 -354629
 -375084
 -402355
 -432815
 -462766
 -488313
 -506911
 -514807
 -510745
 -496632
 -474444
 -448162
 -420777
 -395256
 -375739
 -365534
 -363789
 -370058
 -383511
 -402586
 -425111
 -448437
 -467548
 -479307
 -482870
 -477791
 -466001
 -448450
 -426271
 -403902
 -385395
 -371053
 -362555
 -361033
 -367392
 -380782
 -399904
 -420913
 -440280
 -455983
 -466108
 -470174
 -466181
 -454025
 -436447
 -415878
 -396108
 -379030
 -366421
 -360233
 -361292
 -370441
 -385274
 -401971
 -418930
 -434614
 -447861
 -456390
 -458179
 -453538
 -443521
 -430994
 -417139
 -402643
 -390556
 -383109
 -381932
 -386333
 -394128
 -405401
 -419535
 -435396
 -449650
 -460098
 -465867
 -466647
 -463488
 -455658
 -444232
 -432362
 -421986
 -415307
 -411757
 -410349
 -412632
 -419445
 -427239
 -434709
 -440040
 -444407
 -448358
 -448973
 -445489
 -437988
 -429353
 -421701
 -413990
 -406761
 -401121
 -398579
 -399192
 -403426
 -408481
 -412850
 -420377
 -428672
 -436622
 -441406
 -441123
 -436765
 -429363
 -421061
 -412496
 -403608
 -396437
 -393189
 -392691
 -393526
 -396279
 -401861
 -409653
 -419641
 -429377
 -436317
 -440434
 -441886
 -441855
 -439505
 -433737
 -426291
 -418245
 -411203
 -405593
 -400636
 -398947
 -402126
 -407355
 -413331
 -419193
 -425795
 -432150
 -437180
 -439912
 -441682
 -441274
 -437592
 -432925
 -427051
 -420730
 -416304
 -415522
 -416107
 -417240
 -419017
 -422161
 -426972
 -433108
 -438461
 -441142
 -441541
 -439899
 -437359
 -433230
 -427185
 -421273
 -416300
 -413964
 -412956
 -411961
 -412707
 -415763
 -421529
 -427589
 -431843
 -434955
 -436597
 -437660
 -436685
 -432788
 -426902
 -420180
 -414862
 -410198
 -405874
 -402933
 -401786
 -403930
 -408319
 -413395
 -418461
 -423005
 -427932
 -432051
 -434066
 -434366
 -432921
 -430474
 -426908
 -421724
 -417310
 -415263
 -413348
 -411204
 -408995
 -407703
 -407957
 -411181
 -416853
 -421173
 -425053
 -428688
 -432400
 -435602
 -436045
 -435195
 -435730
 -435854
 -433001
 -426382
 -418572
 -411781
 -407865
 -405209
 -404005
 -406930
 -417433
 -434156
 -448319
 -454356
 -454233
 -451726
 -445420
 -435791
 -424649
 -414646
 -407276
 -404585
 -405955
 -409084
 -415150
 -425063
 -435009
 -442779
 -447134
 -448123
 -446062
 -442253
 -436547
 -428493
 -420284
 -412807
 -408359
 -406407
 -405997
 -408871
 -414967
 -420923
 -425800
 -428582
 -429247
 -428084
 -426117
 -422883
 -417930
 -413325
 -409487
 -407935
 -408550
 -410201
 -413386
 -417820
 -423565
 -429251
 -432968
 -436592
 -442589
 -446371
 -443504
 -431650
 -414093
 -395692
 -380784
 -371536
 -368583
 -373442
 -385524
 -404413
 -426197
 -446633
 -465333
 -478359
 -483210
 -479688
 -468195
 -451610
 -432099
 -413408
 -396363
 -381991
 -373749
 -373617
 -383242
 -401054
 -421146
 -441779
 -459655
 -473842
 -483172
 -485049
 -480816
 -473512
 -464466
 -450512
 -431382
 -409832
 -388122
 -372112
 -363991
 -363295
 -371119
 -386540
 -407522
 -430885
 -452856
 -470777
 -481003
 -482775
 -475948
 -460676
 -440083
 -416966
 -395586
 -378718
 -367145
 -363706
 -370004
 -383420
 -401347
 -421216
 -441058
 -457957
 -470027
 -475873
 -473687
 -464364
 -449718
 -432798
 -415508
 -399477
 -387411
 -380417
 -381095
 -388828
 -397954
 -408358
 -420056
 -432425
 -443318
 -451553
 -456806
 -456796
 -452096
 -442685
 -429153
 -414337
 -400563
 -391151
 -386913
 -384182
 -385239
 -391017
 -401499
 -414914
 -427874
 -439439
 -448265
 -454278
 -456661
 -453983
 -448255
 -440919
 -433367
 -425863
 -417843
 -411803
 -408671
 -409362
 -413097
 -417472
 -422968
 -429374
 -436951
 -444188
 -447544
 -447760
 -445342
 -441193
 -435628
 -428017
 -419533
 -411995
 -407824
 -406404
 -405997
 -407493
 -411006
 -416669
 -422931
 -427750
 -431061
 -432631
 -433608
 -433157
 -430180
 -426779
 -423892
 -422148
 -421585
 -420643
 -420096
 -420051
 -422436
 -426985
 -428185
 -427973
 -425862
 -423431
 -421437
 -418882
 -416930
 -415831
 -417054
 -420260
 -423127
 -425734
 -427857
 -429617
 -430695
 -429692
 -427946
 -426006
 -424904
 -424931
 -424031
 -422473
 -420743
 -420205
 -420900
 -418192
 -413942
 -410494
 -409211
 -410758
 -413747
 -418283
 -423443
 -427797
 -432946
 -439454
 -446416
 -451093
 -453500
 -456446
 -454482
 -446396
 -433482
 -421458
 -412003
 -404177
 -398694
 -394834
 -396718
 -403057
 -410403
 -419629
 -429167
 -439336
 -449682
 -454017
 -452797
 -448318
 -441606
 -432942
 -421030
 -408206
 -396842
 -389097
 -386797
 -388053
 -394965
 -406165
 -419451
 -432917
 -441342
 -444805
 -444060
 -441379
 -437598
 -431509
 -423857
 -415854
 -411591
 -412826
 -418263
 -427335
 -439240
 -453874
 -467078
 -474267
 -475100
 -470053
 -460021
 -445814
 -428412
 -410759
 -394436
 -381874
 -376153
 -377049
 -384407
 -397187
 -413964
 -431457
 -445217
 -454414
 -458425
 -457577
 -451843
 -440919
 -427343
 -412980
 -400233
 -390919
 -384785
 -383223
 -386913
 -393710
 -402655
 -413668
 -427066
 -441999
 -456612
 -468577
 -474529
 -474386
 -468494
 -458311
 -444933
 -427801
 -410511
 -395748
 -385799
 -380756
 -381599
 -390093
 -403870
 -421736
 -443382
 -462962
 -476467
 -481787
 -480113
 -474273
 -459934
 -432827
 -397879
 -371961
 -354572
 -343525
 -342982
 -353430
 -374032
 -404119
 -435633
 -462410
 -481610
 -492001
 -493670
 -483523
 -463202
 -437788
 -411937
 -389605
 -372122
 -362407
 -362205
 -372024
 -390301
 -412741
 -436564
 -459610
 -480372
 -497318
 -503493
 -496849
 -480989
 -459061
 -434703
 -409884
 -388909
 -375763
 -372163
 -378127
 -390748
 -407754
 -426551
 -447488
 -468929
 -484520
 -492378
 -493010
 -484269
 -463147
 -434018
 -404458
 -380929
 -367436
 -363779
 -365915
 -374095
 -388667
 -410877
 -436147
 -455907
 -472547
 -482892
 -479234
 -468830
 -459859
 -455732
 -450059
 -437652
 -411096
 -367930
 -329392
 -305972
 -300296
 -312871
 -338804
 -374914
 -419611
 -472398
 -522765
 -538919
 -533566
 -514596
 -476990
 -453664
 -442352
 -418404
 -410178
 -428962
 -419552
 -369037
 -337858
 -358977
 -405516
 -449523
 -502867
 -566302
 -619901
 -637651
 -603169
 -520228
 -408338
 -290093
 -167946
  -46799
   49540
  113148
  133383
   46799
 -133350
 -349722
 -580390
 -816490
-1009551
-1138150
-1193389
-1165236
-1048334
 -856542
 -615246
 -353825
 -108545
   85491
  203312
  224191
  141164
  -30955
 -250765
 -485062
 -717516
 -916016
-1049633
-1096424
-1048494
 -913169
 -707142
 -459553
 -206240
   17873
  182561
  267381
  261906
  173274
   16107
 -187409
 -406497
 -611669
 -775883
 -878690
 -909593
 -865007
 -754260
 -595598
 -413633
 -235941
  -86923
   11757
   45712
    9870
  -88786
 -231020
 -397458
 -569786
 -722223
 -829424
 -885232
 -905844
 -883702
 -788182
 -622074
 -443806
 -285925
 -153524
  -47362
  -11615
  -66706
 -195801
 -360141
 -527886
 -676676
 -785865
 -841771
 -836536
 -775210
 -658282
 -486786
 -302722
 -147132
  -38655
   17389
   19587
  -22940
  -97836
 -206027
 -334861
 -470563
 -599039
 -707019
 -782133
 -804941
 -761419
 -656660
 -523959
 -394092
 -276620
 -180257
 -126953
 -121998
 -167385
 -253657
 -368000
 -487794
 -584793
 -657695
 -709216
 -726383
 -703959
 -643747
 -555700
 -453612
 -350784
 -263849
 -201711
 -172316
 -180788
 -223107
 -293470
 -381471
 -474973
 -561176
 -626097
 -661307
 -662089
 -629939
 -570124
 -489332
 -400740
 -315929
 -245389
 -200490
 -185463
 -202461
 -249129
 -319128
 -402678
 -486310
 -559178
 -612134
 -639590
 -639184
 -609708
 -557317
 -489147
 -413415
 -342685
 -284954
 -247827
 -237057
 -254313
 -297067
 -356853
 -424657
 -491576
 -549722
 -591846
 -611058
 -605648
 -577074
 -529713
 -470600
 -406844
 -348162
 -302592
 -277202
 -275289
 -293734
 -329906
 -378073
 -431284
 -483261
 -525872
 -555248
 -569125
 -564126
 -541340
 -501902
 -450416
 -395148
 -344735
 -306711
 -284535
 -281212
 -296760
 -328806
 -373465
 -422207
 -468229
 -505584
 -530407
 -540631
 -532901
 -509673
 -475106
 -434694
 -394816
 -358794
 -334102
 -325905
 -332406
 -351852
 -383120
 -418099
 -448643
 -470396
 -482883
 -484858
 -478399
 -465357
 -448701
 -432170
 -416667
 -404796
 -398463
 -398926
 -407214
 -420127
 -435860
 -452408
 -467672
 -480484
 -487607
 -489268
 -484277
 -470422
 -452608
 -433482
 -415328
 -400300
 -390610
 -387685
 -389771
 -396008
 -406171
 -420136
 -436114
 -451039
 -462817
 -469762
 -472467
 -467804
 -453759
 -434028
 -412231
 -392089
 -376456
 -364767
 -359144
 -361302
 -371183
 -388251
 -408205
 -428238
 -446713
 -462248
 -471640
 -471381
 -463739
 -451311
 -436412
 -422953
 -411062
 -400344
 -393317
 -391987
 -397091
 -406140
 -418131
 -431851
 -446162
 -458949
 -466843
 -470055
 -468534
 -462496
 -453308
 -440029
 -425020
 -411428
 -401311
 -396764
 -396302
 -400328
 -408440
 -419658
 -433302
 -445447
 -453880
 -459041
 -461202
 -460992
 -455854
 -446291
 -434528
 -422342
 -412989
 -405820
 -401914
 -402411
 -407405
 -415828
 -425049
 -434971
 -444776
 -453219
 -459704
 -461237
 -457868
 -451154
 -444193
 -436243
 -425587
 -415470
 -407910
 -404486
 -406087
 -410533
 -417041
 -425116
 -434006
 -443004
 -448825
 -450948
 -450017
 -446400
 -441377
 -433879
 -425092
 -416495
 -409677
 -406042
 -403302
 -402272
 -404150
 -410262
 -417951
 -423121
 -427259
 -430132
 -432117
 -434060
 -434374
 -433337
 -430881
 -427313
 -423773
 -419154
 -414464
 -411422
 -412316
 -416970
 -420194
 -422901
 -426236
 -431054
 -437176
 -442326
 -446342
 -449575
 -451482
 -452145
 -450364
 -447124
 -443475
 -439924
 -437843
 -435579
 -433457
 -431819
 -430715
 -431213
 -431587
 -432359
 -434014
 -436492
 -439698
 -440691
 -439823
 -437856
 -436848
 -437618
 -434213
 -427970
 -421089
 -415232
 -411862
 -409585
 -408542
 -409953
 -413502
 -419591
 -425907
 -431287
 -436298
 -440060
 -442741
 -442048
 -437849
 -431217
 -422979
 -416575
 -411238
 -405929
 -399630
 -401376
 -405971
 -402699
 -409400
 -424838
 -435842
 -440235
 -454123
 -488726
 -520636
 -536007
 -526370
 -502087
 -474376
 -449983
 -425797
 -404430
 -388092
 -375353
 -369711
 -374901
 -388687
 -402850
 -413252
 -417375
 -414463
 -403780
 -383603
 -356620
 -336353
 -318804
 -303356
 -301641
 -324929
 -374096
 -438303
 -507521
 -568402
 -612070
 -634510
 -633416
 -609364
 -564784
 -506252
 -441849
 -380988
 -332530
 -301601
 -292323
 -306021
 -340749
 -391947
 -449775
 -506252
 -554534
 -589459
 -607881
 -599949
 -567453
 -516445
 -454899
 -392923
 -334063
 -286170
 -256423
 -248269
 -262893
 -295621
 -340670
 -392271
 -443664
 -488692
 -519559
 -532567
 -527205
 -505676
 -473254
 -432820
 -390531
 -353302
 -326817
 -315342
 -318233
 -335428
 -365649
 -404618
 -447248
 -486780
 -518916
 -537137
 -540423
 -530243
 -507659
 -476475
 -442524
 -411168
 -387491
 -372901
 -368957
 -376465
 -394841
 -420920
 -449197
 -475813
 -497721
 -512018
 -517168
 -511465
 -496338
 -474445
 -447542
 -418990
 -390222
 -365332
 -348863
 -342991
 -348484
 -362194
 -382184
 -406229
 -430912
 -453687
 -470445
 -478811
 -478501
 -470958
 -458008
 -440353
 -420032
 -400827
 -385790
 -377660
 -377476
 -385084
 -397124
 -413235
 -432688
 -451745
 -467775
 -479474
 -485264
 -485596
 -479413
 -467301
 -451836
 -435366
 -421019
 -409348
 -401773
 -399490
 -402262
 -410554
 -421054
 -431346
 -441424
 -450565
 -458130
 -461374
 -459710
 -454239
 -446041
 -436924
 -426867
 -417037
 -409207
 -404165
 -403329
 -406535
 -413582
 -420779
 -427525
 -434482
 -439918
 -443444
 -442775
 -439154
 -435116
 -430655
 -426316
 -423427
 -422753
 -425079
 -429020
 -433531
 -438035
 -442463
 -450841
 -458480
 -459287
 -452711
 -440606
 -426874
 -413262
 -402152
 -395522
 -394312
 -399581
 -409324
 -421914
 -436858
 -453613
 -467456
 -475055
 -475892
 -471216
 -461834
 -449517
 -434624
 -418921
 -405007
 -394849
 -390647
 -391805
 -397692
 -407850
 -421451
 -437368
 -451785
 -461969
 -469519
 -476703
 -478528
 -470294
 -452373
 -428025
 -402736
 -382139
 -367700
 -361031
 -363815
 -376404
 -398057
 -423629
 -448345
 -469797
 -485496
 -493577
 -487770
 -467902
 -435432
 -397596
 -364794
 -342773
 -338012
 -355268
 -394569
 -446819
 -496831
 -534662
 -560107
 -570849
 -563217
 -536957
 -496230
 -448443
 -401160
 -358962
 -327017
 -310485
 -312622
 -333565
 -367364
 -408201
 -450725
 -489620
 -520519
 -539901
 -543970
 -531551
 -504384
 -466521
 -424995
 -384116
 -347962
 -321529
 -308774
 -311863
 -329403
 -359420
 -397677
 -438917
 -477922
 -507385
 -523971
 -526788
 -515759
 -493959
 -463495
 -428207
 -394927
 -369882
 -354140
 -348755
 -354813
 -372030
 -397788
 -429270
 -460467
 -487073
 -506281
 -516033
 -515942
 -504214
 -482890
 -457153
 -427888
 -398904
 -374729
 -359301
 -355554
 -364091
 -385777
 -414477
 -443095
 -468927
 -489317
 -502731
 -506968
 -500992
 -484728
 -460450
 -432061
 -403392
 -378856
 -362795
 -357588
 -363995
 -379762
 -401739
 -427964
 -454728
 -478476
 -494715
 -500667
 -496789
 -484530
 -466575
 -444207
 -420387
 -398945
 -382612
 -373913
 -373087
 -380196
 -393393
 -411474
 -434272
 -456949
 -475639
 -488976
 -494816
 -493207
 -483341
 -465309
 -442510
 -419136
