   -7484
 -102437
 -234240
 -381357
 -531692
 -649250
 -711443
 -714411
 -641243
 -519125
 -371829
 -212727
  -55063
   32653
   25398
  -62554
 -222698
 -434088
 -659817
 -868830
-1032916
-1127281
-1139405
-1067314
 -920898
 -721440
 -496620
 -277964
  -95852
   25765
   72158
   39419
  -65005
 -224250
 -414835
 -609061
 -779400
 -902200
 -960179
 -945328
 -859749
 -715069
 -531272
 -333582
 -148924
   -1808
   88724
  112024
   66900
  -38536
 -188299
 -361455
 -535134
 -686534
 -796491
 -851845
 -847456
 -786412
 -679122
 -542740
 -397835
 -265853
 -165937
 -112086
 -111036
 -161578
 -255730
 -379882
 -516503
 -646808
 -753113
 -821605
 -844203
 -818871
 -750342
 -649090
 -529689
 -409325
 -304958
 -230543
 -195544
 -203341
 -251046
 -330465
 -429477
 -533568
 -627543
 -698079
 -735228
 -734279
 -695267
 -623777
 -530073
 -426991
 -328736
 -248631
 -197152
 -180727
 -200744
 -253427
 -330753
 -421595
 -513497
 -593883
 -652300
 -681278
 -677739
 -643118
 -583173
 -507006
 -425502
 -350507
 -292634
 -259431
 -255198
 -280072
 -330039
 -397749
 -473439
 -546550
 -606974
 -646814
 -661054
 -648502
 -611777
 -556465
 -490633
 -423776
 -365039
 -322327
 -300885
 -302771
 -327036
 -369483
 -423870
 -482229
 -536151
 -578128
 -602680
 -606838
 -590256
 -555226
 -506928
 -452581
 -400010
 -356292
 -327156
 -316557
 -325660
 -352916
 -394311
 -443886
 -494413
 -539294
 -573155
 -591740
 -593124
 -577525
 -547333
 -507255
 -463440
 -421882
 -388475
 -368131
 -363265
 -374215
 -399281
 -434605
 -475208
 -515144
 -548860
 -571811
 -581013
 -575725
 -556778
 -526654
 -489754
 -451178
 -416105
 -389223
 -373956
 -371878
 -382610
 -404299
 -433625
 -466014
 -496593
 -521326
 -536644
 -540293
 -532053
 -513348
 -486580
 -455372
 -424064
 -397021
 -378111
 -369700
 -372747
 -386793
 -409628
 -438191
 -468542
 -496172
 -517280
 -529173
 -530386
 -521245
 -503390
 -479560
 -453667
 -429853
 -411004
 -399355
 -396880
 -404032
 -419850
 -442251
 -468061
 -493911
 -516101
 -531656
 -539212
 -538156
 -529131
 -513581
 -493803
 -472570
 -452867
 -437379
 -427641
 -424466
 -427998
 -437623
 -452127
 -469197
 -485993
 -500084
 -509542
 -513413
 -511263
 -503308
 -490781
 -475220
 -458692
 -443453
 -431345
 -424080
 -422537
 -426688
 -435347
 -447327
 -460789
 -473825
 -484612
 -491284
 -493108
 -490292
 -483493
 -473761
 -462369
 -450575
 -440307
 -432802
 -428761
 -428787
 -432682
 -440064
 -450036
 -461175
 -471876
 -480747
 -486721
 -489172
 -487836
 -483072
 -475618
 -466485
 -457207
 -448977
 -442994
 -440178
 -441012
 -445317
 -452320
 -461499
 -471410
 -480826
 -488452
 -493230
 -494493
 -492375
 -487486
 -480455
 -472097
 -463814
 -456605
 -451526
 -449305
 -450254
 -454199
 -460941
 -469430
 -477892
 -484858
 -489190
 -490049
 -487378
 -481434
 -473123
 -463598
 -454472
 -446772
 -441721
 -440241
 -442382
 -447584
 -455197
 -463877
 -472418
 -479799
 -485056
 -487521
 -486805
 -483105
 -477167
 -469821
 -462195
 -455232
 -449992
 -447120
 -446841
 -448851
 -452591
 -458030
 -464528
 -470875
 -476189
 -479952
 -481390
 -480235
 -476395
 -470464
 -463357
 -456065
 -449484
 -444542
 -441996
 -442140
 -444839
 -449741
 -455921
 -462703
 -469297
 -474588
 -477972
 -479163
 -478253
 -475598
 -471427
 -466386
 -461336
 -456999
 -454234
 -453461
 -454469
 -457113
 -461260
 -466329
 -471829
 -476939
 -480921
 -483339
 -484150
 -483236
 -480851
 -477180
 -472823
 -468347
 -464383
 -461362
 -459581
 -459599
 -461483
 -464828
 -468628
 -472566
 -476326
 -479330
 -481143
 -481227
 -479397
 -475823
 -470739
 -464856
 -459198
 -454175
 -450173
 -447780
 -447254
 -448515
 -451395
 -455428
 -459956
 -464145
 -467441
 -469635
 -470499
 -470049
 -468509
 -465964
 -462930
 -459969
 -457197
 -455267
 -454630
 -455327
 -457210
 -460023
 -463698
 -467642
 -471283
 -474117
 -475965
 -476737
 -476372
 -474884
 -472545
 -469988
 -467673
 -465938
 -465097
 -465230
 -466317
 -468061
 -470037
 -472231
 -474343
 -475897
 -476724
 -476663
 -475614
 -473720
 -471370
 -468860
 -466284
 -464088
 -462710
 -462120
 -462282
 -463269
 -464897
 -466825
 -468656
 -470179
 -471341
 -471885
 -471675
 -470782
 -469241
 -467158
 -465003
 -463059
 -461729
 -461256
 -461464
 -462008
 -462825
 -463912
 -465291
 -466433
 -467161
 -467268
 -466811
 -465987
 -464918
 -464155
 -463736
 -463709
 -463702
 -463867
 -464303
 -464990
 -465857
 -466648
 -467390
 -468190
 -468827
 -469208
 -469233
 -468976
 -468360
 -467558
 -466825
 -466532
 -466580
 -466800
 -467355
 -468157
 -468970
 -469716
 -470311
 -470623
 -470725
 -470489
 -469957
 -469195
 -468433
 -467740
 -467522
 -467758
 -468078
 -468354
 -468546
 -468674
 -468918
 -469198
 -469400
 -469440
 -469131
 -468552
 -467847
 -467078
 -466504
 -466337
 -466511
 -466955
 -467520
 -468082
 -468455
 -468725
 -468845
 -469034
 -469261
 -469295
 -469057
 -468510
 -467923
 -467438
 -466876
 -466136
 -465338
 -464755
 -464336
 -464391
 -464589
 -464840
 -465300
 -465865
 -466592
 -467264
 -467638
 -467803
 -467722
 -467081
 -465998
 -464673
 -463378
 -462410
 -462251
 -462623
 -463053
 -463531
 -464355
 -465568
 -466928
 -468165
 -469323
 -470289
 -471087
 -471710
 -471818
 -471517
 -470737
 -469942
 -469262
 -468699
 -468352
 -468286
 -468497
 -468820
 -469270
 -469838
 -470314
 -470848
 -471209
 -471310
 -471245
 -470897
 -470243
 -469471
 -468415
 -467381
 -466652
 -466218
 -465920
 -465763
 -465921
 -466324
 -466992
 -467602
 -468154
 -468730
 -468993
 -468866
 -468579
 -468034
 -467174
 -466010
 -464686
 -463606
 -463082
 -463229
 -463997
 -465139
 -466470
 -467627
 -468484
 -469132
 -469703
 -470196
 -470380
 -470233
 -470196
 -470463
 -470754
 -470606
 -470189
 -469394
 -468310
 -467284
 -466395
 -465764
 -465550
 -465776
 -466363
 -467276
 -468431
 -469474
 -470226
 -471063
 -471668
 -471802
 -471180
 -470188
 -469310
 -468049
 -466327
 -464187
 -461854
 -459642
 -457604
 -456002
 -455238
 -455609
 -457175
 -459932
 -463625
 -467943
 -472534
 -476692
 -479931
 -481977
 -482569
 -481867
 -479866
 -476787
 -473276
 -469711
 -466609
 -464184
 -463030
 -463356
 -464776
 -466929
 -469689
 -472579
 -475159
 -476877
 -477614
 -477224
 -475695
 -473234
 -470312
 -467335
 -464403
 -461852
 -460263
 -459683
 -459934
 -461151
 -463224
 -465772
 -468538
 -471189
 -473386
 -474592
 -474529
 -473427
 -471458
 -468925
 -465977
 -463071
 -460750
 -459660
 -459939
 -461296
 -463594
 -466598
 -469956
 -473108
 -475650
 -477232
 -477828
 -477465
 -476040
 -474066
 -471782
 -469342
 -466977
 -464921
 -463582
 -463069
 -463436
 -464712
 -466822
 -469327
 -471959
 -474320
 -475869
 -476501
 -475939
 -474370
 -472136
 -469682
 -467084
 -464818
 -463369
 -462885
 -463364
 -464496
 -466083
 -467889
 -469814
 -471588
 -472986
 -473727
 -473753
 -473284
 -472358
 -470924
 -469275
 -467899
 -466952
 -466902
 -467739
 -469051
 -470518
 -471910
 -472740
 -472964
 -472653
 -471654
 -469985
 -467614
 -464738
 -461835
 -459254
 -457251
 -456093
 -455946
 -457098
 -459704
 -463626
 -468606
 -473865
 -478427
 -482025
 -484396
 -485065
 -484101
 -481701
 -478092
 -473888
 -469557
 -465525
 -462359
 -460604
 -460552
 -462071
 -464940
 -468570
 -472456
 -475787
 -478326
 -479931
 -480298
 -479312
 -477341
 -474528
 -471174
 -467677
 -464595
 -462610
 -461760
 -461856
 -462883
 -464596
 -466748
 -469247
 -471630
 -473591
 -474696
 -474716
 -473934
 -472543
 -470976
 -469781
 -469035
 -468619
 -468357
 -467975
 -467600
 -467463
 -467505
 -467682
 -467729
 -467786
 -467996
 -468348
 -468888
 -469538
 -470281
 -471198
 -472000
 -472724
 -472963
 -472558
 -471979
 -471445
 -471055
 -471016
 -471283
 -471877
 -472833
 -474011
 -475001
 -475788
 -476286
 -476429
 -476027
 -475208
 -473813
 -471956
 -470167
 -468636
 -467855
 -468177
 -469156
 -470123
 -471013
 -471695
 -471636
 -470990
 -469762
 -468022
 -465990
 -464091
 -462775
 -462212
 -462745
 -464296
 -466050
 -467927
 -470122
 -472354
 -474274
 -475476
 -475716
 -475116
 -473963
 -472548
 -471156
 -469937
 -468860
 -468162
 -467940
 -468269
 -468955
 -469901
 -471045
 -472131
 -472984
 -473507
 -473570
 -473112
 -472334
 -471489
 -470759
 -470361
 -470377
 -470508
 -470549
 -470569
 -470713
 -470873
 -470718
 -470538
 -470540
 -470448
 -470321
 -470133
 -470025
 -470287
 -470764
 -471263
 -471631
 -471896
 -471936
 -471685
 -471291
 -470766
 -470021
 -469355
 -468940
 -468842
 -468931
 -469221
 -469725
 -470496
 -471501
 -472450
 -473012
 -473245
 -473582
 -473870
 -473853
 -473558
 -472852
 -471855
 -470960
 -470029
 -469333
 -469361
 -469621
 -470064
 -470680
 -471392
 -472249
 -473383
 -474719
 -475740
 -476253
 -476295
 -475750
 -475052
 -474252
 -473120
 -471699
 -470444
 -469394
 -468660
 -468463
 -468697
 -469301
 -470573
 -472290
 -473652
 -474507
 -474770
 -474355
 -473195
 -471382
 -469354
 -467585
 -466450
 -465764
 -465578
 -466027
 -467043
 -468539
 -470190
 -471940
 -473637
 -474753
 -475233
 -475212
 -475051
 -474743
 -474470
 -474430
 -474548
 -474658
 -474504
 -474101
 -473603
 -472999
 -472489
 -472177
 -472060
 -472294
 -472709
 -473203
 -473639
 -473867
 -473977
 -473995
 -473766
 -473243
 -472469
 -471676
 -471037
 -470713
 -470700
 -470897
 -471126
 -471143
 -471095
 -471019
 -470854
 -470928
 -471009
 -470872
 -471206
 -471637
 -471875
 -472762
 -473986
 -474810
 -475347
 -476146
 -476561
 -475110
 -474223
 -475396
 -476834
 -476724
 -473571
 -467243
 -459982
 -454132
 -450812
 -450196
 -451830
 -455442
 -460380
 -467940
 -477954
 -487213
 -491831
 -492804
 -492145
 -489589
 -485568
 -480936
 -476574
 -472331
 -468470
 -466237
 -465934
 -467099
 -469730
 -473486
 -477453
 -481123
 -483879
 -485156
 -484655
 -482612
 -479551
 -475753
 -471685
 -467917
 -464864
 -462725
 -461680
 -461855
 -463079
 -465350
 -468199
 -470830
 -472937
 -474499
 -475530
 -475579
 -474618
 -472819
 -470227
 -467447
 -465052
 -463743
 -463570
 -464551
 -466648
 -469678
 -473412
 -477232
 -480720
 -483467
 -485170
 -485620
 -484680
 -482473
 -479341
 -475819
 -472417
 -469658
 -467895
 -467123
 -467450
 -468889
 -471128
 -473657
 -476169
 -478442
 -480257
 -481147
 -480667
 -478718
 -475790
 -473034
 -470457
 -469130
 -469300
 -468991
 -467769
 -466355
 -465663
 -465271
 -464758
 -464697
 -465213
 -466258
 -467857
 -469787
 -472181
 -474838
 -477257
 -479331
 -480970
 -482003
 -482320
 -481956
 -480811
 -478956
 -476864
 -474882
 -473325
 -477355
 -498003
 -517060
 -520314
 -508620
 -485078
 -453821
 -420219
 -389747
 -367720
 -358242
 -363065
 -381821
 -412110
 -450168
 -490988
 -529410
 -560489
 -580272
 -586476
 -578566
 -557897
 -527798
 -492640
 -457449
 -427407
 -406497
 -397136
 -399992
 -414365
 -438682
 -469482
 -502465
 -532666
 -556127
 -570207
 -572982
 -564184
 -545005
 -517871
 -486560
 -455185
 -427908
 -408011
 -397781
 -397997
 -408083
 -425487
 -447331
 -471068
 -493487
 -511358
 -522311
 -525085
 -519527
 -506267
 -487356
 -465372
 -443450
 -425003
 -412796
 -408788
 -413316
 -425335
 -443049
 -464004
 -485105
 -503619
 -517135
 -523809
 -523055
 -515618
 -502695
 -486204
 -468508
 -452245
 -439663
 -432462
 -431513
 -437323
 -448933
 -464382
 -481512
 -497736
 -510758
 -518937
 -521302
 -517763
 -508724
 -495726
 -480603
 -465085
 -451064
 -440954
 -435956
 -436640
 -441457
 -450993
 -463549
 -475803
 -487952
 -497610
 -502891
 -503184
 -498531
 -490185
 -479436
 -467808
 -457249
 -449010
 -444309
 -444167
 -448800
 -457232
 -468096
 -479862
 -491026
 -500047
 -505839
 -507594
 -505084
 -498860
 -489987
 -480012
 -470116
 -461581
 -455434
 -452829
 -454119
 -459099
 -467043
 -476592
 -486209
 -495093
 -501374
 -503771
 -502414
 -497277
 -488912
 -478312
 -466695
 -455412
 -445934
 -440042
 -438787
 -442445
 -450662
 -462377
 -474743
 -486410
 -496232
 -501418
 -500989
 -494879
 -484675
 -471891
 -458580
 -446816
 -438383
 -434702
 -436853
 -444771
 -457156
 -472102
 -487404
 -501174
 -511572
 -517817
 -519368
 -515523
 -506648
 -493987
 -478690
 -462994
 -450823
 -444145
 -443209
 -447493
 -455633
 -466063
 -477683
 -489168
 -499028
 -505723
 -507837
 -505054
 -498561
 -489585
 -479104
 -468473
 -458823
 -451277
 -446894
 -446135
 -449116
 -455253
 -463418
 -472269
 -480921
 -487878
 -492249
 -493624
 -492184
 -488112
 -482005
 -474748
 -467404
 -460913
 -456288
 -454134
 -454854
 -458551
 -464565
 -471862
 -479304
 -485868
 -490472
 -493052
 -493359
 -490760
 -485931
 -480148
 -474038
 -468360
 -463954
 -461395
 -461067
 -462938
 -466540
 -471395
 -477217
 -483012
 -487719
 -490331
 -490394
 -488164
 -484224
 -479100
 -473552
 -468453
 -464617
 -462462
 -462304
 -464158
 -467609
 -471956
 -476212
 -479977
 -482782
 -484096
 -484049
 -483007
 -481352
 -478840
 -475950
 -473502
 -471777
 -470673
 -470772
 -472428
 -474946
 -477789
 -480261
 -482033
 -483062
 -483390
 -482621
 -480707
 -477961
 -474675
 -471470
 -468456
 -465790
 -464440
 -464650
 -466483
 -468994
 -472231
 -476254
 -480305
 -483722
 -486323
 -487886
 -488114
 -486951
 -484179
 -480214
 -475959
 -471669
 -467745
 -464770
 -463493
 -464103
 -466254
 -469489
 -473551
 -477957
 -482090
 -485227
 -487065
 -487442
 -486589
 -484546
 -481258
 -477592
 -473742
 -470156
 -467802
 -467005
 -467434
 -468956
 -471585
 -475043
 -478450
 -481348
 -483432
 -484511
 -484710
 -483832
 -482255
 -480135
 -477783
 -475677
 -473818
 -472610
 -472216
 -472598
 -473885
 -475683
 -477670
 -479356
 -480746
 -481840
 -482350
 -482219
 -481511
 -480455
 -479120
 -477540
 -475912
 -474601
 -473840
 -473680
 -474046
 -474910
 -475978
 -477128
 -478222
 -479229
 -480130
