 -367537
 -338101
 -303189
 -267330
 -235176
 -210742
 -196968
 -195106
 -204759
 -224258
 -250324
 -278775
 -305570
 -327434
 -341457
 -345864
 -340414
 -326047
 -305081
 -280860
 -257324
 -237904
 -225426
 -222077
 -228315
 -243714
 -266511
 -293690
 -322101
 -348502
 -369825
 -383795
 -389471
 -386966
 -377488
 -363132
 -346775
 -331328
 -319561
 -313581
 -314288
 -321970
 -336178
 -355233
 -376788
 -398244
 -416876
 -430445
 -437291
 -436932
 -429493
 -416119
 -398774
 -379894
 -361837
 -346851
 -336779
 -332612
 -334423
 -341198
 -351475
 -363026
 -373676
 -381487
 -384777
 -382687
 -374881
 -361801
 -344602
 -325042
 -305274
 -287365
 -273025
 -263505
 -259386
 -260644
 -266100
 -274305
 -284051
 -293727
 -301346
 -305534
 -305939
 -302366
 -295324
 -285796
 -274797
 -263928
 -254963
 -249389
 -248088
 -251539
 -259352
 -270368
 -283612
 -297981
 -311812
 -323647
 -332473
 -337934
 -339972
 -338846
 -335669
 -331373
 -327111
 -324207
 -323873
 -326409
 -331813
 -339684
 -349516
 -360509
 -371474
 -381207
 -388883
 -393795
 -395590
 -394243
 -390387
 -384713
 -377967
 -371084
 -364994
 -360512
 -357964
 -357584
 -359084
 -362091
 -365612
 -368842
 -371029
 -371125
 -368927
 -364408
 -357539
 -348813
 -339295
 -329628
 -320091
 -311497
 -304716
 -299967
 -297553
 -297512
 -298855
 -301092
 -304199
 -307568
 -310523
 -312072
 -311164
 -307644
 -302099
 -295351
 -287984
 -280985
 -274926
 -270697
 -269064
 -270276
 -274160
 -280173
 -287882
 -296592
 -305095
 -312451
 -318118
 -321750
 -323232
 -322655
 -320732
 -318336
 -316395
 -315468
 -315825
 -317998
 -322145
 -328223
 -335697
 -343893
 -352223
 -359774
 -366009
 -370267
 -372408
 -372679
 -371333
 -368931
 -366062
 -363184
 -360723
 -358891
 -358103
 -358465
 -360011
 -362057
 -364210
 -366360
 -367922
 -368162
 -366626
 -363547
 -359303
 -353799
 -347491
 -341142
 -335267
 -330183
 -326270
 -323459
 -321753
 -320984
 -320621
 -320316
 -319879
 -319063
 -317510
 -314885
 -311531
 -307725
 -303470
 -298954
 -294849
 -291821
 -290329
 -290261
 -291872
 -294968
 -298770
 -302348
 -305111
 -307092
 -308615
 -309218
 -308495
 -306671
 -304466
 -302682
 -301871
 -302486
 -304718
 -308381
 -313662
 -320059
 -326617
 -332922
 -338603
 -343153
 -346452
 -348429
 -349015
 -348782
 -347998
 -346795
 -345675
 -344794
 -344585
 -345541
 -347504
 -350445
 -353887
 -357644
 -361329
 -364231
 -366015
 -366537
 -365490
 -363163
 -359889
 -355674
 -351084
 -346651
 -342418
 -338778
 -336763
 -336909
 -342501
 -347339
 -351630
 -353674
 -351266
 -342300
 -326862
 -312849
 -300567
 -289932
 -279437
 -275744
 -279067
 -289045
 -304171
 -317904
 -329023
 -339012
 -346770
 -351872
 -348397
 -334619
 -310361
 -279589
 -251025
 -229321
 -218140
 -219611
 -233634
 -258358
 -290611
 -326439
 -361406
 -391074
 -411596
 -420679
 -417916
 -404254
 -382132
 -354960
 -326864
 -302088
 -284034
 -275183
 -276725
 -288318
 -308036
 -333266
 -360602
 -386258
 -406889
 -419950
 -423637
 -417595
 -402807
 -381508
 -356742
 -331817
 -309619
 -293020
 -284051
 -283676
 -291521
 -305925
 -324345
 -343803
 -361398
 -374685
 -381703
 -381218
 -373651
 -360358
 -343077
 -324177
 -306353
 -291916
 -282723
 -279820
 -283773
 -292750
 -310467
 -335201
 -356741
 -371543
 -376171
 -369480
 -353158
 -330061
 -303410
 -277129
 -255223
 -240785
 -235311
 -239361
 -253805
 -286430
 -333183
 -372021
 -394633
 -399091
 -382888
 -347379
 -305653
 -266496
 -236101
 -219105
 -217773
 -232481
 -257347
 -287274
 -324970
 -367706
 -409967
 -445842
 -470563
 -481159
 -476273
 -456551
 -424722
 -385283
 -343777
 -306007
 -276922
 -260091
 -257267
 -268194
 -290759
 -321720
 -356404
 -389800
 -417219
 -434838
 -440128
 -431969
 -411462
 -381507
 -346078
 -309832
 -277414
 -253031
 -239403
 -237899
 -247917
 -267140
 -292619
 -320579
 -347189
 -368902
 -382469
 -386056
 -379556
 -364055
 -342220
 -317344
 -293031
 -272612
 -259112
 -254417
 -259030
 -272146
 -291548
 -314732
 -338306
 -358850
 -373967
 -381988
 -381831
 -373654
 -358585
 -338750
 -317147
 -296903
 -281004
 -271733
 -270263
 -276957
 -290940
 -310133
 -331612
 -352599
 -370410
 -382806
 -388579
 -386963
 -378066
 -363649
 -345811
 -327134
 -310359
 -297823
 -291003
 -290783
 -297243
 -309216
 -325151
 -342912
 -360131
 -374487
 -383945
 -387321
 -384301
 -375326
 -361843
 -345879
 -329815
 -315922
 -306146
 -301763
 -302864
 -309266
 -319874
 -333237
 -347444
 -359972
 -368894
 -373282
 -372249
 -364878
 -353990
 -342187
 -330167
 -318895
 -309055
 -301678
 -297951
 -298145
 -301885
 -308380
 -316999
 -326261
 -334675
 -341412
 -345047
 -345076
 -340772
 -332738
 -322079
 -310580
 -299410
 -289856
 -284341
 -287557
 -295804
 -305290
 -314461
 -321385
 -324570
 -324263
 -322005
 -318761
 -315162
 -313690
 -316182
 -319404
 -322107
 -324656
 -327320
 -330268
 -333662
 -337495
 -342489
 -348261
 -354274
 -360257
 -362103
 -361196
 -358670
 -355444
 -352539
 -348489
 -339151
 -336422
 -341727
 -350656
 -361228
 -371227
 -378732
 -382356
 -381386
 -375830
 -366210
 -353377
 -339277
 -326411
 -315754
 -307935
 -303994
 -304318
 -308549
 -315450
 -323979
 -332881
 -340291
 -344961
 -345964
 -342840
 -336547
 -327611
 -309978
 -287012
 -272008
 -267560
 -273231
 -288057
 -309635
 -333838
 -357538
 -377796
 -391920
 -397675
 -393931
 -381340
 -361695
 -337641
 -312401
 -289589
 -272251
 -262620
 -261843
 -269973
 -285692
 -307002
 -330963
 -354255
 -373871
 -387317
 -392706
 -389312
 -377719
 -359860
 -338480
 -316527
 -297109
 -282764
 -275027
 -274943
 -282557
 -296703
 -315509
 -336345
 -356493
 -373752
 -385319
 -386178
 -377571
 -366218
 -353885
 -342505
 -333541
 -327877
 -326381
 -329056
 -335201
 -343566
 -352625
 -360960
 -367217
 -370247
 -369330
 -364308
 -355644
 -344618
 -332848
 -321394
 -311543
 -304724
 -301839
 -302815
 -307048
 -313732
 -315392
 -224115
  -67238
    6200
  -14329
 -124880
 -307975
 -535042
 -771651
 -982103
-1134264
-1203772
-1177547
-1055707
 -851851
 -591169
 -306977
  -36115
  187080
  335205
  391836
  353570
  229855
   41521
 -183050
 -411566
 -612162
 -757094
 -826305
 -810542
 -712374
 -545950
 -334507
 -107233
  104578
  272425
  374462
  398496
  343413
  218352
   41293
 -163645
 -369901
 -551548
 -686611
 -760121
 -766182
 -707721
 -597004
 -454083
 -302663
 -166443
  -66043
  -16297
  -24217
  -88103
 -198202
 -338637
 -489575
 -630153
 -741018
 -806899
 -819062
 -776238
 -684928
 -557899
 -412821
 -269648
 -147500
  -61961
  -23303
  -35070
  -93380
 -188045
 -304238
 -424492
 -531139
 -608772
 -646207
 -638242
 -585801
 -495994
 -380902
 -256433
 -139241
  -44864
   14836
   32927
    8014
  -55481
 -148017
 -256423
 -365912
 -462352
 -533214
 -569800
 -568938
 -532288
 -466270
 -381253
 -290409
 -207398
 -144346
 -109745
 -107971
 -138850
 -197844
 -276677
 -363950
 -447608
 -516052
 -560124
 -575011
 -559248
 -515634
 -450446
 -373171
 -294817
 -225798
 -175212
 -149547
 -151414
 -179357
 -228443
 -291070
 -357961
 -419470
 -466618
 -492677
 -494230
 -471530
 -428019
 -370010
 -305811
 -244057
 -193114
 -159871
 -148668
 -160448
 -193176
 -242176
 -300517
 -360283
 -413491
 -453330
 -475022
 -476379
 -458566
 -424853
 -380556
 -332508
 -287699
 -252673
 -232247
 -229283
 -244197
 -274597
 -316303
 -363585
 -409611
 -447901
 -473273
 -482636
 -475192
 -452053
 -416630
 -373860
 -329675
 -290087
 -259935
 -242455
 -239372
 -250581
 -273603
 -304642
 -338840
 -370834
 -395895
 -410308
 -411702
 -399774
 -376104
 -343973
 -307746
 -272400
 -242555
 -221668
 -212541
 -216089
 -231310
 -255995
 -286731
 -319320
 -349165
 -372506
 -386548
 -389910
 -382790
 -366579
 -343946
 -318788
 -295171
 -276823
 -266268
 -265324
 -274378
 -292215
 -316844
 -345204
 -373687
 -398619
 -416908
 -426552
 -426437
 -417067
 -400420
 -379012
 -355799
 -333927
 -316499
 -305951
 -303714
 -309841
 -322822
 -340353
 -359684
 -377827
 -392304
 -400970
 -402020
 -395462
 -382150
 -363698
 -342300
 -320616
 -301447
 -286978
 -278579
 -277148
 -282567
 -293571
 -308477
 -325057
 -340292
 -352074
 -358632
 -359180
 -353935
 -343617
 -329360
 -313239
 -297943
 -285406
 -277322
 -274959
 -278732
 -288064
 -301721
 -317650
 -333949
 -348400
 -359208
 -365366
 -366031
 -361434
 -352606
 -340753
 -327811
 -315784
 -306599
 -301525
 -301472
 -306658
 -316156
 -328716
 -342601
 -355840
 -366662
 -373926
 -376806
 -375116
 -369053
 -359624
 -348381
 -336806
 -326418
 -318940
 -315561
 -316477
 -321433
 -329592
 -339788
 -350433
 -359952
 -366963
 -370521
 -370309
 -366554
 -359572
 -350423
 -340066
 -329804
 -321020
 -314818
 -312155
 -313445
 -318226
 -325435
 -334033
 -342710
 -350120
 -355072
 -356999
 -355581
 -350744
 -343329
 -334530
 -325580
 -317332
 -310854
 -306836
 -305560
 -307496
 -312224
 -318526
 -325836
 -334548
 -344821
 -353392
 -360222
 -361215
 -353519
 -339598
 -321978
 -303416
 -287164
 -275331
 -269555
 -270736
 -278914
 -293014
 -310682
 -329717
 -352057
 -371343
 -387991
 -411422
 -422090
 -413223
 -388463
 -351928
 -308800
 -265595
 -229179
 -205568
 -198342
 -208882
 -236058
 -276606
 -325442
 -376018
 -422021
 -458021
 -479567
 -484101
 -471545
 -444291
 -406722
 -364035
 -322276
 -287471
 -264281
 -255351
 -261299
 -280736
 -310764
 -346794
 -383430
 -415550
 -438784
 -449829
 -447230
 -431727
 -405336
 -371488
 -334760
 -300028
 -271830
 -253406
 -246516
 -251272
 -266329
 -289244
 -316019
 -342583
 -365159
 -380230
 -385460
 -380048
 -365340
 -343879
 -319022
 -294212
 -272959
 -258197
 -251860
 -254980
 -267290
 -286714
 -310479
 -335524
 -358646
 -376917
 -387987
 -390855
 -385452
 -372723
 -355032
 -335173
 -315968
 -299901
 -289545
 -286682
 -291570
 -301882
 -316619
 -335569
 -356394
 -376433
 -392948
 -403793
 -407705
 -404255
 -394024
 -378388
 -359474
 -339799
 -322112
 -308413
 -299954
 -298277
 -303410
 -314013
 -328199
 -343998
 -358984
 -370813
 -377852
 -379112
 -374321
 -364174
 -350042
 -334008
 -318239
 -304818
 -295674
 -291791
 -293358
 -300019
 -310460
 -322931
 -335684
 -347075
 -355493
 -359776
 -359531
 -354968
 -346932
 -336476
 -325186
 -314855
 -306923
 -309144
 -431906
 -696895
 -885781
 -918217
 -785738
 -507656
 -126388
  298516
  699859
 1013680
 1189961
 1200341
 1041170
  731997
  311676
 -167768
 -647845
-1070652
-1385513
-1556143
-1565116
-1416685
-1136301
 -767701
 -366675
    7238
  299344
  468595
  493212
  372340
  125198
 -212695
 -595427
 -972214
-1293907
-1519076
-1619025
-1581812
-1413987
-1139596
 -796857
 -432080
  -93648
  175530
  344774
  399043
  340047
  184521
  -38693
 -292711
 -537908
 -737157
 -860648
 -889909
 -820242
 -661341
 -435847
 -175934
   81306
  299114
  447357
  506722
  470884
  346400
  151645
  -85833
 -333651
 -559202
 -733423
 -834829
 -852065
 -785664
 -648067
 -461174
 -253718
  -57104
   99555
  193423
  211263
  150645
   20329
 -161395
 -369900
 -577681
 -757937
 -887359
 -949903
 -938892
 -857319
 -717662
 -540235
 -350211
 -174004
  -35128
   49423
   70755
   28807
  -67752
 -202867
 -355954
 -504461
 -627081
 -706973
 -733274
 -702709
 -619952
 -497260
 -352383
 -205933
  -78096
   13580
   57161
   47946
  -11279
 -111120
 -237344
 -372205
 -497337
 -596154
 -656173
 -670258
 -637802
 -564804
 -462597
 -346533
 -233828
 -140771
  -80109
  -59835
  -82175
 -143354
 -234288
 -342215
 -451786
 -547933
 -617644
 -651637
 -645689
 -601058
 -524352
 -426272
 -320304
 -220712
 -140203
  -88695
  -71750
  -90153
 -139675
 -211823
 -295580
 -378526
 -448401
 -495292
 -512884
 -498837
 -455696
 -389915
 -310465
 -228695
 -156552
 -103798
  -77070
  -79745
 -111140
 -166666
 -238438
 -316858
 -391634
 -453300
 -494500
 -510620
 -500882
 -468156
 -418277
 -359454
 -300852
 -251604
 -219504
 -209290
 -222616
 -257732
 -309810
 -371951
 -435902
 -493297
 -536757
 -560599
 -562245
 -542060
 -503243
 -451538
 -393887
 -338013
 -291454
 -260038
 -246811
 -252377
 -275003
 -310390
 -352615
 -394720
 -430143
 -453580
 -461120
 -451309
 -425067
 -385197
 -336853
 -286378
 -240009
 -203441
 -180890
 -174744
 -185175
 -209565
 -243705
 -282888
 -321536
 -353627
 -375128
 -383940
 -380790
 -366013
 -336903
 -294269
 -245193
 -216239
 -206674
 -211315
 -228493
 -255488
 -288608
 -323224
 -354465
 -379658
 -396597
 -404024
 -401687
 -390914
 -376059
 -371405
 -372134
 -365299
 -351217
 -332494
 -312599
 -295183
 -283840
 -280618
 -286752
 -302187
 -325464
 -353930
 -384050
 -412294
 -435602
 -451391
 -457438
 -453137
 -439479
 -418502
 -393358
 -367502
 -343700
 -324991
 -313657
 -310603
 -315869
 -328304
 -345510
 -364429
 -382288
 -396455
 -404720
 -405665
 -398732
 -384630
 -365114
 -342354
 -319075
 -298086
 -281581
 -271162
 -267741
 -271108
 -279969
 -292306
 -306054
 -319223
 -329663
 -335683
 -336476
 -331930
 -322706
 -310268
 -296782
 -284277
 -274529
 -269254
 -269620
 -275690
 -286741
 -301704
 -318715
 -335899
 -351249
 -363002
 -370192
 -372433
 -369809
 -363051
 -353564
 -343076
 -333589
 -326922
 -324295
 -323561
 -324856
 -331653
 -342701
 -354944
 -368744
 -384281
 -399622
 -412199
 -420048
 -422003
 -417627
 -407204
 -391960
 -370570
 -339893
 -313342
 -299524
 -299244
 -311046
 -332200
 -358734
 -386370
 -411025
 -428678
 -436423
 -432790
 -418144
 -395608
 -370301
 -341067
 -303035
 -253767
 -213169
 -200550
 -211298
 -238637
 -276749
 -319481
 -355783
 -378234
 -396357
 -399466
 -383026
 -357431
 -328150
 -297200
 -268831
 -246806
 -234396
 -232544
 -240568
 -257510
 -281459
 -309699
 -338680
 -365166
 -386497
 -400869
 -406712
 -402497
 -389066
 -369480
