   -5947
   -6252
   -6582
   -6909
   -7206
   -7452
   -7637
   -7761
   -7763
   -7607
   -7099
   -2708
    6057
    9660
   14435
   12169
    4732
   -2539
   -9209
  -15013
  -19569
  -22516
  -23690
  -23397
  -22184
  -19188
  -14745
   -9629
   -4412
     330
    4051
    6414
    7311
    6829
    5017
    2096
   -1591
   -5595
   -9390
  -12608
  -15002
  -16390
  -16671
  -15826
  -14013
  -11523
   -8699
   -5820
   -3188
   -1071
     354
     955
     751
    -124
   -1573
   -3454
   -5575
   -7693
   -9548
  -11045
  -11951
  -12254
  -11948
  -11018
   -9593
   -6747
   -1073
    3455
    5838
    6459
    5529
    3298
    -686
   -7353
  -13569
  -18247
  -21296
  -22598
  -22200
  -20214
  -16887
  -12657
   -8088
   -3621
     298
    3270
    5015
    5409
    4555
    2669
     -68
   -3318
   -6181
   -9109
  -13639
  -20472
  -23830
  -21637
  -17520
  -13604
   -8700
   -3722
     460
    3725
    5745
    6321
    5486
    3450
     535
   -2927
   -6514
   -9866
  -12519
  -14103
  -14726
  -14530
  -13556
  -11932
   -9874
   -7673
   -5445
   -3403
   -1810
    -722
    -278
    -554
   -1586
   -3197
   -4966
   -6794
   -8507
   -9938
  -10925
  -11367
  -11232
  -10590
   -9629
   -8426
   -7066
   -5689
   -4500
   -3691
   -3211
   -9183
  -26930
  -25960
    -974
   17973
   36738
   47166
   48361
   35838
   11765
  -11149
  -31225
  -47230
  -58000
  -62771
  -61378
  -54409
  -42811
  -28113
  -12104
    3568
   17205
   27488
   33603
   35197
   32525
   26299
   17584
    6978
   -4551
  -15572
  -25004
  -31844
  -35611
  -36259
  -34111
  -28749
   -8301
   21410
   38526
   38836
   39327
   29869
    9309
   -9754
  -27440
  -53081
  -77008
  -83883
  -71346
  -52384
  -31362
   -9555
   11062
   28520
   41222
   48005
   48643
   43491
   33406
   19848
    4352
  -11384
  -25690
  -37096
  -44499
  -47510
  -46105
  -40702
  -34128
  -32126
  -27329
  -18637
   -8889
   -3630
    9777
   24703
   33670
   37262
   35863
   30074
   20743
    8998
   -3811
  -16138
  -26650
  -34481
  -38970
  -39624
  -36418
  -30098
  -21779
  -12570
   -3447
    4743
   11290
   15574
   17263
   16238
   12781
    7537
    1219
   -5420
  -11744
  -17098
  -20939
  -23016
  -23336
  -21980
  -19093
  -15026
  -10513
   -5956
   -1690
    1715
    3882
    4712
    4215
    2623
     175
   -2502
   -5477
   -8815
  -12000
  -14278
  -15368
  -15463
  -14758
  -13267
  -11030
   -8275
   -5408
   -2825
    -846
     357
     865
     594
    -474
   -2154
   -4176
   -6288
   -8198
   -9767
  -10997
  -11639
  -11553
  -10855
   -9800
   -8545
   -7145
   -5638
   -4172
   -2948
   -2168
   -1842
   -2003
   -2727
   -3421
   -1866
   -2601
   -5345
   -7502
   -8978
  -10114
  -11048
  -11455
  -11118
  -10291
   -9204
   -7925
   -6556
   -5200
   -4063
   -3447
   -3270
   -3408
   -3934
   -4807
   -5898
   -7100
   -8283
   -9237
   -9951
  -10456
  -10571
  -10129
   -9307
   -8286
   -7189
   -6064
   -4994
   -4137
   -3444
   -2938
   -2881
   -3245
   -3986
   -5118
   -6535
   -7709
     187
   26102
   43629
   50115
   48572
   40583
   27691
   11651
   -5630
  -22269
  -36503
  -46988
  -52850
  -53723
  -49824
  -41820
  -30768
  -18004
   -4966
    6985
   16675
   23306
   26341
   25679
   21631
   14838
    6168
   -3367
  -12715
  -20909
  -27123
  -30848
  -31895
  -30302
  -26397
  -20705
  -13898
   -7000
   -6586
  -14457
  -19872
  -22366
  -22638
  -21039
  -17937
  -13700
   -8910
   -4219
    -122
    2966
    4849
    5494
    4852
    2971
     300
   -2790
   -6090
   -9262
  -11970
  -13983
  -15057
  -15149
  -14365
  -12875
  -10882
   -8571
   -7684
  -19345
  -34214
  -40083
  -31925
  -15565
   -8493
   -3974
    1494
    6318
    9713
   11353
   11148
    9209
    5800
    1354
   -3577
   -8466
  -12862
  -16362
  -18575
  -19360
  -18726
  -16858
  -14049
  -10668
   -7063
   -3588
    -573
    1669
    2936
    3168
    2396
     740
   -1571
   -4267
   -7021
   -9550
  -11621
  -13043
  -13695
  -13569
  -12724
  -11326
   -9515
   -7483
   -5481
   -3690
   -2312
   -1470
   -1203
   -1529
   -2376
   -3614
   -5077
   -6604
   -8031
   -9199
  -10001
  -10389
  -10307
   -9924
   -9330
   -8530
   -7576
   -6535
   -5532
   -4696
   -4139
   -3886
   -3889
   -4153
   -4683
   -5422
   -6242
   -7046
   -7783
   -8378
   -8751
   -8877
   -8769
   -8426
   -7880
   -7287
   -6708
   -6175
   -5736
   -5417
   -5257
   -5254
   -5388
   -5665
   -6041
   -6459
   -6894
   -7276
   -7550
   -7732
   -7795
   -7733
   -7555
   -7248
   -6854
   -6470
   -6119
   -5835
   -5678
   -5644
   -4711
   -1327
     704
    1461
    1277
     202
   -1478
   -3531
   -5719
   -7825
   -9772
  -11423
  -12435
  -12738
  -12520
  -11891
  -10748
   -9292
   -8146
   -7464
   -6733
   -5619
   -4328
   -3015
   -2033
   -1561
   -1515
   -1405
   -1545
   -3000
   -8890
  -29393
  -47134
  -55101
  -55881
  -50744
  -36626
   -1933
   29736
   44357
   53274
   55958
   52190
   43248
   35603
   26052
   11460
   -4947
  -20929
  -34704
  -44905
  -50624
  -51519
  -47828
  -40222
  -29670
  -17438
   -4900
    6618
   16029
   22456
   25408
   24785
   20873
   14304
    5944
   -3260
  -12279
  -20190
  -26291
  -30020
  -31110
  -29622
  -25867
  -20351
  -13768
   -6898
    -430
    4999
    8873
   10901
   10981
    9236
    5967
    1561
   -3471
   -8554
  -13118
  -16736
  -19122
  -20077
  -19548
  -17680
  -14787
  -11233
   -7404
   -3742
    -602
    1720
    3025
    3236
    2399
     667
   -1740
   -4523
   -7345
   -9920
  -12012
  -13419
  -14016
  -13841
  -12930
  -11423
   -9544
   -7468
   -5445
   -3693
   -2379
   -1558
   -1315
   -1650
   -2537
   -3797
   -5274
   -6826
   -8286
   -9477
  -10330
  -10754
  -10723
  -10297
   -9505
   -8458
   -7300
   -6149
   -5134
   -4327
   -3809
   -3626
   -3809
   -4251
   -4918
   -5748
   -6637
   -7462
   -8130
   -8602
   -8862
   -8895
   -8705
   -8360
   -7898
   -7330
   -6699
   -6097
   -5580
   -5197
   -5018
   -5009
   -5152
   -5404
   -5731
   -6157
   -6631
   -7074
   -7436
   -7675
   -7775
   -7753
   -7623
   -7418
   -7171
   -6873
   -6582
   -6329
   -6106
   -5912
   -5834
   -5864
   -5983
   -6191
   -6432
   -6679
   -6901
   -7116
   -7297
   -7410
   -7442
   -7376
   -7218
   -6993
   -6765
   -6555
   -6368
   -6207
   -6099
   -6073
   -6115
   -6204
   -6330
   -6478
   -6635
   -6785
   -6924
   -7029
   -7102
   -7120
   -7081
   -7015
   -6917
   -6801
   -6661
   -6538
   -6427
   -6359
   -6413
   -6580
   -6803
   -7067
   -7219
   -7235
   -7152
   -6995
   -6808
   -6605
   -6404
   -6237
   -6119
   -6028
   -5996
   -6049
   -6146
   -6296
   -6487
   -6686
   -6875
   -7013
   -7083
   -7128
   -7116
   -7065
   -6993
   -6891
   -6781
   -6673
   -6571
   -6500
   -6468
   -6441
   -6402
   -6405
   -6455
   -6509
   -6575
   -6634
   -6699
   -6756
   -6856
   -9322
  -15788
  -20626
  -23018
  -23288
  -21748
  -18701
  -14470
   -9409
   -4360
       1
    3259
    5075
    5483
    4628
    2689
     -30
   -3202
   -6491
   -9612
  -12419
  -14877
  -16849
  -17656
  -16697
  -14445
  -11496
   -8107
   -4473
   -1143
    1428
    2941
    3376
    2839
    1456
    -633
   -3252
   -6084
   -8616
  -10675
  -12128
  -12929
  -13111
  -12445
  -11302
  -10063
   -8566
   -6914
   -5249
   -3747
   -2625
   -1999
   -1932
   -2375
   -3322
   -4520
   -5931
   -7449
   -8666
   -9411
   -9653
   -9508
   -9196
   -8714
   -8062
   -7402
   -7585
  -16767
  -28310
  -33646
  -34472
  -31805
  -26372
  -19003
  -10604
   -2100
    5564
   11593
   15423
   16825
   15788
   12553
    7586
    1491
   -5019
  -11273
  -16668
  -20605
  -22803
  -23136
  -21710
  -18755
  -14673
   -9961
   -5172
    -804
    2720
    5098
    6128
    5737
    4098
    1465
   -1842
   -5438
   -8926
  -11984
  -14317
  -15706
  -16045
  -15385
  -13847
  -11632
   -9020
   -6343
   -3866
   -1814
    -405
     270
     193
    -582
   -1928
   -3694
   -5664
   -7636
   -9390
  -10741
  -11582
  -11865
  -11589
  -10810
   -9671
   -8285
   -6782
   -5336
   -4107
   -3219
   -2739
   -2706
   -3078
   -3785
   -4717
   -5802
   -6891
   -7878
   -8681
   -9217
   -9429
   -9325
   -8948
   -8351
   -7600
   -6766
   -5973
   -5313
   -4828
   -4529
   -4482
   -4688
   -5069
   -5563
   -6126
   -6669
   -7182
   -7613
   -7925
   -8186
   -8331
   -8276
   -8027
   -7525
   -7009
   -6572
   -6297
   -6209
   -6015
   -5766
   -5723
   -5852
   -5966
   -6287
   -6821
   -7217
   -7403
   -7482
   -7481
   -7410
   -7251
   -7008
   -6752
   -6534
   -6382
   -6304
   -6257
   -6266
   -6326
   -6398
   -6516
   -6494
   -6205
   -6113
   -6395
   -6844
   -7167
   -7320
   -7386
   -7372
   -7293
   -7179
   -7016
   -6815
   -6595
   -6406
   -6243
   -6090
   -5992
   -6115
  -11520
  -25484
  -35940
  -49393
  -66294
  -62432
  -45226
  -27034
   -8657
    8473
   22869
   33226
   38832
   39510
   35480
   27444
   16286
    3382
   -9606
  -21401
  -31104
  -37835
  -39232
  -34393
  -27724
  -19839
  -11267
   -2753
    4840
   10767
   14529
   15843
   14749
   11507
    6570
     559
   -5852
  -11961
  -17134
  -20926
  -23002
  -23282
  -21805
  -18840
  -14829
  -10242
   -5544
   -1225
    2265
    4602
    5622
    5308
    3744
    1186
   -2013
   -5487
   -8868
  -11802
  -14018
  -15339
  -15647
  -14980
  -13453
  -11313
   -8839
   -6268
   -3877
   -1906
    -553
      81
     -12
    -795
   -2138
   -3849
   -5719
   -7570
   -9218
  -10487
  -11267
  -11503
  -11220
  -10475
   -9374
   -8060
   -6678
   -5428
   -4387
   -3660
   -3276
   -3285
   -3640
   -4279
   -5143
   -6126
   -7113
   -7989
   -8661
   -9031
   -9126
   -8979
   -8598
   -8028
   -7353
   -6656
   -5997
   -5452
   -5065
   -4891
   -4915
   -5133
   -5484
   -5957
   -6467
   -6946
   -7341
   -7645
   -7838
   -7893
   -7821
   -7637
   -7352
   -7014
   -6665
   -6343
   -6058
   -5847
   -5733
   -5728
   -5834
   -6015
   -6264
   -6543
   -6801
   -6988
   -7118
   -7177
   -7179
   -7126
   -7015
   -6885
   -6740
   -6608
   -6491
   -6370
   -6261
   -6160
   -6190
   -7120
   -8280
   -8956
   -9002
   -8350
   -7182
   -5948
   -5110
   -4761
   -4723
   -4847
   -5197
   -5650
   -6207
   -6775
   -7216
   -7447
   -7537
   -7510
   -7526
   -7379
   -7275
   -7247
   -7036
   -6908
   -6796
   -6295
   -5601
   -5028
   -4604
   -4562
   -4966
   -5757
   -6679
   -7383
   -7789
   -7912
   -7881
   -7845
   -7732
   -7455
   -7121
   -6973
   -6869
   -6633
   -6228
   -6049
   -7164
  -20147
  -35367
  -31043
  -21224
  -15674
   -7911
    2052
    1839
    3404
    8927
   16788
   20334
   20336
   20035
   36647
   39289
   18775
    -870
  -18393
  -33164
  -44184
  -50638
  -52169
  -48903
  -41533
  -31009
  -18632
   -5767
    6315
   16410
   23528
   27028
   26831
   23082
   16161
    7296
    -235
   -5237
  -14745
  -23721
  -29850
  -33186
  -35448
  -40600
  -43284
  -38897
  -30074
  -23032
  -20609
  -18136
  -12848
   -4009
   10422
   22177
   21395
   12350
    3832
    2064
    9281
   14858
   15932
   14747
    8214
   -1465
  -12080
  -19878
  -24229
  -25727
  -22563
  -17393
  -16142
  -15251
  -12032
   -6987
   -2569
    2025
    8570
   13153
   13206
   11097
    7114
    1638
   -4407
  -10198
  -15505
  -19031
  -20809
  -21636
  -21155
  -19046
  -15811
  -11876
   -7612
   -3645
    -380
    2185
    3881
    4407
    4136
    3183
    1503
    -975
   -4155
   -7504
  -10488
  -12488
  -11973
   -6971
   -2178
   -1342
   -5293
  -10882
  -16844
  -22041
  -25095
  -25339
  -23195
  -19440
  -14459
   -8763
   -2926
    2429
    6706
    9375
   10249
    9315
    6819
    3112
   -1295
   -5860
   -9879
  -13031
  -15199
  -16502
  -16881
  -16047
  -14168
  -11804
   -8925
   -5855
   -3032
    -804
     734
    1559
    1583
     821
    -412
   -2074
   -4044
   -6329
   -8655
  -10621
  -12009
  -12634
  -12591
  -11890
  -10532
   -8756
   -6826
   -5050
   -3597
   -2732
   -2254
   -1999
   -2120
   -2904
   -4030
   -5269
   -6428
   -7510
   -8428
   -9143
   -9536
   -9503
   -9203
   -8923
   -8850
   -8604
   -7932
   -7088
   -6333
   -5677
   -5075
   -4774
   -5155
   -6517
   -8242
   -9594
  -10339
  -10574
  -10610
  -10344
   -9742
   -8663
   -6627
   -4722
   -3323
   -2306
   -1594
   -2690
    -736
    5357
    8019
    7742
    7818
    5657
      23
   -6375
  -12834
  -18272
  -21962
  -23960
  -24881
  -24943
  -23402
  -20244
  -16229
  -11810
   -7164
   -2038
    4396
   10089
   13160
   13645
   11882
    8019
    2754
   -3122
   -8910
  -14115
  -18244
  -20925
  -21921
  -21129
  -18787
  -15314
  -11212
   -6891
   -2796
     598
    2944
    4121
    4194
    3180
    1306
   -1249
   -4197
   -7122
   -9793
  -11860
  -13257
  -13937
  -13880
  -13064
  -11543
   -9537
   -7334
   -5241
   -3470
   -2149
   -1339
   -1160
   -1539
   -2369
   -3549
   -4988
   -6507
   -7957
   -9105
   -9803
  -10078
  -10033
   -9685
   -9079
   -8393
   -7624
   -6844
   -6063
   -5310
   -4618
   -4121
   -3960
   -4053
   -4288
   -4939
   -5728
   -6700
   -7497
   -7828
   -8035
   -8099
   -8030
   -7827
   -7435
   -6972
   -7147
   -8331
   -9197
   -9055
   -7918
   -6287
   -4824
   -3810
   -3241
   -3001
   -3312
   -4258
   -5405
   -6427
   -6957
   -6970
   -7350
   -8151
   -8489
   -8384
   -8496
   -9522
  -10447
   -9930
   -7682
   -5939
  -10128
  -21783
  -30976
  -35500
  -38785
  -39140
  -31626
  -21261
  -12275
   -1593
   10384
   19246
   25196
   27428
   26271
   23006
   16287
    5260
   -6059
  -16136
  -23899
  -28263
  -29743
  -29036
  -27072
  -23244
  -17595
  -10935
   -4091
    2147
    7132
   10457
   11927
   11527
    9357
    5748
    1142
   -3925
   -8981
  -13574
  -17206
  -19655
  -20530
  -19811
  -17660
  -14277
  -10187
   -6086
   -2357
     861
    3372
    4636
    3654
    -636
   -7284
  -14115
  -19489
  -20431
  -15885
  -10213
   -5212
   -1220
    1311
    2733
    3515
    3168
    1848
     -67
   -2442
   -4981
   -7422
   -9496
  -11033
  -12017
  -12390
  -12288
  -11648
  -10349
   -9159
   -7685
   -5921
   -4172
   -2713
   -1697
   -1217
   -1202
   -1766
   -2763
   -4118
   -5715
   -7429
   -8995
  -10226
  -11018
  -11254
  -10947
  -10159
   -9037
   -7953
   -6821
   -5599
   -4465
   -3551
   -3065
   -2987
   -3273
   -3901
   -4573
   -5242
   -6179
   -7202
   -7943
   -8268
   -8395
   -8358
   -8240
   -8079
   -7677
   -7116
   -6549
   -6032
   -5601
   -5170
   -4853
   -4741
   -4821
   -5078
   -5399
   -5758
   -6154
   -6579
   -6871
   -7025
   -7232
   -7386
   -7393
   -7279
   -7020
   -6738
   -6520
   -6343
   -6176
   -5995
   -5899
   -5860
   -5891
   -5988
   -6013
   -6066
   -6207
   -6373
   -6482
   -6450
   -6446
   -6503
   -6614
   -6734
   -6764
   -6746
   -6726
   -6889
   -7346
   -8071
   -8410
   -7979
   -7616
   -7341
   -6494
   -4791
   -3202
   -2265
   -2271
   -2911
   -3593
   -4441
   -5604
   -6849
   -7878
   -8626
   -9140
   -9390
   -9430
   -9132
   -8517
   -7752
   -6954
   -6277
   -5595
   -5107
   -4928
   -4903
   -5100
   -5362
   -5794
   -6375
   -6933
   -7480
   -7884
   -8100
   -8100
   -7928
   -7677
   -7364
   -6932
   -6442
   -6027
   -5688
   -5357
   -5125
   -5063
   -5183
   -5486
   -5789
   -6024
   -6315
   -6692
   -7067
   -7289
   -7440
   -7442
   -7330
   -7271
   -7144
   -6871
   -6496
   -6067
   -5759
   -5468
   -5139
   -5253
   -5807
   -6501
   -7071
   -7427
   -7688
   -7863
   -7923
   -7797
   -7572
   -7305
   -7027
   -6734
   -6347
   -5976
   -5701
   -5543
   -5596
   -5689
   -5776
   -5989
   -6307
   -6658
   -6889
   -7029
   -7168
   -7266
   -7261
   -7092
   -6863
   -6685
   -6618
   -6584
   -6486
   -6382
   -6365
   -6348
   -6360
   -6320
   -5761
    7899
   37028
   53844
   59068
   55563
   44997
   29119
    9914
  -10429
  -29548
  -45334
  -56318
  -61619
  -61072
  -55115
  -44781
  -31431
  -16422
   -1398
   12050
   19842
   12805
    1570
  -11372
  -30254
  -43200
  -47704
  -41276
  -30712
  -19318
   -7653
    3222
   12320
   18980
   22604
   22952
   20192
   14813
    7667
    -519
   -8809
  -16105
  -21958
  -25843
  -27478
  -26895
  -24322
  -20093
  -14640
   -8626
   -2780
    2277
    6086
    8395
    9027
    7981
    5441
    1662
   -2759
   -7183
  -11321
  -14791
  -17316
  -18514
  -18300
  -17006
  -14779
  -11909
   -8642
   -5282
   -2307
     -20
    1293
    1687
    1400
     229
   -1643
   -3951
   -6384
   -8676
  -10646
  -12154
  -13035
  -13142
  -12529
  -11360
   -9781
   -7955
   -6078
   -4358
   -2894
   -1865
   -1092
    -807
   -1268
   -2433
   -3920
   -5744
   -7750
   -9523
  -10907
  -11702
  -11885
  -11510
  -10438
   -8774
   -7104
   -5184
   -3369
   -2206
   -1707
   -1776
   -2351
   -3289
   -4605
   -6066
   -7483
   -8612
   -9242
   -9688
   -9935
   -9851
   -9446
   -8701
   -7657
   -6666
   -5589
   -4613
   -3539
   -2830
   -2784
   -3830
   -5644
   -7259
   -8685
   -9804
  -10319
  -10241
   -9803
   -9030
   -8016
   -7019
   -6180
   -5316
   -4411
   -3881
   -3752
   -4067
   -4584
   -5239
   -6096
   -7018
   -7947
   -8716
   -9247
   -9502
   -9479
   -9207
   -8663
   -7910
   -7040
   -6183
   -5436
   -4855
   -4448
   -4353
   -4528
   -4904
   -5378
   -6007
   -6712
   -7268
   -7720
   -7989
   -8150
   -8142
   -7807
   -7289
   -6645
   -5963
   -5331
   -4990
   -4971
   -5080
   -5328
   -5849
   -6433
   -6986
   -7459
   -7736
   -7898
   -8001
   -7985
   -7771
   -7402
   -6964
   -6516
   -6165
   -5840
   -5601
   -5521
   -5579
   -5757
   -5838
   -5933
   -6247
   -6553
   -6803
   -7065
   -7252
   -7520
   -7598
   -6852
   -6228
   -6351
   -6601
   -6854
   -7071
   -7072
   -6893
   -6726
   -6620
   -6514
   -6374
   -6215
   -6084
   -6100
   -7413
  -10878
  -12371
  -10600
   -8546
   -9696
  -17242
  -15344
   -7085
    -931
    3552
    6537
    7849
    7426
    5517
    2360
   -1463
   -5564
   -9633
  -13208
  -15986
  -17548
  -17910
  -17110
  -15300
  -12291
  -10507
  -24031
  -34936
  -37913
  -28799
  -11070
    4379
   16058
   16712
    5529
   10131
   16415
   18013
   16314
   12085
    6125
    -792
   -8012
  -13888
  -15370
  -15850
  -16377
  -16254
  -15320
  -13664
  -11450
   -8958
   -6448
   -4184
   -2350
   -1083
    -468
    -586
   -1402
   -2773
   -4489
   -6378
   -8224
   -9839
  -11028
  -11712
  -11865
  -11511
  -10700
   -9535
   -8150
   -6729
   -5423
   -4340
   -3560
   -3146
   -3126
   -3484
   -4172
   -5081
   -6088
   -7121
   -8061
   -8795
   -9258
   -9444
   -9320
   -8918
   -8304
   -7573
   -6791
   -6035
   -5382
   -4900
   -4648
   -4648
   -4863
   -5233
   -5742
   -6341
   -6942
   -7484
   -7919
   -8196
   -8310
   -8260
   -8045
   -7692
   -7277
   -6821
   -6382
   -6015
   -5732
   -5573
   -5552
   -5652
   -5857
   -6156
   -6495
   -6841
   -7167
   -7432
   -7636
   -7722
   -7694
   -7564
   -7354
   -7104
   -6821
   -6530
   -6272
   -6061
   -5939
   -5914
   -5989
   -6132
   -6319
   -6533
   -6772
   -7002
   -7169
   -7251
   -7225
   -7105
   -6976
   -6865
   -6771
   -6701
   -6647
   -6578
   -6500
   -6458
   -6450
   -6458
   -6500
   -6573
   -6643
   -6660
   -6649
   -6689
   -7177
   -7773
   -8255
   -8521
   -8568
   -8289
   -7706
   -7039
   -6399
   -5908
   -5613
  -10513
  -29971
  -44834
  -50602
  -44387
  -23229
   -3438
   11987
   24206
   27166
   27263
   32185
   31034
   25433
   16784
    6236
   -5090
  -16222
  -25112
  -30739
  -33866
  -34331
  -31966
  -27203
  -20620
  -12913
   -4965
    2313
    8170
   12087
   13833
   13303
   10698
    6394
     990
   -4825
  -10425
  -14912
  -17929
  -19571
  -19982
  -19346
  -15923
   -2915
   10091
   12327
   12386
   11468
    7980
    3183
     236
   -1291
   -8975
  -15418
  -20966
  -33980
  -46725
  -51377
  -49870
  -43460
  -33334
  -20856
   -7512
    5239
   16087
   23992
   28315
   28840
   25728
   19492
   10959
    1186
   -8788
  -17896
  -25223
  -30101
  -30962
  -24587
  -15935
   -7574
     223
    6720
   11352
   13759
   13897
   11933
    8130
    2957
   -2965
   -8845
  -14084
  -18264
  -20963
  -22041
  -21452
  -19316
  -16037
  -11974
   -7541
   -3253
     457
    3164
    4692
    4929
    3918
    1870
    -877
   -4094
   -7489
  -10598
  -12515
  -12573
  -12448
  -11993
  -11119
   -9887
   -8453
   -6994
   -5612
   -4434
   -3600
   -3111
   -2895
   -3157
   -3987
   -5244
   -6519
   -7679
   -8623
   -9258
   -9881
  -10265
  -10096
   -9503
   -8681
   -7641
   -6923
   -6042
   -4929
   -4071
   -3643
   -3559
   -3761
   -4286
   -5072
   -5980
   -6906
   -7741
   -8440
   -8925
   -9154
   -9118
   -8825
   -8346
   -7745
   -7087
   -6409
   -5818
   -5389
   -5141
   -5084
   -5231
   -5509
   -5904
   -6363
   -6804
   -7202
   -7530
   -7779
   -7905
   -7887
   -7764
   -7552
   -7265
   -6943
   -6613
   -6301
   -6095
   -5996
   -5959
   -5965
   -6034
   -6178
   -6363
   -6577
   -6782
   -6937
   -7066
   -7167
   -7213
   -7194
   -7137
   -7035
   -6905
   -6767
   -6605
   -6432
   -6278
   -6142
   -6088
   -6124
   -6178
   -6250
   -6366
   -6552
   -6754
   -6926
   -7077
   -7191
   -7250
   -7300
   -7313
   -7172
   -6940
   -6700
   -6489
   -6303
   -6147
   -6049
   -6036
   -6113
   -6257
   -6458
   -6654
   -6840
   -6991
   -7103
   -7213
   -7244
   -7235
   -7215
   -7161
   -6944
   -6661
   -6412
   -6160
   -5962
   -3582
    5678
   12389
   17601
   18754
   13201
    3997
   -7888
  -20688
  -29821
  -34346
  -36116
  -35579
  -33184
  -29320
  -23279
  -15988
   -8190
    -531
    6004
   10858
   13422
   13592
   11964
    9400
    7060
    3572
   -1261
   -5875
  -10372
  -14482
  -17448
  -19098
  -19249
  -17953
  -15542
  -12359
   -8798
   -5046
   -1636
     875
   -4933
  -23974
  -36985
  -42811
  -43329
  -39476
  -32129
  -21368
      24
   25399
   42787
   53350
   58060
   55503
   47079
   33961
   17246
   -1154
  -19210
  -34978
  -46609
  -52378
  -52000
  -46702
  -37671
  -26063
  -13290
    -541
   10803
   19585
   24825
   26305
   24244
   19158
   12182
    3522
   -5961
  -14942
  -22653
  -28473
  -31838
  -32231
  -29397
  -23930
  -14160
     787
    6784
    1991
   -2051
   -4502
   -6415
   -8005
   -9240
  -11380
  -11500
    -150
   34740
   64198
   76815
   77177
   67566
   50117
   27336
    1996
  -23071
  -45218
  -62308
  -72846
  -76135
  -72268
  -62015
  -46817
  -28503
   -9191
    8998
   19851
   13517
    4295
   -3026
   -9205
  -13079
  -12719
  -10778
   -9241
   -7688
   -6138
   -4706
   -3527
   -2693
   -2260
   -2309
   -2949
   -3954
   -5017
   -6161
   -7297
   -8208
   -8948
  -10162
  -11633
  -10933
   -9311
   -7571
   -5900
   -4428
   -3302
   -2631
   -2426
   -2681
   -3312
   -4169
   -5200
   -6346
   -7461
   -8420
   -9181
   -9663
   -9835
   -9660
   -9185
   -8502
   -7675
   -6779
   -5940
   -5251
   -4757
   -4511
   -4519
   -4734
   -5130
   -5684
   -6315
   -6954
   -7519
   -7966
   -8284
   -8399
   -8306
   -8044
   -7676
   -7243
   -6768
   -6325
   -5939
   -5614
   -5421
   -5359
   -5418
   -5608
   -5887
   -6241
   -6627
   -6984
   -7254
   -7434
   -7537
   -7538
   -7429
   -7219
   -6944
   -6671
   -6402
   -6170
   -5996
   -5885
   -5870
   -5950
   -6097
   -6284
   -6488
   -6693
   -6846
   -6962
   -7045
   -7080
   -7050
   -6970
   -6846
   -6717
   -6610
   -6517
   -6449
   -6397
   -6357
   -6353
   -8368
  -17524
  -26181
  -30982
  -32647
  -31475
  -27623
  -21884
  -15069
   -7836
    -918
    4915
    9064
   11308
   11533
    9808
    6490
    2007
   -3171
   -8451
  -13283
  -17139
  -19630
  -20664
  -20267
  -18535
  -15660
  -11970
   -7956
   -4063
    -811
    1552
    2942
    3293
    2629
     952
   -1454
   -4247
   -7119
   -9801
  -12033
  -13602
  -14330
  -14294
  -13533
  -12154
  -10280
   -8074
   -5865
   -3918
   -2453
   -1506
   -1090
   -1286
   -2100
   -3408
   -4998
   -6631
   -8156
   -9477
  -10432
  -10983
  -11051
  -10726
   -9984
   -9031
   -7951
   -6727
   -5636
   -9150
  -20778
  -22822
  -15317
   -8440
   -2587
    2143
    5542
    7441
    7698
    6431
    3867
     428
   -3508
   -7603
  -11403
  -14547
  -16731
  -17738
  -17531
  -16225
  -14080
  -11354
   -8297
   -5228
   -2483
    -393
     911
    1406
    1117
      11
   -1802
   -3999
   -6301
   -8556
  -10480
  -11912
  -12721
  -12788
  -12188
  -10989
   -9406
   -7762
   -6136
   -4570
   -3473
   -2620
   -2293
   -8481
  -18035
    1842
   15020
   10770
    6322
    1416
   -3708
   -8599
  -13016
  -16567
  -18895
  -19915
  -19743
  -18341
  -15701
  -12184
   -8268
   -4398
    -978
    1681
    3276
    3756
    3136
    1367
   -5627
  -18472
  -27284
  -31962
  -33177
  -31280
  -26769
  -20319
  -12724
   -4829
    2486
    8651
   15621
   22528
   25350
   24303
   19889
   12890
    4263
   -4976
  -13828
  -21460
  -27226
  -30626
  -31299
  -29272
  -25015
  -19090
  -12230
   -5241
    1186
    6395
    9932
   11516
   11072
    8835
    5083
     275
   -4981
  -10094
  -14538
  -17874
  -19850
  -20393
  -19444
  -17165
  -13927
  -10190
   -6381
   -2870
      72
    2106
    3064
    2910
    1798
     -55
   -2502
   -7769
  -21410
  -32688
  -38222
  -39311
  -36515
  -30542
  -22310
  -12808
   -3135
    5684
   12774
   17531
   19590
   18849
   15551
   10199
    3481
   -3830
  -10951
  -17141
  -21815
  -24633
  -25437
  -24264
  -21337
  -17004
  -11816
   -6390
   -1298
    2970
    5976
    7483
    7443
    5946
    3232
    -335
   -4352
   -8354
  -11925
  -14743
  -16564
  -17238
  -16770
  -15284
  -12985
  -10151
   -7163
   -4341
   -1926
    -138
     875
    1040
     389
    -964
   -2824
   -4962
   -7150
   -9167
  -10811
  -11929
  -12417
  -12294
  -11603
  -10428
   -8923
   -7283
   -5682
   -4303
   -3254
   -2611
   -2434
   -2700
   -3370
   -4349
   -5519
   -6750
   -7884
   -8817
   -9473
   -9811
   -9810
   -9464
   -8820
   -7972
   -7066
   -6182
   -5401
   -4816
   -4451
   -4330
   -4436
   -4773
   -5294
   -5897
   -6551
   -7220
   -7782
   -8199
   -8451
   -8493
   -8346
   -8050
   -7646
   -7172
   -6673
   -6194
   -5789
   -5514
   -5386
   -5396
   -5561
   -5850
   -6221
   -6619
   -6993
   -7319
   -7571
   -7703
   -7730
   -7664
   -7503
   -7253
   -6980
   -6692
   -6420
   -6189
   -6007
   -5897
   -5828
   -5737
   -4450
   -2175
    -565
     122
      15
    -815
   -2180
   -3909
   -5797
   -7663
   -9372
  -10713
  -11487
  -11660
  -11307
  -10548
   -9459
   -8025
   -6477
   -5057
   -3897
   -3084
   -2658
   -2655
   -3062
   -3818
   -4831
   -5938
   -7019
   -8033
   -8970
   -9630
   -9816
   -9514
   -8966
   -8249
   -7410
   -6506
   -5628
   -4876
   -4366
   -4129
   -4114
   -4402
   -5212
   -6334
   -7463
   -8356
   -8863
   -8272
   -6321
   -4384
   -2944
   -1955
   -1569
   -1868
   -2684
   -3663
   -4868
   -6580
   -8430
   -9725
  -10320
  -10544
  -10440
  -10006
   -9219
   -8221
   -7153
   -6132
   -5265
   -4583
   -4078
   -3896
   -4022
   -4423
   -5025
   -5708
   -6483
   -7247
   -7933
   -8483
   -8769
   -8852
   -8690
   -8300
   -7747
   -7087
   -6456
   -5891
   -5471
   -5201
   -5061
   -5153
   -5376
   -5769
   -6277
   -6642
   -6950
   -7232
   -7493
   -7532
   -7161
   -6692
   -6201
   -5803
   -5524
   -5281
   -5257
   -5432
   -5830
   -6313
   -6763
   -7165
   -7377
   -7478
   -7535
   -7465
   -7350
   -7236
   -7086
   -6914
   -6703
   -6523
   -6339
   -6142
   -6036
   -5988
   -5986
   -6032
   -6236
   -6450
   -6620
   -6834
   -7056
   -7254
   -7397
   -7379
   -7281
   -7126
   -6978
   -6840
   -6686
   -6529
   -6427
   -6379
   -6379
   -6406
   -6463
   -6552
   -6682
   -6842
   -6951
   -6999
   -6985
   -6927
   -6881
   -6768
   -6626
   -6542
   -6477
   -6394
   -6218
   -6078
   -6003
   -5914
   -5761
   -5668
   -5842
   -6400
   -6983
   -7406
   -7660
   -7823
   -7459
   -6627
   -5767
   -5202
   -4944
   -4966
   -2051
    6333
    1992
   -2269
   -5930
   -9724
  -12985
  -14982
  -16099
  -16425
  -15842
  -16412
  -10083
    2152
   10207
   14910
   16602
   13996
    5329
   -4026
  -12490
  -19720
  -25038
  -28108
  -28870
  -27297
  -23657
  -18596
  -12632
   -6435
    -696
    4404
     921
   -9096
  -15357
  -18848
  -20213
  -19748
  -17739
  -14533
  -10565
   -6317
   -2269
    1181
    3707
    5101
    5279
    4264
    2227
    -538
   -3720
   -6972
   -9949
  -12378
  -14019
  -14793
  -14655
  -13677
  -11989
   -9835
   -7471
   -5180
   -3182
   -1660
    -710
    -425
    -801
   -1727
   -3116
   -4787
   -6553
   -8231
   -9643
  -10626
  -11118
  -11128
  -10693
   -9853
   -8752
   -7517
   -6261
   -5117
   -4201
   -3577
   -3327
   -3467
   -3906
   -4591
   -5443
   -6363
   -7252
   -8033
   -8611
   -8958
   -9048
   -8873
   -8472
   -7912
   -7259
   -6590
   -5969
   -5457
   -5111
   -4946
   -4963
   -5152
   -5490
   -5950
   -6448
   -6948
   -7400
   -7754
   -7978
   -8038
   -7958
   -7742
   -7444
   -7077
   -6689
   -6357
   -6077
   -5857
   -5736
   -5702
   -5036
    1319
    7886
    7412
    5800
    3300
    -134
   -4021
   -7873
  -11293
  -14052
  -15905
  -16725
  -16432
  -15106
  -13006
  -10424
   -7607
   -4811
   -2323
    -473
     530
     758
     287
    -824
   -2489
   -4532
   -6723
   -8725
  -10390
  -11608
  -12226
  -12274
  -11699
  -10595
   -9184
   -7669
   -6108
   -4623
   -3404
   -2676
   -2486
   -2679
   -3238
   -4083
   -5200
   -6466
   -7515
   -8311
   -8808
   -9011
   -8953
   -8652
   -8108
   -7428
   -6727
   -6082
   -5535
   -5083
   -4777
   -4744
   -4935
   -5239
   -5578
   -6000
   -6491
   -7001
   -7490
   -7787
   -7900
   -7864
     436
   27456
   45688
   43717
   22712
     874
  -18493
  -34598
  -46550
  -53562
  -55318
  -52074
  -44400
  -33395
  -20439
   -6896
    5827
   16504
   24133
   28066
   28088
   24556
   18052
    9431
    -369
  -10255
  -19191
  -26247
  -30793
  -32571
  -31566
  -28082
  -22550
  -15649
   -8247
   -1134
    4945
    9520
   12217
   12766
   11240
    7933
    3381
   -1922
   -7429
  -12546
  -16760
  -19625
  -20955
  -20812
  -19373
  -16621
  -12885
   -8722
   -4633
   -1026
    1760
    3564
    4227
    3604
    1860
    -565
   -3405
   -6379
   -9257
  -11777
  -13607
  -14572
  -14700
  -14024
  -12656
  -10781
   -8540
   -6241
   -4154
   -2489
   -1416
    -895
    -950
   -1634
   -2797
   -4311
   -5958
   -7546
   -8986
  -10102
  -10819
  -11052
  -10742
  -10017
   -9060
   -7976
   -6727
   -5483
   -4450
   -3762
   -3456
   -3451
   -3718
   -4253
   -5020
   -5965
   -6901
   -7694
   -8348
   -8820
   -9070
   -9025
   -8748
   -8284
   -7661
   -7029
   -6345
   -5712
   -5251
   -4966
   -4897
   -4925
   -5097
   -5463
   -5972
   -6531
   -7055
   -7493
   -7809
   -7923
   -7943
   -7871
   -7651
   -7373
   -7041
   -7367
  -10385
  -20125
  -35299
  -42433
  -36795
  -20179
   -4957
    8164
   18646
   25728
   29159
   38803
   62497
   48538
    6713
  -27428
  -52896
  -70511
  -79819
  -80616
  -73450
  -59632
  -41027
  -19884
    1458
   20790
   36215
   46330
   50393
   48357
   40828
   28889
   14079
   -1956
  -17476
  -30857
  -40890
  -46754
  -48057
  -44984
  -38109
  -28357
  -16945
   -5141
    5815
   14846
   21130
   24152
   23799
   20321
   14276
    6439
   -2258
  -10858
  -18517
  -24491
  -28240
  -29529
  -28371
  -25046
  -20005
  -13878
   -7388
   -1245
    3968
    7771
    9845
   10080
    8555
    5550
    1460
   -3228
   -8002
  -12340
  -15833
  -18194
  -19198
  -18861
  -17292
  -14724
  -11472
   -7907
   -4429
   -1411
     899
    2300
    2670
    2032
     551
   -1576
   -4086
   -6723
   -9196
  -11243
  -12695
  -13439
  -13411
  -12689
  -11390
   -9684
   -7754
   -5857
   -4168
   -2842
   -1977
   -1664
   -1905
   -2604
   -3686
   -5013
   -6414
   -7761
   -8907
   -9741
  -10237
  -10351
  -10083
   -9495
   -8631
   -7607
   -6532
   -5510
   -4667
   -4082
   -3814
   -3867
   -4192
   -4732
   -5463
   -6292
   -7109
   -7847
   -8430
   -8806
   -8927
   -8822
   -8513
   -8020
   -7396
   -6715
   -6077
   -5545
   -5163
   -4974
   -4974
   -5139
   -5447
   -5859
   -6335
   -6802
   -7260
   -7641
   -7890
   -7988
   -7917
   -7731
   -7470
   -7135
   -6767
   -6423
   -6117
   -5886
   -5740
   -5711
   -5802
   -5976
   -6232
   -6530
   -6829
   -7103
   -7333
   -7464
   -7495
   -7433
   -7262
   -7015
   -6748
   -6492
   -6282
   -6144
   -6074
   -6064
   -6105
   -6208
   -6366
   -6551
   -6729
   -6876
   -6992
   -7080
   -7114
   -7068
   -6996
   -6901
   -6807
   -6726
   -6649
   -6585
   -6546
   -6497
   -6451
   -6464
   -6508
   -6559
   -6628
   -6685
   -6717
   -6739
   -6771
   -6782
   -6750
   -6733
   -6715
   -6704
   -6683
   -6670
   -6680
   -6679
   -6674
   -6675
   -6668
   -6636
   -6541
   -4488
    9664
   35143
   47237
   36759
   16893
   -1776
  -18811
  -33236
  -44007
  -50188
  -51399
  -47876
  -40271
  -29683
  -17379
   -4640
    7142
   16808
   23453
   26578
   26070
   22243
   15695
    7228
   -2139
  -11414
  -19568
  -25831
  -29756
  -31071
  -29821
  -26195
  -20703
  -14106
   -7149
    -565
    5035
    9141
   11376
   11644
    9970
    6678
    2241
   -2896
   -8185
  -12943
  -16696
  -19150
  -20167
  -19717
  -17981
  -15136
  -11543
   -7702
   -4017
    -767
    1726
    3245
    3652
    2933
    1238
   -1094
   -3841
   -6773
   -9534
  -11842
  -13433
  -14191
  -14206
  -13489
  -12011
  -10026
   -7770
   -5572
   -3634
   -2170
   -1269
    -909
   -1130
   -1861
   -3061
   -4443
    2867
   30308
   49300
   55687
   45287
   15042
  -14917
  -40070
  -59586
  -72223
  -77178
  -74546
  -65070
  -50218
  -31777
  -11836
    7409
   24023
   36408
   43590
   45195
   41317
   32686
   20480
    6205
   -8471
  -22062
  -33204
  -41049
  -45385
  -45652
  -41324
  -33366
  -23157
  -11850
    -638
    9268
   16889
   21573
   23048
   21427
   17010
   10416
    2434
   -5945
  -13939
  -20820
  -25810
  -28511
  -28723
  -26550
  -22396
  -16891
  -10693
   -4413
    1258
    5760
    8729
    9861
    9132
    6850
    3365
   -1001
   -5713
  -10120
  -17474
  -27451
  -33105
  -34695
  -32922
  -28348
  -20733
   -8720
    3231
   12943
   19892
   23569
   23865
   20968
   15432
    7999
    -484
   -9099
  -16998
  -23335
  -27849
  -39153
  -58337
  -66993
  -66055
  -57955
  -44461
  -27514
   -9164
    8557
   23820
   35151
   41554
   42706
   38851
   30689
   19304
    6062
   -7568
  -20192
  -30593
  -37860
  -41374
  -41003
  -37055
  -30198
  -21379
  -11632
   -1917
    6816
   13701
   18077
   19651
   18421
   14648
    8896
    1896
   -5534
  -12598
  -18629
  -23069
  -25543
  -25932
  -24303
  -20919
  -16232
  -10839
   -5377
    -371
    3704
    6469
    7731
    7421
    5681
    2766
    -929
   -4991
   -8983
  -12487
  -15150
  -16787
  -17278
  -16614
  -14961
  -12545
   -9648
   -6653
   -3864
   -1551
      54
     879
     887
     132
   -1281
   -3143
   -5231
   -7322
   -9222
  -10750
  -11771
  -12207
  -12037
  -11342
  -10168
   -8645
   -7037
   -5517
   -4202
   -3235
   -2677
   -2573
   -2894
   -3586
   -4568
   -5706
   -6863
   -7948
   -8832
   -9432
   -9678
   -9567
   -9200
   -8611
   -7885
   -7070
   -6260
   -5555
   -5015
   -4678
   -4575
   -4692
   -5024
   -5500
   -6083
   -6707
   -7163
   -5445
   -1870
     456
    1530
    1617
     877
    -525
   -2530
   -4805
   -6986
   -9003
  -10724
  -11961
  -12488
  -12294
  -11511
  -10297
   -8797
   -7097
   -5426
   -4010
   -2933
   -2329
   -2173
   -2421
   -3052
   -3925
   -5071
   -6332
   -7493
   -8446
   -9153
   -9593
   -9698
   -9427
   -9010
  -13542
  -22297
  -18250
  -11837
   -6291
   -1425
    2323
    4891
    6205
    6129
    4755
    2309
    -878
   -4394
   -7885
  -11028
  -13584
  -15191
  -15616
  -15026
  -13817
  -12060
   -9784
   -7239
   -4732
   -2576
   -1016
     -47
     278
    -135
   -1211
   -2764
   -4668
   -6396
    -984
   13843
   22472
   25115
   23360
   18137
   10319
     740
   -9457
  -18954
  -26692
  -31958
  -34362
  -33870
  -32069
  -34109
  -34739
  -31250
  -24990
  -15883
    3315
   24577
   38028
   44724
   45180
   39953
   30028
   16740
    1765
  -13232
  -26690
  -37271
  -44039
  -46545
  -44850
  -39441
  -30968
  -20494
   -9274
    1457
   10615
   17394
   21260
   21968
   19645
   14710
    7855
    -114
   -8305
  -15860
  -22022
  -26231
  -28191
  -27810
  -25244
  -20915
  -15380
   -9287
   -3325
    1928
    5950
    8400
    9158
    8255
    5849
    2271
   -2031
   -6590
  -10879
  -14473
  -17037
  -18367
  -18423
  -17259
  -15061
  -12153
   -8851
   -5530
   -2522
    -123
    1468
    2137
    1826
     616
   -1282
   -3594
   -6087
   -8515
  -10620
  -12190
  -13075
  -13246
  -12731
  -11627
  -10117
   -8355
   -6499
   -4788
   -3384
   -2404
   -1932
   -1983
   -2492
   -3378
   -4549
   -5875
   -7203
   -8400
   -9334
   -9923
  -10141
  -10006
   -9538
   -8795
   -7859
   -6848
   -5864
   -5019
   -4371
   -3998
   -3932
   -4131
   -4568
   -5205
   -5987
   -6813
   -7535
   -8119
   -8562
   -8826
   -8831
   -8611
   -8214
   -7691
   -7252
   -7576
   -7440
   -6921
   -6621
   -6441
   -6423
   -6590
   -7110
   -8255
  -17560
  -27975
  -22697
  -14386
   -6641
    -440
    4382
    7633
    9130
    8842
    6953
    3740
    -362
   -4884
   -9333
  -13238
  -16238
  -18079
  -18633
  -17924
  -16084
  -13368
  -10141
   -6764
   -3608
    -936
     973
    1951
    1954
    1072
    -547
   -2680
   -5107
   -7569
   -9813
  -11592
  -12738
  -13188
  -12952
  -12100
  -10752
   -9063
   -7236
   -5463
   -3915
   -2764
   -2089
   -1934
   -2278
   -3045
   -4141
   -5457
   -6830
   -8112
   -9163
   -9860
  -10194
  -10144
   -9768
   -9099
   -8177
   -7153
   -6168
   -5300
   -4637
   -4214
   -4054
   -4168
   -4515
   -5045
   -5709
   -6432
   -7129
   -7765
   -8252
   -8548
   -8621
   -8478
   -8132
   -7669
   -7168
   -6681
   -6223
   -5837
   -5542
   -5378
   -5392
   -5542
   -5823
   -6199
   -6592
   -6987
   -7339
   -7594
   -7702
   -7700
   -7587
   -7406
   -7203
   -6942
   -6683
   -6435
   -6236
   -6090
   -6002
   -5992
   -6057
   -6167
   -6335
   -6533
   -6733
   -6906
   -7032
   -7484
   -9759
  -12125
  -13372
  -13707
  -13324
  -12378
  -10908
   -9056
   -7193
   -5464
   -3873
   -2698
   -1970
   -1869
   -2389
   -3316
   -4485
   -5794
   -7154
   -8476
   -9534
  -10197
  -10437
  -10294
   -9853
   -9107
   -8101
   -6974
   -5970
   -5168
   -4627
   -4287
   -4169
   -4391
   -4885
   -5606
   -6378
   -7150
   -7829
   -8313
   -8637
   -8713
   -8478
   -8090
   -7665
   -7228
   -6736
   -6072
     231
   21024
   36129
   41874
   40807
   34207
   23373
    9808
   -4887
  -19096
  -31955
  -48130
  -62842
  -68818
  -64997
  -52779
  -33780
  -13993
    4547
   20485
   32461
   39542
   41365
   38052
   30249
   19074
    5889
   -7848
  -20673
  -31459
  -42692
  -54442
  -60070
  -59351
  -52827
  -41695
  -27571
  -10875
    8354
   24476
   35511
   41443
   42025
   37557
   28813
   16929
    2210
  -14973
  -30361
  -42143
  -48265
  -47977
  -43937
  -38045
  -30507
  -20804
   -9986
    2815
   23414
   41346
   50356
   51863
   46768
   36199
   21669
    4991
  -12010
  -27559
  -40108
  -48520
  -52166
  -50967
  -46303
  -43694
  -39493
  -31237
  -20745
   -9671
     668
    9368
   16392
   24895
   37469
   43294
   41784
   34698
   23435
    9562
   -5478
  -21224
  -34956
  -44770
  -52558
  -70252
  -85023
  -85627
  -75880
  -58687
  -36687
  -12598
   10900
   31395
   46935
   58870
   72286
   84890
   91323
   71605
   41348
    9617
  -21604
  -49271
  -70716
  -84137
  -88690
  -84604
  -72819
  -54946
  -33073
   -9857
   12049
   30620
   44400
   52233
   53383
   48053
   37246
   22598
    5848
  -11142
  -26681
  -39445
  -48167
  -51836
  -50475
  -44736
  -35465
  -23797
