  -36104
 -105399
 -171854
 -232216
 -284302
 -326745
 -359185
 -384069
 -408440
 -434812
 -454936
 -466433
 -476814
 -489966
 -504923
 -522653
 -542829
 -565892
 -590708
 -614614
 -634253
 -646349
 -649557
 -643584
 -628169
 -604622
 -575010
 -541923
 -507976
 -475785
 -447061
 -422821
 -403483
 -388825
 -377797
 -368586
 -359240
 -347776
 -332580
 -312521
 -287033
 -256549
 -222420
 -186364
 -150298
 -116312
  -86440
  -61909
  -43456
  -30991
  -23919
  -21215
  -21177
  -21990
  -21986
  -19727
  -14410
   -5855
    5479
   18492
   31844
   44018
   53643
   59613
   59880
   53603
   41735
   24849
    2819
  -23034
  -49757
  -75638
  -98916
 -117362
 -130414
 -138697
 -144547
 -149372
 -151259
 -142571
 -122583
 -101123
  -96631
 -129796
 -201044
 -301672
 -419739
 -539945
 -646683
 -727418
 -773827
 -783523
 -758949
 -706787
 -635948
 -557348
 -482718
 -422723
 -385466
 -375196
 -391881
 -431012
 -484379
 -541044
 -587719
 -609736
 -602046
 -566257
 -502264
 -414579
 -309549
 -194197
  -81492
   16808
  104955
  185151
  248115
  284255
  291618
  278963
  260952
  238329
  212660
  202829
  210661
  224590
  254511
  313427
  363250
  366490
  317257
  221059
   89827
  -61382
 -215862
 -357721
 -474061
 -556885
 -603742
 -617074
 -603190
 -571217
 -532068
 -496624
 -474643
 -472873
 -494235
 -537519
 -597513
 -665228
 -729383
 -778170
 -800986
 -790114
 -742216
 -658594
 -544480
 -408166
 -260074
 -111344
   26879
  145013
  236514
  298517
  331493
  337951
  324035
  298664
  271391
  250697
  243170
  251675
  275105
  310616
  352028
  391757
  439212
  490729
  508783
  472950
  389035
  255700
   65999
 -171196
 -424732
 -661234
 -855649
 -992528
-1066429
-1080662
-1046243
 -978010
 -893049
 -808777
 -737383
 -683969
 -669189
 -699409
 -778270
 -895743
-1031286
-1160452
-1256734
-1298620
-1268345
-1115532
 -818512
 -445958
  -71362
  249915
  475229
  577710
  549337
  397975
  147171
 -166121
 -499156
 -806221
-1046979
-1199033
-1251479
-1219047
-1130435
-1012780
 -894409
 -806746
 -777655
 -825551
 -958222
-1170495
-1446171
-1759085
-2074881
-2355763
-2564774
-2674956
-2674743
-2566084
-2359956
-2076138
-1737573
-1368775
 -998764
 -656768
 -360951
 -116981
   80455
  239921
  358298
  461604
  594912
  796992
 1091285
 1481165
 1951319
 2465773
 2962877
 3400002
 3767132
 4060659
 4275390
 4406938
 4456260
 4432374
 4352176
 4238815
 4119476
 4020599
 3960757
 3947103
 3977129
 4040461
 4120983
 4198224
 4249495
 4251588
 4182734
 4025813
 3771396
 3419158
 2977656
 2463643
 1900927
 1317444
  740912
  194238
 -307536
 -758385
-1160594
-1521845
-1853927
-2170499
-2485648
-2811928
-3157821
-3526230
-3912609
-4306286
-4690974
-5046157
-5349957
-5582077
-5727449
-5778350
-5734683
-5603270
-5395935
-5127927
-4816396
-4478840
-4130665
-3783693
-3444973
-3115964
-2792775
-2467285
-2128760
-1765759
-1369069
 -933781
 -460493
   44345
  569778
 1101552
 1623363
 2118459
 2571164
 2968479
 3301251
 3565299
 3761629
 3895898
 3977718
 4019103
 4032295
 4027796
 4012805
 3990334
 3959296
 3915116
 3850992
 3758822
 3630421
 3458645
 3238923
 2970120
 2654825
 2299548
 1914302
 1511432
 1104225
  705191
  324777
  -29776
 -355006
 -651137
 -921445
-1171393
-1407442
-1636188
-1863095
-2091945
-2323875
-2556759
-2785639
-3003258
-3201138
-3370096
-3501328
-3588674
-3629121
-3623332
-3574640
-3489091
-3374432
-3238834
-3090793
-2937168
-2782859
-2630629
-2480920
-2331439
-2178181
-2015739
-1838409
-1641574
-1422499
-1180821
 -918858
 -641353
 -354890
  -67194
  213699
  480247
  726328
  947732
 1142441
 1310687
 1454993
 1579659
 1689709
 1790163
 1885139
 1977052
 2066450
 2152068
 2230692
 2297893
 2348581
 2377861
 2381478
 2356499
 2301671
 2217619
 2106802
 1973465
 1822976
 1661185
 1493670
 1324982
 1158181
  994606
  833934
  674527
  513771
  348621
  176039
   -6084
 -198826
 -402075
 -613980
 -831119
-1048912
-1262009
-1465085
-1653245
-1822626
-1970785
-2096501
-2200225
-2283759
-2349449
-2400120
-2438480
-2466510
-2485812
-2496637
-2498009
-2487996
-2464013
-2423063
-2362168
-2279210
-2173031
-2043899
-1893254
-1723709
-1538604
-1342128
-1138941
 -933111
 -728156
 -526744
 -330643
 -140668
   43215
  221935
  396757
  568665
  738321
  905577
 1069344
 1227685
 1378100
 1517350
 1642054
 1749126
 1835633
 1899687
 1940295
 1957544
 1952543
 1927317
 1884404
 1826394
 1755916
 1674997
 1585090
 1487193
 1381470
 1267457
 1144495
 1011709
  868416
  714524
  550277
  376648
  195330
    8793
 -180215
 -368718
 -553460
 -731657
 -900873
-1059359
-1206018
-1340337
-1462362
-1572751
-1672268
-1761561
-1841312
-1911631
-1972203
-2022285
-2060793
-2086172
-2096800
-2091277
-2068712
-2028639
-1971228
-1897283
-1808045
-1705549
-1591849
-1469040
-1339340
-1204807
-1067016
 -926911
 -785203
 -642201
 -497980
 -352567
 -205839
  -58120
   89777
  236853
  381654
  522360
  656935
  783184
  899194
 1003382
 1094336
 1171291
 1233871
 1282301
 1317310
 1339806
 1350766
 1351148
 1341606
 1322494
 1294398
 1257335
 1211032
 1155074
 1089012
 1012693
  926230
  829897
  724510
  611224
  491274
  366307
  238018
  108261
  -21265
 -149233
 -274670
 -396796
 -514925
 -628943
 -738827
 -844523
 -945947
-1042770
-1134600
-1220860
-1300601
-1372937
-1436547
-1490013
-1532792
-1564401
-1584327
-1592192
-1588071
-1572029
-1544378
-1507249
-1462428
-1410593
-1352212
-1287525
-1216642
-1139567
-1056437
 -967265
 -871974
 -770670
 -663992
 -552849
 -438368
 -322035
 -205247
  -89778
   22931
  131743
  235470
  333365
  424861
  509740
  587955
  659498
  724500
  782959
  834873
  880100
  918370
  949234
  972119
  985195
  986040
  974709
  952264
  919865
  878963
  830652
  775608
  714814
  648905
  578572
  504360
  426352
  344612
  259345
  170827
   79290
  -14927
 -111249
 -208729
 -306604
 -404210
 -500191
 -593174
 -682402
 -766995
 -846109
 -918978
 -985365
-1045233
-1098421
-1145032
-1185254
-1219101
-1246322
-1266728
-1280014
-1285817
-1283878
-1273768
-1255178
-1228002
-1192299
-1148271
-1096348
-1037322
 -971955
 -901051
 -825463
 -746054
 -663385
 -578327
 -491695
 -404448
 -317036
 -229611
 -142421
  -55985
   29207
  112723
  194039
  272438
  347176
  417419
  482260
  541024
  593053
  637566
  674165
  702647
  722928
  735139
  739620
  736708
  726675
  710104
  687316
  658381
  623512
  582875
  536579
  484897
  427793
  365296
  297886
  226167
  150879
   72887
   -6887
  -87491
 -168202
 -248548
 -327912
 -405429
 -480396
 -552391
 -620929
 -685597
 -746167
 -802320
 -853922
 -900658
 -942205
 -978246
-1008364
-1032269
-1049680
-1060255
-1063780
-1060318
-1049910
-1032749
-1009213
 -979612
 -863382
 -256947
   -1012
       7
       9
      11
      12
      12
      12
       9
      12
      10
       8
       9
      14
      12
      15
      11
      11
      12
      14
   30277
  155285
  287925
  393064
  437718
  458845
  474665
  485215
  490599
  490784
  485450
  474893
  459558
  439561
  415013
  386089
  352732
  314952
  272901
  226901
  177526
  125371
   70901
   14870
  -42141
  -99558
 -156857
 -213664
 -269625
 -324399
 -377628
 -429148
 -478867
 -526740
 -572428
 -615626
 -656054
 -693353
 -727063
 -756770
 -782121
 -802932
 -818937
 -830061
 -836186
 -837220
 -833162
 -824282
 -810907
 -793382
 -771859
 -746560
 -717891
 -686204
 -651491
 -613903
 -573679
 -531024
 -486104
 -439182
 -390563
 -340626
 -289750
 -238479
 -187369
 -136892
  -87515
  -39659
   20522
   82032
   92790
  128638
  163965
  196206
  225214
  250859
  272895
  291151
  305453
  315694
  321832
  325172
  326991
  315781
  303893
  288597
  269085
  254952
  253713
  231462
  203426
  173891
  143294
  111989
   76786
   16811
   -1333
  -26486
  -49607
  -82888
 -116960
 -151712
 -186876
 -222130
 -256974
 -290652
 -322463
 -351676
 -377826
 -400727
 -420196
 -436223
 -448980
 -458742
 -465896
 -470680
 -473293
 -473830
 -472367
 -468836
 -462989
 -454591
 -443454
 -429384
 -412227
 -392005
 -368987
 -343409
 -315529
 -285835
 -254854
 -223070
 -190953
 -158937
 -127352
  -96423
  -66191
  -36668
   -8007
   19741
   46673
   72823
   98110
  122348
  145223
  166458
  185745
  201226
  188273
  176723
  185742
  192126
  195071
  194569
  190811
  183947
  174213
  161659
  146422
  128704
  108602
   86157
   61760
   35546
    7487
  -22214
  -53403
  -85789
 -119105
 -153109
 -187534
 -222065
 -256348
 -290022
 -322755
 -354312
 -384458
 -413066
