 -120513
  -96212
  -67220
  -36932
   -4726
   20188
   32844
   34247
   17107
   -9777
  -41456
  -78109
 -121001
 -147382
 -150505
 -137127
 -108099
  -66692
  -21518
   21768
   58246
   82470
   91778
   85213
   63706
   30432
  -10645
  -54667
  -96250
 -131002
 -155699
 -168725
 -169825
 -160423
 -143285
 -121828
  -99932
  -81119
  -68315
  -63151
  -66301
  -77011
  -93540
 -113311
 -133284
 -150719
 -163318
 -169807
 -169728
 -163811
 -153740
 -141656
 -129929
 -121054
 -116848
 -118428
 -126128
 -139100
 -155951
 -174294
 -191271
 -204281
 -211003
 -209898
 -200458
 -183149
 -159681
 -132135
 -102997
  -75220
  -51243
  -32918
  -21574
  -17303
  -19246
  -25878
  -35016
  -44080
  -50732
  -52987
  -49630
  -40227
  -25257
   -5886
   15945
   38043
   58225
   74481
   85087
   89003
   86168
   77188
   63352
   46594
   28842
   11729
   -3095
  -14478
  -22110
  -26339
  -28026
  -28287
  -28552
  -30385
  -35047
  -43237
  -55424
  -71209
  -89932
 -110363
 -130989
 -150294
 -166727
 -179263
 -187310
 -190881
 -190554
 -187177
 -181916
 -176031
 -170849
 -167339
 -166196
 -167575
 -171081
 -175821
 -180574
 -184435
 -186163
 -184845
 -179915
 -171042
 -158485
 -143022
 -125693
 -107686
  -90225
  -74342
  -60878
  -50374
  -42954
  -38341
  -35974
  -34848
  -34140
  -33088
  -30778
  -26574
  -20331
  -12319
   -3178
    6304
   15205
   22742
   28306
   31267
   31289
   28348
   22908
   15501
    6816
   -2328
  -10906
  -18397
  -24288
  -28397
  -31003
  -32533
  -33533
  -34642
  -36723
  -40468
  -46057
  -53564
  -62737
  -73281
  -84609
  -95810
 -106225
 -115241
 -122297
 -127222
 -130076
 -131167
 -130919
 -129904
 -128752
 -127948
 -127887
 -128891
 -130884
 -133809
 -137264
 -140905
 -144189
 -146478
 -147290
 -146374
 -143423
 -138623
 -132368
 -124960
 -116901
 -108899
 -101491
  -95076
  -90010
  -86222
  -83549
  -81642
  -80070
  -78195
  -75700
  -72469
  -68132
  -62566
  -55897
  -48594
  -41184
  -34019
  -27594
  -22220
  -18077
  -15227
  -13649
  -13185
  -13687
  -14810
  -16188
  -17352
  -18324
  -19181
  -19723
  -20038
  -20236
  -20604
  -21412
  -23039
  -25632
  -29241
  -33874
  -39423
  -45695
  -52524
  -59531
  -66373
  -72817
  -78665
  -83591
  -87746
  -91339
  -94452
  -97194
  -99914
 -102724
 -105861
 -109541
 -113646
 -117784
 -121733
 -125396
 -128698
 -131265
 -133023
 -133978
 -133971
 -133042
 -131243
 -128718
 -125552
 -121943
 -118232
 -114568
 -111050
 -107756
 -104699
 -101639
  -98513
  -95302
  -91841
  -88062
  -83938
  -79396
  -74487
  -69160
  -63582
  -58044
  -52669
  -47615
  -43130
  -39236
  -36072
  -33526
  -31463
  -29840
  -28513
  -27384
  -26367
  -25330
  -24212
  -23033
  -21930
  -20873
  -20252
  -20401
  -21656
  -24010
  -27351
  -31500
  -36498
  -42016
  -47652
  -53207
  -58427
  -63203
  -67340
  -70903
  -74200
  -77233
  -80146
  -82908
  -85740
  -88780
  -92113
  -95742
  -99471
 -103245
 -106897
 -110351
 -113369
 -115789
 -117622
 -118816
 -119284
 -118982
 -118027
 -116578
 -114692
 -112573
 -110392
 -108272
 -106283
 -104397
 -102491
 -100482
  -98242
  -95593
  -92576
  -89265
  -85706
  -81875
  -77860
  -73755
  -69762
  -66021
  -62639
  -59590
  -56871
  -54509
  -52355
  -50402
  -48715
  -47149
  -45623
  -43958
  -42352
  -40735
  -39260
  -37995
  -36987
  -36302
  -36072
  -36380
  -37058
  -38216
  -39881
  -42067
  -44680
  -47406
  -50028
  -52455
  -54794
  -56928
  -58866
  -60639
  -62351
  -64160
  -65959
  -67893
  -69920
  -72169
  -74629
  -77337
  -80277
  -83276
  -86134
  -88736
  -91150
  -93210
  -94784
  -95905
  -96714
  -97261
  -97794
  -98236
  -98597
  -98835
  -98978
  -99014
  -99065
  -98989
  -98833
  -98512
  -97856
  -96923
  -95691
  -94007
  -91964
  -89696
  -87258
  -84761
  -82354
  -80082
  -77855
  -75584
  -73357
  -71311
  -69375
  -67325
  -65185
  -63077
  -60945
  -58820
  -56587
  -54415
  -52286
  -50282
  -48408
  -46783
  -45475
  -44396
  -43622
  -43150
  -43062
  -43329
  -43732
  -44411
  -45333
  -46400
  -47557
  -48819
  -50228
  -51832
  -53747
  -55751
  -57840
  -60264
  -62840
  -65525
  -68489
  -71436
  -74100
  -76688
  -79073
  -81169
  -83100
  -84924
  -86606
  -88304
  -89993
  -91453
  -92760
  -93888
  -94880
  -95741
  -96472
  -97113
  -97493
  -97773
  -97877
  -97682
  -97198
  -96394
  -95467
  -94267
  -92827
  -91219
  -89572
  -87869
  -85930
  -83915
  -81874
  -79912
  -77799
  -75597
  -73457
  -71341
  -69238
  -67173
  -65040
  -62971
  -60978
  -59143
  -57500
  -55991
  -54696
  -53673
  -52843
  -52064
  -51386
  -50801
  -50380
  -50154
  -50146
  -50269
  -50598
  -51143
  -51818
  -52635
  -53611
  -54869
  -56440
  -58033
  -59742
  -61481
  -63229
  -65055
  -66859
  -68772
  -70608
  -72426
  -74350
  -76053
  -77666
  -79168
  -80505
  -81760
  -82928
  -84096
  -85061
  -85739
  -86337
  -86926
  -87322
  -87526
  -87654
  -87790
  -87752
  -87469
  -86899
  -86250
  -85590
  -84930
  -84252
  -83719
  -83094
  -82387
  -81654
  -80777
  -79678
  -78611
  -77501
  -76318
  -75072
  -73698
  -72354
  -71178
  -70071
  -68981
  -67802
  -66598
  -65461
  -64497
  -63530
  -62514
  -61486
  -60527
  -59543
  -58561
  -57735
  -57150
  -56873
  -56762
  -56660
  -56553
  -56556
  -56563
  -56720
  -57174
  -57881
  -58821
  -59825
  -60846
  -61845
  -62768
  -63641
  -64481
  -65377
  -66320
  -67335
  -68304
  -69332
  -70284
  -71203
  -72144
  -73145
  -74400
  -75806
  -77275
  -78588
  -79740
  -80810
  -81763
  -82535
  -83146
  -83615
  -83955
  -84169
  -84437
  -84682
  -84725
  -84595
  -84441
  -84096
  -83412
  -82567
  -81709
  -80873
  -80046
  -79291
  -78548
  -77763
  -76936
  -75999
  -74952
  -73985
  -72942
  -71769
  -70596
  -69451
  -68413
  -67337
  -66205
  -65141
  -64176
  -63164
  -62310
  -61602
  -61023
  -60727
  -60863
  -61255
  -61916
  -62776
  -63658
  -64414
  -65024
  -65526
  -65754
  -65608
  -65372
  -65173
  -65003
  -64964
  -65114
  -65462
  -65885
  -66376
  -66895
  -67555
  -68335
  -69007
  -69441
  -69782
  -70088
  -70403
  -70568
  -70638
  -70756
  -71041
  -71456
  -71947
  -72432
  -72865
  -73213
  -73449
  -73716
  -73860
  -73954
  -74075
  -74022
  -73959
  -73817
  -73611
  -73530
  -73464
  -73559
  -73872
  -74317
  -74770
  -75096
  -75438
  -75888
  -76224
  -76313
  -76120
  -75898
  -75519
  -75087
  -74598
  -73941
  -73341
  -72733
  -72238
  -71848
  -71446
  -70578
  -69347
  -68410
  -68263
  -68377
  -68345
  -68198
  -67918
  -67474
  -66873
  -66118
  -65323
  -64579
  -64108
  -63785
  -63629
  -63745
  -64118
  -64562
  -64938
  -65376
  -65716
  -65992
  -66249
  -66339
  -66522
  -66554
  -66671
  -66964
  -67430
  -68117
  -69070
  -70161
  -71223
  -72265
  -73333
  -74254
  -74874
  -75078
  -75035
  -74780
  -74439
  -74037
  -73592
  -73244
  -73060
  -73104
  -73467
  -74068
  -74867
  -75717
  -76533
  -77479
  -78307
  -78868
  -79037
  -78696
  -77882
  -76723
  -75294
  -73791
  -72275
  -70728
  -69360
  -68408
  -67687
  -67111
  -66652
  -66229
  -65906
  -65733
  -65550
  -65334
  -65103
  -64746
  -64255
  -63876
  -63700
  -63495
  -63397
  -63430
  -63590
  -63820
  -63984
  -64107
  -64215
  -64294
  -64357
  -64448
  -64483
  -64534
  -64673
  -64845
  -65087
  -65477
  -66101
  -66894
  -67911
  -69109
  -70296
  -71549
  -72624
  -73436
  -74135
  -74784
  -75418
  -75955
  -76508
  -77128
  -77803
  -78532
  -79242
  -79764
  -80170
  -80333
  -80272
  -80037
  -79622
  -79099
  -78470
  -77907
  -77505
  -77043
  -76440
  -75831
  -75207
  -74372
  -73376
  -72187
  -70720
  -69269
  -67890
  -66583
  -65355
  -64135
  -63138
  -62281
  -61507
  -60927
  -60539
  -60094
  -59466
  -58722
  -58081
  -57628
  -57258
  -57407
  -58064
  -58975
  -60210
  -61709
  -63163
  -64460
  -65635
  -66565
  -67250
  -67818
  -68243
  -68662
  -68999
  -69307
  -69752
  -70366
  -71032
  -71742
  -72528
  -73426
  -74261
  -74917
  -75470
  -75799
  -75998
  -76106
  -76208
  -76435
  -76721
  -76996
  -77155
  -77063
  -76781
  -76476
  -76073
  -75636
  -75116
  -74600
  -74105
  -73529
  -72958
  -72457
  -71972
  -71438
  -70872
  -70362
  -69857
  -69269
  -68716
  -68129
  -67592
  -67166
  -66667
  -66210
  -65750
  -65336
  -64999
  -64690
  -64509
  -64408
  -64262
  -64077
  -63871
  -63817
  -63843
  -63841
  -63872
  -63984
  -64137
  -64370
  -64758
  -65236
  -65802
  -66402
  -67036
  -67702
  -68422
  -69216
  -69972
  -70688
  -71338
  -71804
  -72085
  -72278
  -72465
  -72610
  -72613
  -72406
  -72248
  -72074
  -71851
  -71648
  -71399
  -71038
  -70769
  -70682
  -70718
  -70698
  -70645
  -70604
  -70403
  -70002
  -69449
  -68755
  -68124
  -67694
  -67531
  -67606
  -67973
  -68512
  -69135
  -69731
  -70256
  -70826
  -71265
  -71484
  -71596
  -71503
  -71257
  -70909
  -70484
  -70200
  -70074
  -69780
  -69420
  -69152
  -68904
  -68445
  -67981
  -67599
  -67281
  -67134
  -67044
  -66879
  -66695
  -66671
  -66842
  -66877
  -66712
  -66529
  -66210
  -65851
  -65395
  -64987
  -64548
  -64114
  -63786
  -63527
  -63385
  -63383
  -63324
  -63318
  -63461
  -63823
  -64259
  -64880
  -65675
  -66226
  -66885
  -67778
  -68513
  -69309
  -70188
  -70504
  -70467
  -70533
  -70720
  -70684
  -70675
  -71327
  -71513
  -70784
  -70003
  -69732
  -70569
  -72561
  -75030
  -77295
  -79223
  -80667
  -81683
  -82305
  -82672
  -81938
  -79927
  -77601
  -76479
  -76073
  -75329
  -74595
  -73902
  -73124
  -72114
  -71190
  -70340
  -69262
  -68083
  -66867
  -65638
  -64452
  -63376
  -62522
  -61880
  -61550
  -61500
  -61536
  -61563
  -61640
  -61700
  -61581
  -61320
  -60919
  -60409
  -59896
  -59329
  -58834
  -58461
  -58199
  -58290
  -58711
  -59360
  -60312
  -61535
  -63123
  -64969
  -66948
  -69015
  -71013
  -72836
  -74364
  -75570
  -76492
  -77121
  -77522
  -77966
  -78214
  -78400
  -78632
  -78887
  -79280
  -79552
  -79836
  -80197
  -80511
  -80512
  -80252
  -79778
  -78944
  -77751
  -76347
  -74998
  -73555
  -72053
  -70748
  -69748
  -69154
  -68620
  -67978
  -67328
  -66253
  -64824
  -63810
  -63294
  -63089
  -62834
  -62706
  -62872
  -63211
  -63481
  -63624
  -63674
  -63562
  -63265
  -62975
  -62562
  -62083
  -61737
  -61348
  -60962
  -60703
  -60501
  -60436
  -60481
  -60772
  -61137
  -59385
  -51625
  -44455
  -42760
  -45842
  -52779
  -62605
  -73946
  -85423
  -95685
 -103636
 -108627
 -110307
 -108873
 -104821
  -98940
  -92080
  -84996
  -78454
  -73069
  -69387
  -67465
  -67040
  -67857
  -69295
  -70817
  -71913
  -72371
  -71797
  -70049
  -67259
  -63811
  -60022
  -56291
  -52896
  -50217
  -48342
  -47349
  -47225
  -47698
  -48352
  -48897
  -49098
  -48674
  -47394
  -45023
  -42035
  -39051
  -36384
  -34255
  -33171
  -33318
  -35019
  -38234
  -42677
  -48412
  -55307
  -62768
  -70037
  -76556
  -81956
  -85973
  -88436
  -89550
  -89599
  -88983
  -88028
  -87261
  -87185
  -87994
  -89547
  -91852
  -94820
  -98078
 -101196
 -103958
 -105971
 -106855
 -106420
 -104807
 -102151
  -98670
  -94636
  -90297
  -85970
  -82032
  -78830
  -76236
  -74195
  -72617
  -71231
  -69846
  -68273
  -66360
  -63688
  -60392
  -57071
  -53360
  -49459
  -45932
  -42540
  -39813
  -38108
  -37495
  -37901
  -39048
  -40509
  -42180
  -43944
  -45766
  -47266
  -48160
  -48299
  -47978
  -47573
  -47186
  -46917
  -46949
  -47588
  -48975
  -51040
  -53809
  -57033
  -60439
  -63716
  -66936
  -69999
  -72588
  -74570
  -75794
  -76427
  -76662
  -76710
  -76533
  -76445
  -76851
  -77687
  -78823
  -80285
  -82144
  -84209
  -86362
  -88327
  -89645
  -90098
  -89722
  -88388
  -86187
  -83815
  -81552
  -79372
  -78014
  -77581
  -78154
  -79319
  -80768
  -82297
  -83668
  -84506
  -84451
  -83234
  -81063
  -77916
  -73944
  -69689
  -65563
  -61761
  -58453
  -55673
  -53693
  -52682
  -52595
  -53478
  -54941
  -56008
  -56313
  -55709
  -54500
  -53167
  -51680
  -50257
  -48939
  -47736
  -46986
  -47060
  -47812
  -48892
  -50299
  -51869
  -53411
  -54917
  -56247
  -57507
  -58686
  -59733
  -60566
  -61185
  -61817
  -62625
  -63837
  -65419
  -67328
  -69593
  -72140
  -74903
  -77571
  -80079
  -82109
  -83579
  -84606
  -85145
  -85248
  -84924
  -84154
  -83079
  -81987
  -81186
  -80436
  -79707
  -79365
  -79309
  -79269
  -79246
  -79076
  -78545
  -77730
  -76680
  -75296
  -73584
  -71574
  -69227
  -66761
  -64580
  -62753
  -61280
  -60099
  -59155
  -58453
  -57873
  -57222
  -56480
  -55635
  -54770
  -53823
  -52791
  -51823
  -50988
  -50438
  -50224
  -50418
  -51047
  -51954
  -53059
  -54365
  -55883
  -57111
  -58119
  -59105
  -59927
  -60302
  -60474
  -60692
  -61134
  -61805
  -62557
  -63434
  -64550
  -65781
  -67171
  -68597
  -70187
  -71934
  -73856
  -75439
  -76652
  -77621
  -78354
  -78900
  -78976
  -78741
  -78560
  -78365
  -78062
  -77790
  -77556
  -77501
  -77626
  -77711
  -77652
  -77517
  -77311
  -76962
  -76337
  -75400
  -74228
  -72972
  -71661
  -70252
  -69028
  -67897
  -66861
  -65869
  -64931
  -64076
  -63341
  -62602
  -61953
  -61192
  -60246
  -59298
  -58415
  -57478
  -56593
  -55923
  -55462
  -55189
  -55049
  -55143
  -55586
  -56384
  -57332
  -58255
  -59227
  -60258
  -61013
  -61564
  -62061
  -62624
  -63184
  -63784
  -64480
  -65379
  -66183
  -66959
  -67893
  -68822
  -69736
  -70641
  -71445
  -72092
  -72623
  -72971
  -73023
  -72950
  -72943
  -72918
  -72868
  -72812
  -72809
  -72757
