 -363620
 -361776
 -357271
 -350888
 -343546
 -336076
 -329706
 -325349
 -323713
 -324653
 -327767
 -332761
 -338929
 -345552
 -351924
 -357202
 -360324
 -360798
 -358501
 -353791
 -347354
 -340250
 -333352
 -327559
 -323404
 -321132
 -321107
 -323475
 -327854
 -333557
 -339889
 -346020
 -350857
 -354340
 -355804
 -353830
 -348447
 -340898
 -333390
 -327492
 -322967
 -319905
 -318093
 -317555
 -318687
 -322018
 -326706
 -332013
 -337444
 -342689
 -347316
 -351510
 -355263
 -356353
 -354172
 -349841
 -344610
 -339092
 -334769
 -335835
 -336366
 -333719
 -344812
 -371842
 -392158
 -396779
 -385061
 -360110
 -326528
 -289378
 -254415
 -227096
 -211971
 -211333
 -225856
 -254256
 -292810
 -336605
 -380218
 -418314
 -445744
 -459247
 -457741
 -442251
 -415359
 -380884
 -343693
 -308957
 -281756
 -265960
 -263847
 -275740
 -299702
 -331998
 -368358
 -403823
 -433435
 -453237
 -460346
 -453877
 -435055
 -406659
 -372443
 -337114
 -305231
 -280258
 -265177
 -261458
 -268687
 -284954
 -307319
 -332325
 -356227
 -375424
 -387066
 -389607
 -382702
 -367634
 -346631
 -322514
 -298819
 -279051
 -265932
 -261528
 -266327
 -279542
 -299426
 -323304
 -347906
 -369981
 -386635
 -395925
 -396908
 -389920
 -376105
 -357658
 -337788
 -319412
 -305402
 -297573
 -296798
 -303392
 -316491
 -334069
 -353543
 -372421
 -388406
 -399436
 -404374
 -402584
 -393811
 -379702
 -361932
 -342841
 -325019
 -310672
 -301478
 -298484
 -302068
 -311353
 -324617
 -339734
 -354338
 -366332
 -374117
 -376576
 -373700
 -366112
 -354879
 -341508
 -327843
 -316088
 -307721
 -303898
 -304886
 -310507
 -319679
 -330978
 -342983
 -354050
 -362777
 -368260
 -369985
 -367798
 -362076
 -353725
 -343960
 -334472
 -326582
 -321413
 -319561
 -321400
 -326650
 -334384
 -343322
 -352232
 -359928
 -365430
 -368206
 -367998
 -364701
 -358847
 -351073
 -342458
 -334128
 -327188
 -322857
 -321617
 -323444
 -327507
 -331708
 -334044
 -336033
 -339066
 -343942
 -360621
 -391297
 -412639
 -417627
 -406023
 -379463
 -341384
 -297650
 -255010
 -219490
 -196336
 -189437
 -200199
 -227300
 -267191
 -314868
 -364077
 -408594
 -442724
 -462580
 -466255
 -453763
 -427404
 -391377
 -351079
 -312509
 -281304
 -261723
 -256171
 -265347
 -287927
 -320599
 -358653
 -396868
 -430191
 -454111
 -465636
 -463428
 -447952
 -421725
 -388300
 -352160
 -318240
 -290577
 -272413
 -265876
 -271301
 -287180
 -310751
 -338218
 -364916
 -386983
 -400701
 -403784
 -396154
 -378928
 -354823
 -327461
 -300460
 -277367
 -261576
 -255103
 -258703
 -272115
 -293303
 -318991
 -345944
 -370697
 -390097
 -401681
 -403908
 -396816
 -381739
 -361080
 -337983
 -315667
 -297526
 -286407
 -283878
 -290320
 -304781
 -325116
 -348479
 -371801
 -392149
 -406886
 -414181
 -413172
 -404107
 -388383
 -368389
 -346686
 -326418
 -310208
 -299921
 -296640
 -300611
 -311024
 -326146
 -343665
 -360830
 -375062
 -384385
 -387572
 -384541
 -375938
 -362816
 -346875
 -330204
 -315186
 -303929
 -297703
 -297263
 -302581
 -312933
 -326951
 -342695
 -357764
 -370087
 -378197
 -381015
 -378330
 -370617
 -359724
 -349017
 -339938
 -332452
 -328838
 -325041
 -324498
 -334220
 -333137
 -327491
 -327347
 -324233
 -316166
 -307606
 -305456
 -311044
 -323001
 -339766
 -359087
 -378100
 -394093
 -404860
 -408710
 -405971
 -396929
 -382384
 -363255
 -342718
 -323405
 -307873
 -298451
 -295348
 -298365
 -306492
 -319403
 -336591
 -355810
 -374408
 -389981
 -400400
 -403868
 -399712
 -388483
 -371636
 -351469
 -330683
 -311967
 -297688
 -289677
 -288594
 -294305
 -305696
 -321039
 -338111
 -354580
 -368449
 -377951
 -381727
 -379284
 -371273
 -359192
 -344952
 -330675
 -318359
 -309765
 -306333
 -308729
 -316433
 -328173
 -342306
 -356559
 -369024
 -378203
 -382702
 -382116
 -376808
 -367629
 -355637
 -342797
 -331075
 -322082
 -317247
 -317369
 -322275
 -331049
 -341209
 -351360
 -360929
 -366278
 -366809
 -363788
 -357645
 -349359
 -340807
 -333236
 -326561
 -321408
 -319292
 -321398
 -327859
 -337416
 -348331
 -359055
 -367882
 -373598
 -375767
 -375355
 -371924
 -363735
 -350195
 -330665
 -310357
 -298578
 -312734
 -340259
 -362726
 -374772
 -376244
 -368269
 -352174
 -330398
 -306113
 -283449
 -265909
 -256308
 -256536
 -267104
 -286388
 -311852
 -340695
 -369720
 -394951
 -412976
 -421733
 -420759
 -410839
 -393532
 -371287
 -347423
 -325647
 -309300
 -300177
 -299513
 -307698
 -323803
 -345214
 -368935
 -391785
 -410861
 -423467
 -427843
 -423456
 -410848
 -392049
 -369471
 -345946
 -324482
 -307579
 -297054
 -294127
 -298638
 -309266
 -324358
 -341176
 -356828
 -369177
 -376608
 -378028
 -373420
 -363199
 -348730
 -332519
 -316841
 -303926
 -295646
 -293541
 -298242
 -308715
 -322752
 -337996
 -352449
 -363633
 -368833
 -364762
 -352581
 -335994
 -321010
 -322175
 -336805
 -352902
 -368062
 -380476
 -388840
 -392533
 -390887
 -383634
 -371553
 -356605
 -341288
 -327561
 -317124
 -311298
 -310973
 -315909
 -325019
 -336884
 -350062
 -362749
 -373037
 -379448
 -381200
 -378067
 -370107
 -358460
 -345379
 -332755
 -320756
 -310905
 -305168
 -304807
 -309666
 -317416
 -327192
 -339770
 -352095
 -360521
 -360548
 -354812
 -342140
 -325536
 -316499
 -317047
 -326255
 -343272
 -365879
 -391017
 -414834
 -433625
 -444977
 -447907
 -447325
 -439900
 -422318
 -397831
 -366456
 -327573
 -289016
 -258257
 -241961
 -243047
 -261753
 -294666
 -335792
 -378436
 -416819
 -445297
 -459395
 -456601
 -437216
 -404000
 -361131
 -313958
 -268755
 -231547
 -206721
 -197089
 -203881
 -225950
 -259816
 -300519
 -342402
 -380207
 -408998
 -425527
 -428297
 -417774
 -396142
 -366976
 -334953
 -305062
 -281319
 -266579
 -263272
 -271960
 -291632
 -319134
 -351178
 -383244
 -410682
 -430391
 -440354
 -439293
 -427219
 -406484
 -380306
 -352334
 -326311
 -305910
 -294044
 -292072
 -299875
 -316005
 -338073
 -362695
 -386175
 -405216
 -417033
 -419728
 -413048
 -398007
 -376665
 -351804
 -326597
 -304415
 -288058
 -279540
 -279976
 -289160
 -305421
 -326476
 -349071
 -369765
 -385856
 -395396
 -397314
 -391797
 -379742
 -362730
 -343375
 -324544
 -309042
 -299448
 -297812
 -304598
 -316854
 -330357
 -343313
 -354869
 -365038
 -372785
 -381987
 -401481
 -426619
 -436772
 -423154
 -393168
 -369506
 -337625
 -286085
 -223082
 -160627
 -107187
  -70916
  -58576
  -73445
 -114575
 -177679
 -255688
 -339613
 -419474
 -485959
 -532057
 -553295
 -548171
 -518773
 -470594
 -411747
 -351418
 -297985
 -259100
 -240655
 -245783
 -273818
 -320606
 -379533
 -442894
 -502437
 -550345
 -580446
 -589018
 -575214
 -541422
 -492100
 -433946
 -374333
 -320492
 -278782
 -253321
 -245686
 -255235
 -279304
 -312809
 -349649
 -383600
 -409032
 -421820
 -419754
 -402641
 -372619
 -334031
 -292207
 -253013
 -221708
 -202377
 -197464
 -207402
 -230878
 -264613
 -303871
 -343276
 -377994
 -403670
 -416875
 -416305
 -402502
 -378436
 -348270
 -316609
 -288118
 -267063
 -256916
 -259436
 -274362
 -299816
 -332263
 -367559
 -401483
 -429431
 -447880
 -454830
 -449847
 -433916
 -409225
 -379397
 -348747
 -321306
 -300883
 -289821
 -289002
 -297998
 -315146
 -337741
 -362273
 -385102
 -402862
 -413137
 -414545
 -406881
 -391116
 -369621
 -345761
 -322954
 -304006
 -291471
 -287872
 -294599
 -308265
 -323576
 -340817
 -358939
 -374063
 -384807
 -390063
 -389288
 -382987
 -372363
 -358640
 -343851
 -330487
 -320735
 -315907
 -316649
 -322949
 -334187
 -349136
 -364543
 -377706
 -387080
 -391757
 -391413
 -385959
 -376361
 -363819
 -350016
 -336740
 -325449
 -317547
 -313989
 -314517
 -318905
 -326316
 -335363
 -344815
 -353406
 -360129
 -363782
 -362828
 -357228
 -348573
 -337979
 -326959
 -316994
 -309372
 -305112
 -304807
 -308943
 -316886
 -327430
 -339160
 -350522
 -360159
 -366915
 -369942
 -368998
 -364800
 -358859
 -352878
 -348189
 -345433
 -344783
 -346522
 -350632
 -356544
 -363493
 -370702
 -377032
 -382035
 -385296
 -386313
 -385103
 -381747
 -376638
 -370619
 -364684
 -359413
 -355559
 -353603
 -353314
 -354275
 -356291
 -359035
 -361719
 -363694
 -364538
 -363778
 -361352
 -357246
 -351905
 -345718
 -339036
 -332529
 -326866
 -322758
 -320625
 -320433
 -321845
 -324579
 -328334
 -332466
 -336298
 -339448
 -342035
 -343679
 -343547
 -343165
 -346043
 -350455
 -350957
 -347486
 -339477
 -326925
 -310685
 -294054
 -279817
 -270132
 -267197
 -272116
 -285645
 -308467
 -337177
 -367546
 -396441
 -420572
 -436421
 -443134
 -443164
 -432702
 -411541
 -384895
 -357584
 -328625
 -300293
 -290223
 -299380
 -321543
 -352229
 -385497
 -417360
 -444783
 -462771
 -467424
 -458115
 -436067
 -404762
 -369529
 -334963
 -305511
 -285260
 -273548
 -269857
 -277541
 -296664
 -323431
 -353487
 -382053
 -404326
 -417020
 -418484
 -408221
 -387371
 -358896
 -326844
 -295699
 -269595
 -252149
 -245635
 -250803
 -266659
 -290808
 -319852
 -349948
 -377137
 -397733
 -409036
 -409980
 -400928
 -383721
 -360978
 -335866
 -312432
 -294252
 -283932
 -282680
 -290504
 -306412
 -328096
 -352693
 -376846
 -397151
 -411341
 -417983
 -416369
 -406862
 -391143
 -371622
 -351295
 -332956
 -318945
 -311171
 -310603
 -317221
 -329909
 -346516
 -364716
 -381694
 -395073
 -403315
 -405133
 -400137
 -389257
 -373988
 -356536
 -339191
 -324416
 -314384
 -310245
 -312343
 -320034
 -332145
 -346864
 -361998
 -375495
 -385333
 -390341
 -389991
 -384342
 -374178
 -361041
 -346688
 -333058
 -322035
 -315016
 -312863
 -315526
 -322710
 -333325
 -345874
 -358316
 -369012
 -376421
 -379891
 -378818
 -373221
 -364116
 -352694
 -340374
 -328914
 -320053
 -314838
 -313768
 -316937
 -323894
 -333478
 -343951
 -353856
 -362032
 -367727
 -370198
 -368944
 -364385
 -357277
 -348622
 -339629
 -331571
 -325913
 -323403
 -324448
 -329117
 -336796
 -346382
 -356697
 -366464
 -374667
 -380297
 -382892
 -381916
 -377423
 -370252
 -361697
 -353219
 -346058
 -341290
 -339404
 -340707
 -344955
 -351312
 -359107
 -367221
 -374257
 -379414
 -382013
 -381511
 -377917
 -371499
 -363139
 -354243
 -345993
 -339171
 -334754
 -333406
 -335170
 -339417
 -345379
 -352050
 -358164
 -362808
 -365247
 -365214
 -362639
 -357709
 -351378
 -345118
 -339253
 -333708
 -330029
 -329863
 -332077
 -334426
 -336074
 -337205
 -338707
 -339691
 -341362
 -346918
 -351019
 -350351
 -346931
 -343411
 -340295
 -337430
 -334946
 -333260
 -332817
 -334113
 -337245
 -341961
 -348097
 -354706
 -360900
 -366022
 -369716
 -372006
 -372297
 -370899
 -369084
 -366457
 -357991
 -337606
 -316569
 -311691
 -340346
 -387445
 -437631
 -480283
 -503226
 -495383
 -445458
 -375761
 -306361
 -247858
 -209239
 -195783
 -209080
 -246516
 -302212
 -367714
 -433495
 -490344
 -529955
 -546575
 -537550
 -503978
 -450621
 -384458
 -314325
 -249787
 -199479
 -169695
 -163903
 -182141
 -221040
 -274529
 -334948
 -394028
 -443734
 -477311
 -490667
 -482210
 -453624
 -409528
 -356332
 -301652
 -253213
 -217585
 -199459
 -201024
 -221501
 -257563
 -304004
 -354571
 -402393
 -441171
 -466006
 -474083
 -464921
 -440477
 -405005
 -364066
 -323475
 -289271
 -266220
 -257252
 -263480
 -283632
 -314816
 -352442
 -391251
 -425688
 -451026
 -463937
 -462791
 -447893
 -421687
 -387888
 -351331
 -317108
 -289759
 -272995
 -268629
 -276915
 -296489
 -324254
 -355998
 -387197
 -413587
 -431615
 -438623
 -433802
 -417977
 -393644
 -364388
 -334215
 -306936
 -286075
 -274826
 -274420
 -284383
 -302999
 -327650
 -355059
 -381373
 -402797
 -416199
 -420013
 -414160
 -399777
 -379044
 -354854
 -330658
 -309910
 -295371
 -288829
 -291006
 -301582
 -318726
 -339639
 -361393
 -381053
 -395727
 -403584
 -403608
 -395863
 -381646
 -363220
 -343885
 -326530
 -312533
 -303391
 -300547
 -304393
 -313869
 -327659
 -344730
 -361776
 -376222
 -390969
 -399824
 -400587
 -393353
 -379392
 -361387
 -344027
 -328755
 -315573
 -306155
 -302699
 -306061
 -315120
 -328571
 -344688
 -361400
 -376729
 -388733
 -396040
 -398127
 -395065
 -387919
 -377605
 -365380
 -353350
 -343704
 -337157
 -334734
 -337194
 -343869
 -353464
 -364346
 -375047
 -384309
 -390791
 -393540
 -392234
 -386780
 -377992
 -366984
 -354820
 -342923
 -332538
 -326023
 -326685
 -334085
 -347810
 -358795
 -366524
 -371952
 -366968
 -355951
 -341726
 -326294
 -311956
 -300980
 -294982
 -294881
 -300875
 -312067
 -327091
 -344242
 -361298
 -375868
 -386365
 -391632
 -391036
 -384982
 -374702
 -361936
 -348707
 -337246
 -330175
 -328520
 -330923
 -336784
 -345744
 -356563
 -367758
 -377925
 -385837
 -390754
 -391902
 -384945
 -374862
 -366890
 -356833
 -351665
 -349660
 -350385
 -354793
 -362695
 -372563
 -382616
 -390864
 -395730
 -396162
 -391655
 -382425
 -369605
 -354852
 -340418
 -327633
 -317849
 -312343
 -311808
 -316281
 -324718
 -335480
 -347111
 -358271
 -367455
 -373064
 -374109
 -370660
 -363413
 -353586
 -342616
 -331877
 -323033
 -317194
 -315194
 -317283
 -322864
 -331093
 -340999
 -351510
 -361335
 -369322
 -374897
 -377630
 -377091
 -373518
 -367916
 -361224
 -354478
 -348702
 -344658
 -343030
 -344121
 -347731
 -353249
 -359733
 -366485
 -372176
 -376146
 -377961
 -377190
 -374196
 -369420
 -363450
 -356975
 -350839
 -345926
 -342719
 -341465
 -342459
 -345369
 -349758
 -355148
 -360719
 -365629
 -369084
 -370626
 -369912
 -366990
 -362339
 -356726
 -351067
 -346183
 -342596
 -340784
 -340884
 -342635
 -346159
 -351020
 -356413
 -361431
 -365286
 -367638
 -368232
 -367011
 -364186
 -360143
 -355855
 -351799
 -348215
 -345744
 -344721
 -344899
 -346227
 -348734
 -352141
 -355790
 -359116
 -361567
 -362797
 -362504
 -360606
 -357518
 -353747
 -350028
 -347139
 -346594
 -348080
 -349139
 -349302
 -348873
 -348158
 -347487
 -346897
 -346500
 -346319
 -346465
 -347198
