-1013727
 -957233
 -894801
 -826873
 -753883
 -676184
 -594336
 -508984
 -420516
 -329571
 -237012
 -143628
  -50221
   42445
  133383
  221538
  306094
  386463
  462205
  532860
  597971
  657142
  710129
  756758
  796777
  830067
  856476
  875708
  887523
  891794
  888480
  877679
  859461
  833807
  800975
  761381
  715415
  663454
  606085
  544021
  477790
  407974
  335168
  260122
  183462
  105714
   27290
  -51507
 -130061
 -207742
 -284192
 -358900
 -431363
 -500848
 -566807
 -628776
 -686193
 -738469
 -785135
 -825925
 -860480
 -888580
 -910234
 -925517
 -934167
 -936132
 -931707
 -921062
 -904317
 -881594
 -853132
 -819209
 -780033
 -735711
 -686463
 -632788
 -575204
 -513894
 -449240
 -381994
 -312739
 -242201
 -171011
  -99770
  -29170
   40139
  107742
  173149
  235947
  295702
  352185
  405153
  454181
  498869
  538891
  574047
  604056
  628505
  647252
  660109
  666815
  667454
  662141
  650959
  634035
  611669
  584213
  552104
  515651
  475151
  430923
  383242
  332495
  279058
  223173
  165280
  105798
   45166
  -16142
  -77716
 -139029
 -199515
 -258713
 -316182
 -371376
 -423786
 -473129
 -518943
 -560957
 -599108
 -633099
 -662696
 -687667
 -707942
 -723387
 -733925
 -739517
 -740267
 -736133
 -727031
 -712884
 -693739
 -669798
 -641278
 -608587
 -572095
 -532079
 -488796
 -442706
 -394213
 -343753
 -291854
 -238891
 -185201
 -131321
  -77563
  -24216
   28338
   79783
  129813
  178038
  224057
  267517
  307988
  345111
  378458
  407862
  433133
  454129
  470687
  482766
  490409
  493667
  492478
  486936
  477131
  463247
  445392
  423627
  398237
  369388
  337273
  302275
  264620
  224619
  182446
  138363
   92799
   46354
    -777
  -48175
  -95495
 -142348
 -188256
 -232857
 -275953
 -317225
 -356439
 -393367
 -427650
 -459003
 -487368
 -512583
 -534485
 -552809
 -567451
 -578266
 -585179
 -588125
 -586985
 -581757
 -572528
 -559579
 -543090
 -523225
 -500128
 -474029
 -445122
 -413603
 -379947
 -344303
 -306941
 -268154
 -228119
 -187262
 -145968
 -104247
  -62317
  -20649
   20301
   60078
   98373
  134977
  169519
  201726
  231420
  258428
  282597
  303667
  321570
  336282
  347774
  355878
  360633
  362073
  360166
  354955
  346385
  334543
  319647
  301850
  281210
  257854
  232077
  204055
  174004
  142169
  108931
   74576
   39272
    3430
  -32683
  -68862
 -104803
 -140245
 -174957
 -208740
 -241370
 -272479
 -301945
 -329635
 -355296
 -378722
 -399789
 -418071
 -433411
 -445762
 -455167
 -461685
 -465356
 -466022
 -463759
 -458650
 -450747
 -440118
 -426878
 -411111
 -393034
 -372703
 -350242
 -325951
 -299982
 -272299
 -243128
 -212760
 -181550
 -149667
 -117454
  -85206
  -53075
  -21398
    9475
   39270
   67813
   94893
  120294
  143894
  165558
  185127
  202633
  217860
  230686
  241018
  248803
  254272
  257365
  257921
  255870
  251162
  243771
  233896
  221648
  207217
  190507
  171647
  150953
  128716
  105176
   80406
   54689
   28309
    1467
  -25891
  -53502
  -81094
 -108506
 -135616
 -162087
 -187647
 -212119
 -235373
 -257277
 -277580
 -296090
 -312767
 -327544
 -340269
 -350870
 -359265
 -365543
 -369766
 -371888
 -371852
 -369559
 -364923
 -358020
 -349100
 -338238
 -325480
 -310904
 -294546
 -276607
 -257303
 -236803
 -215279
 -192941
 -169916
 -146337
 -122401
  -98354
  -74302
  -50488
  -27140
   -4427
   17619
   38848
   59085
   78106
   95774
  111915
  126425
  139252
  150278
  159421
  166787
  172255
  175776
  177355
  176904
  174469
  169999
  163473
  155263
  145424
  133973
  121023
  106671
   90967
   74001
   55969
   36940
   17167
   -3208
  -23995
  -44951
  -65859
  -86641
 -107201
 -127357
 -147078
 -166316
 -184828
 -202410
 -219051
 -234472
 -248503
 -261081
 -272198
 -281883
 -289924
 -296143
 -300538
 -303063
 -303796
 -302771
 -300067
 -295797
 -289778
 -282236
 -273142
 -262563
 -250689
 -237788
 -223873
 -208872
 -192963
 -176276
 -158922
 -140922
 -122449
 -103743
  -85028
  -66427
  -48010
  -29909
  -12230
    4855
   21169
   36625
   51073
   64552
   76911
   87985
   97765
  106190
  113137
  118469
  122156
  124241
  124813
  123934
  121574
  117712
  112393
  105545
   97291
   87785
   77121
   65413
   52643
   38879
   24278
    9070
   -6666
  -22837
  -39217
  -55719
  -72160
  -88505
 -104633
 -120503
 -135965
 -150876
 -165106
 -178512
 -191018
 -202602
 -213204
 -222772
 -231121
 -238091
 -243772
 -248277
 -251420
 -253163
 -253606
 -252780
 -250689
 -247202
 -242277
 -236059
 -228643
 -220070
 -210480
 -200016
 -188678
 -176630
 -163866
 -150405
 -136487
 -122193
 -107733
  -93156
  -78470
  -63955
  -49734
  -35903
  -22538
   -9614
    2643
   14059
   24572
   34229
   43141
   51101
   58047
   64403
   70641
   75600
   78656
   79836
   79209
   76859
   73007
   67682
   61024
   53303
   45013
   36363
   27554
   18454
    9139
    -382
  -10164
  -20284
  -30845
  -41939
  -53547
  -65658
  -77943
  -90280
 -102382
 -113986
 -125177
 -135831
 -145698
 -154775
 -163063
 -170628
 -177488
 -183642
 -188900
 -193083
 -196450
 -199116
 -200854
 -201516
 -201154
 -199653
 -197071
 -193499
 -188899
 -183457
 -177360
 -170576
 -163230
 -155415
 -147241
 -138765
 -129886
 -120750
 -111651
 -102495
  -93067
  -83415
  -73674
  -63783
  -53900
  -43966
  -34041
  -24386
  -15257
   -6626
    1357
    8584
   14986
   20613
   25490
   29379
   32370
   34479
   35597
   35869
   35378
   34182
   32286
   29814
   26718
   22918
   18416
   13292
    7590
    1180
   -5907
  -13454
  -21482
  -29986
  -38794
  -47796
  -57025
  -66469
  -76000
  -85424
  -94705
 -103713
 -112289
 -120382
 -128089
 -135368
 -142220
 -148630
 -154560
 -159867
 -164545
 -168584
 -171949
 -174580
 -176498
 -177380
 -177046
 -175506
 -172977
 -169625
 -165596
 -161331
 -156958
 -152282
 -146846
 -140258
 -132841
 -124893
 -116551
 -107890
  -99039
  -90133
  -81051
  -71936
  -62903
  -54084
  -45444
  -37147
  -29564
  -22626
  -16267
  -10546
   -5659
   -1463
    2273
    5681
    8542
   10697
   12077
   12824
   13353
   13484
   12920
   11752
    9676
    6592
    2652
   -2079
   -7526
  -13435
  -19546
  -25891
  -32473
  -39031
  -45433
  -51967
  -58800
  -65806
  -72848
  -79879
  -86753
  -93466
 -100021
 -106328
 -112303
 -117922
 -123108
 -128093
 -134422
 -140785
 -145217
 -147693
 -148643
 -149951
 -151431
 -151579
 -149194
 -144337
 -137546
 -129637
 -121268
 -113060
 -105537
  -99012
  -93587
  -89347
  -86207
  -83851
  -81990
  -80299
  -78485
  -76318
  -73557
  -70205
  -66261
  -62062
  -57867
  -53836
  -50227
  -47206
  -44878
  -43241
  -42228
  -41641
  -41287
  -41193
  -41212
  -41138
  -40989
  -40875
  -40846
  -40964
  -41563
  -42911
  -44951
  -47720
  -51404
  -55816
  -60722
  -65899
  -71031
  -75763
  -79909
  -83156
  -85277
  -86403
  -86633
  -86124
  -85152
  -83935
  -82798
  -81961
  -81628
  -81916
  -82909
  -84354
  -86137
  -88046
  -89818
  -91283
  -92140
  -92304
  -91872
  -90784
  -89258
  -87551
  -85862
  -84283
  -82947
  -81906
  -81111
  -80486
  -80036
  -79746
  -79404
  -78927
  -78249
  -77360
  -76132
  -74669
  -73060
  -71469
  -69923
  -68556
  -67481
  -66882
  -66642
  -66702
  -67025
  -67432
  -68333
  -72083
  -77758
  -81483
  -82096
  -79771
  -74781
  -67694
  -59365
  -50697
  -42799
  -36425
  -31961
  -29794
  -29939
  -32076
  -35825
  -40609
  -45806
  -50765
  -55068
  -58475
  -60767
  -62062
  -62640
  -62814
  -62939
  -63434
  -64662
  -66752
  -69755
  -73647
  -78134
  -82912
  -87657
  -92043
  -95725
  -98575
 -100406
 -101252
 -101392
 -101267
 -101100
 -101139
 -101770
 -103070
 -105179
 -107955
 -111161
 -114468
 -117358
 -119313
 -120113
 -119531
 -117364
 -113689
 -108723
 -102589
  -95694
  -88735
  -82143
  -76250
  -71315
  -67355
  -64292
  -61940
  -60145
  -58635
  -57861
  -57836
  -56496
  -53574
  -49065
  -43400
  -37140
  -30936
  -25266
  -20577
  -17065
  -15007
  -14585
  -15661
  -18103
  -21499
  -25370
  -29497
  -33630
  -37404
  -40669
  -43442
  -45890
  -48074
  -50320
  -54003
  -62930
  -73253
  -81146
  -86242
  -88737
  -89016
  -87772
  -85568
  -82933
  -80457
  -78514
  -77572
  -77895
  -79554
  -82434
  -86319
  -91042
  -96209
 -101256
 -105848
 -109801
 -112901
 -115037
 -116182
 -116513
 -116112
 -115233
 -114009
 -112489
 -110904
 -109220
 -107269
 -105212
 -102990
 -100572
  -98012
  -95235
  -92163
  -88878
  -85555
  -82385
  -79596
  -77284
  -75332
  -73862
  -72871
  -72284
  -71862
  -71380
  -70697
  -69577
  -68007
  -65927
  -63101
  -59580
  -55527
  -51146
  -46649
  -42366
  -38417
  -35058
  -32562
  -31060
  -30462
  -30723
  -31575
  -32946
  -34850
  -36840
  -38806
  -40490
  -41859
  -42870
  -43712
  -44618
  -45719
  -47065
  -48850
  -51120
  -53765
  -56727
  -59866
  -63178
  -66592
  -70020
  -73279
  -76340
  -79124
  -81600
  -84036
  -86299
  -88441
  -90659
  -92964
  -95318
  -97710
 -100255
 -102808
 -105221
 -107287
 -108860
 -109828
 -110998
 -120957
 -134453
 -132531
 -125704
 -126648
 -124723
 -115291
  -95129
  -71054
  -42345
  -25462
  -17742
   -8977
    1314
    5232
    1799
   -7635
  -21040
  -36900
  -54353
  -71125
  -84902
  -94350
  -99288
  -99949
  -97067
  -91905
  -86184
  -88692
  -99233
 -104926
 -106169
 -100756
  -83567
  -63316
  -45805
  -32346
  -23575
  -20102
  -22757
  -31034
  -43233
  -57840
  -73482
  -88962
 -103027
 -114773
 -125735
 -142155
 -155881
 -158441
 -153345
 -144252
 -129547
 -110425
  -88506
  -65349
  -42809
  -22953
   -7078
    4602
   12090
   15554
   15476
   12766
    8086
    2078
   -4714
  -11849
  -19129
  -26173
  -32963
  -39484
  -45686
  -51630
  -57182
  -62319
  -66904
  -70730
  -73697
  -75698
  -76690
  -76811
  -76422
  -75833
  -75589
  -76251
  -78359
  -82444
  -88579
  -96753
 -106836
 -118443
 -130881
 -143235
 -154686
 -164498
 -172024
 -176620
 -177880
 -175804
 -170819
 -163173
 -153509
 -142760
 -131614
 -120606
 -110267
 -101228
  -93513
  -86888
  -81082
  -75923
  -71264
  -66674
  -61731
  -56286
  -50044
  -43074
  -35571
  -27745
  -19902
  -12529
   -5798
      70
    4894
    8643
   11382
   13077
   13910
   14074
   13727
   13011
   11991
   10575
    8672
    6140
    2670
   -1754
   -7350
  -14214
  -22350
  -31499
  -41334
  -51606
  -62035
  -72266
  -81850
  -90592
  -98117
 -104463
 -109696
 -113777
 -116887
 -119459
 -121800
 -124144
 -126615
 -129145
 -131676
 -134205
 -136739
 -138933
 -140586
 -141585
 -141664
 -140561
 -138167
 -134661
 -130360
 -125393
 -119792
 -113782
 -107646
 -101592
  -95733
  -90098
  -84736
  -79637
  -74721
  -69912
  -65084
  -60162
  -54998
  -49747
  -44591
  -39625
  -34898
  -30494
  -26588
  -23423
  -21085
  -19497
  -18616
  -18412
  -18686
  -19326
  -20205
  -21167
  -22257
  -23170
  -23898
  -24743
  -25934
  -27631
  -29680
  -31882
  -34202
  -36853
  -39904
  -43264
  -47014
  -51070
  -55497
  -60184
  -64641
  -68336
  -71220
  -73689
  -76117
  -78623
  -81302
  -84121
  -87161
  -90431
  -93828
  -97264
 -100538
 -103609
 -106241
 -108211
 -109653
 -110624
 -111020
 -110847
 -110193
 -109240
 -108123
 -107011
 -105848
 -104604
 -103348
 -102046
 -100673
  -99254
  -97727
  -95850
  -93551
  -90909
  -87883
  -84622
  -81220
  -77696
  -74150
  -70668
  -67247
  -63986
  -60944
  -57870
  -54714
  -51637
  -48631
  -45632
  -42640
  -39895
  -37278
  -34735
  -32495
  -30610
  -29047
  -27916
  -27400
  -27671
  -28337
  -29300
  -30725
  -32478
  -34419
  -36596
  -38816
  -41152
  -45518
  -53649
  -65965
 -153856
 -378642
 -612743
 -746292
 -736166
 -599208
 -362546
  -59237
  275483
  606068
  899362
 1127759
 1272172
 1323954
 1285363
 1168924
  995478
  791519
  583972
  395336
  240615
  126454
   52326
   12390
   -2690
   -4912
   -8188
  -26458
  -70969
 -148207
 -258681
 -396995
 -552285
 -710042
 -854634
 -972598
-1055525
-1101464
-1114192
-1101881
-1075727
-1048088
-1031068
-1035274
-1068083
-1132327
-1225371
-1339335
-1461719
-1576538
-1666633
-1715817
-1711981
-1648787
-1526081
-1349759
-1130552
 -882414
 -621069
 -362470
 -121401
   90456
  265390
  400833
  499391
  567991
  617125
  659233
  706183
  767508
  848804
  951281
 1071905
 1204234
 1339381
 1467108
 1577000
 1659619
 1707817
 1717723
 1689155
 1625487
 1533314
 1421342
 1299265
 1176151
 1058673
  950596
  852647
  762602
  675981
  587167
  489821
  378109
  247779
   96900
  -73589
 -260079
 -456396
 -654333
 -844330
-1017380
-1166040
-1285272
-1372760
-1429466
-1458870
-1466346
-1458556
-1442614
-1424893
-1410471
-1402135
-1400426
-1403466
-1407093
-1405584
-1392537
-1361869
-1308778
-1230647
-1127238
-1000797
 -855845
 -698350
 -534991
 -372692
 -217670
  -74848
   52652
  163870
  259660
  342820
  417208
  487204
  556877
  629242
  705981
  786859
  869844
  951431
 1027333
 1092902
 1143785
 1176462
 1188541
 1179262
 1149848
 1102960
 1042514
  973214
  899902
  826890
  757305
  692907
  633857
  578973
  525948
  471702
  413100
  347152
  271744
  185862
   89971
  -14255
 -123829
 -234806
 -342827
 -443880
 -534459
 -612209
 -675981
 -726000
 -763670
 -791359
 -811942
 -828361
 -843330
 -858915
 -876151
 -895039
 -914563
 -932655
 -946660
 -953755
 -951420
 -937676
 -911314
 -872314
 -821744
 -761543
 -694293
 -623036
 -550709
 -479711
 -411998
 -348678
 -290029
 -235341
 -183026
 -131266
  -78060
  -21783
   38494
  103180
  171769
  242994
  314804
  384840
  450746
  510063
  560772
  601533
  631883
