    -382
    2855
    6935
   12169
   16711
   21200
   25603
   28626
   31123
   33319
   34705
   35255
   34895
   33461
   30942
   27610
   24573
   21659
   17689
   12583
    6280
   -1060
   -9306
  -17892
  -26614
  -35377
  -44065
  -52586
  -61289
  -69672
  -77251
  -84156
  -90170
  -95341
  -99844
 -103661
 -106716
 -109259
 -111595
 -113501
 -115056
 -116595
 -117974
 -119158
 -120566
 -122043
 -123338
 -124258
 -124642
 -124353
 -123329
 -121580
 -118896
 -115290
 -110877
 -105768
 -100080
  -93982
  -87542
  -80865
  -73810
  -66525
  -59245
  -52120
  -45134
  -38422
  -32064
  -26067
  -20542
  -15404
  -10740
   -6810
   -3407
    -411
    2177
    4426
    6301
    7997
    9421
   10323
   10648
   10558
   10133
    9398
    8260
    6876
    5275
    3309
    1094
   -1319
   -4243
   -7983
  -12418
  -17398
  -22940
  -28717
  -34568
  -40523
  -46441
  -52268
  -57982
  -63274
  -68059
  -72599
  -76763
  -80722
  -84344
  -87463
  -90283
  -93109
  -95790
  -98202
 -100340
 -102178
 -103713
 -105334
 -106738
 -107938
 -108831
 -108176
 -106580
 -104746
 -103079
 -100490
  -97089
  -93218
  -88913
  -84120
  -79047
  -74054
  -69348
  -64969
  -60840
  -57035
  -53552
  -50120
  -46566
  -42648
  -38490
  -34140
  -29744
  -25909
  -22852
  -20707
  -19360
  -18403
  -17589
  -16919
  -16404
  -15965
  -15381
  -14753
  -14080
  -13356
  -12422
  -11994
  -12480
  -13517
  -15289
  -17860
  -21010
  -24558
  -28333
  -32458
  -36654
  -40753
  -44683
  -48378
  -51626
  -54457
  -56993
  -59211
  -61231
  -63273
  -65409
  -67502
  -69501
  -71526
  -73560
  -75615
  -77903
  -80186
  -82210
  -83941
  -85130
  -85737
  -85843
  -85435
  -84536
  -83556
  -82457
  -81059
  -80144
  -79887
  -79908
  -79730
  -79030
  -77375
  -74625
  -71021
  -66296
  -60837
  -56693
  -54322
  -53288
  -53092
  -53398
  -53431
  -52715
  -51574
  -50203
  -48265
  -45702
  -42425
  -38565
  -34708
  -31247
  -28050
  -25298
  -23311
  -22088
  -21474
  -21352
  -21547
  -21930
  -22277
  -22385
  -22322
  -22273
  -22449
  -22791
  -23400
  -24334
  -25883
  -28022
  -30599
  -33407
  -36329
  -39360
  -42198
  -44864
  -47231
  -49204
  -50914
  -52315
  -53483
  -54774
  -56101
  -57479
  -59410
  -62023
  -65047
  -68222
  -71639
  -74953
  -77592
  -79744
  -81451
  -82126
  -80463
  -77193
  -75190
  -75169
  -76894
  -80081
  -84218
  -88767
  -93260
  -97058
  -99607
 -100440
  -87055
  -26479
    -333
  -11516
  -32990
  -60625
  -90863
 -120201
 -145337
 -163561
 -173015
 -173013
 -164052
 -147557
 -125496
 -100438
  -75042
  -51705
  -32453
  -18394
   -9824
   -6119
   -6126
   -8275
  -10888
  -12313
  -11333
   -7171
     447
   11087
   23856
   37351
   50014
   60453
   67682
   71126
   70460
   66087
   59039
   50736
   42512
   35689
   31369
   30041
   31894
   36181
   41945
   47981
   52541
   54288
   52006
   44779
   32224
   14631
   -6966
  -31033
  -55951
  -80099
 -102008
 -120412
 -134538
 -144131
 -149518
 -151411
 -150897
 -149375
 -148081
 -147918
 -149753
 -153952
 -160428
 -168616
 -177678
 -186596
 -193988
 -198758
 -200042
 -197522
 -191219
 -181378
 -168768
 -154238
 -138819
 -123371
 -108731
  -95672
  -84505
  -75180
  -67472
  -60643
  -54005
  -46812
  -38323
  -28138
  -16060
   -2523
   11927
   26852
   41377
   54518
   65532
   73784
   78998
   81105
   80226
   76927
   72018
   66264
   60331
   54738
   49982
   46391
   43810
   41851
   39866
   37326
   33560
   28147
   20554
   10713
   -1153
  -14578
  -29056
  -44020
  -58825
  -72718
  -85064
  -95491
 -103921
 -110479
 -115437
 -119035
 -121965
 -124851
 -127932
 -131311
 -135207
 -139890
 -144862
 -149593
 -153608
 -156413
 -157563
 -156792
 -153906
 -149076
 -142402
 -134334
 -125893
 -117704
 -109819
 -102383
  -95817
  -90139
  -85266
  -80840
  -76587
  -71999
  -66754
  -60650
  -53506
  -45472
  -36717
  -27526
  -18473
  -10055
   -2492
    4174
    9732
   14044
   17043
   18872
   19799
   20190
   20394
   20598
   20483
   20051
   19628
   19318
   19131
   18684
   17777
   16223
   13810
   10618
    6507
    1538
   -4357
  -10805
  -17568
  -24717
  -31881
  -38551
  -44377
  -49489
  -54180
  -58466
  -62612
  -66773
  -70923
  -75116
  -79819
  -85215
  -90961
  -96700
 -102238
 -107396
 -111819
 -115505
 -118260
 -119906
 -120377
 -119834
 -118652
 -117019
 -114802
 -112214
 -109644
 -107485
 -105676
 -104161
 -102863
 -101330
  -99215
  -96335
  -92559
  -87841
  -82032
  -75414
  -68259
  -60801
  -53403
  -46320
  -39699
  -33541
  -27965
  -23099
  -19146
  -15916
  -13053
  -10438
   -7808
   -4914
   -1648
    1802
    5233
    8595
   12096
   15391
   17969
   19234
   18483
   15726
   11615
    6662
    1088
   -4736
  -10311
  -15464
  -18665
  -19415
  -22258
  -26056
  -30166
  -34576
  -39555
  -44829
  -50217
  -55828
  -62768
  -68611
  -71284
  -71320
  -72395
  -75095
  -79036
  -83872
  -89462
  -95378
 -101160
 -106670
 -111692
 -115798
 -118657
 -120018
 -119794
 -118234
 -115449
 -111784
 -107541
 -102966
  -98196
  -93471
  -88927
  -84513
  -80210
  -75900
  -71521
  -67083
  -62157
  -56878
  -51795
  -46731
  -41763
  -36812
  -31743
  -27030
  -22953
  -19256
  -15975
  -13307
  -11245
   -9518
   -7656
   -5585
   -3504
   -1295
    1031
    3538
    5994
    8052
    9314
    9515
    8785
    7223
    4725
    1352
   -2665
   -7145
  -12205
  -18368
  -25197
  -31692
  -37295
  -42150
  -46339
  -49806
  -52601
  -55011
  -57345
  -59876
  -62619
  -65694
  -69132
  -72967
  -76959
  -81124
  -85236
  -89053
  -92436
  -95205
  -96393
  -97077
  -98284
  -99319
 -101664
 -105816
 -105947
  -99210
  -92094
  -86927
  -83651
  -82307
  -82588
  -83801
  -85717
  -87841
  -89370
  -89757
  -88640
  -86026
  -81842
  -76318
  -69762
  -62640
  -55457
  -48709
  -42790
  -37879
  -33966
  -30924
  -28573
  -26703
  -24845
  -22658
  -20053
  -17001
  -13485
   -9644
   -5633
   -1794
    1515
    4030
    5531
    5895
    5076
    3155
     404
   -2884
   -6482
   -9969
  -13169
  -15891
  -18080
  -19766
  -21026
  -22098
  -23410
  -25222
  -27762
  -31027
  -35227
  -40318
  -46174
  -52654
  -59413
  -66149
  -72455
  -90738
 -161329
 -263149
 -362272
 -402560
 -381215
 -306337
 -190340
  -48727
  102006
  245897
  368492
  458541
  509428
  519377
  491358
  432439
  352762
  264255
  178169
  103183
   44816
    5331
  -15936
  -22277
  -18975
  -12355
   -9126
  -15109
  -34444
  -69002
 -118065
 -178076
 -243697
 -308441
 -365976
 -411430
 -441884
 -456976
 -458890
 -451671
 -440581
 -431221
 -428874
 -437902
 -460895
 -497962
 -546923
 -603016
 -659956
 -710501
 -747118
 -763314
 -754561
 -718848
 -657283
 -573421
 -472594
 -361678
 -248144
 -139291
  -41443
   40933
  105549
  152356
  183830
  204025
  218311
  232655
  252025
  279972
  318220
  366458
  422825
  484029
  545508
  602293
  649611
  683354
  700794
  700820
  683927
  652318
  609487
  559495
  506491
  454148
  405143
  360909
  321342
  285190
  250249
  213845
  173062
  125319
   69051
    3759
  -69916
 -149759
 -232668
 -314869
 -392301
 -461170
 -518390
 -562222
 -592216
 -609272
 -615119
 -612703
 -605881
 -597527
 -590110
 -585351
 -584070
 -585895
 -589464
 -592530
 -592120
 -585703
 -571233
 -546804
 -511499
 -465615
 -410512
 -348312
 -282022
 -214650
 -149192
  -88139
  -33193
   14493
   54745
   88400
  116882
  142024
  165841
  190325
  217047
  246649
  278769
  312313
  345449
  376183
  402353
  422169
  434108
  437245
  431720
  418166
  397861
  372694
  345082
  316916
  289385
  263714
  240870
  220559
  201916
  183831
  164917
  143739
  119098
   90170
   56670
   18868
  -22190
  -65092
 -107982
 -149052
 -187005
 -220724
 -249125
 -271774
 -288811
 -301212
 -310064
 -316795
 -322693
 -328761
 -335618
 -343826
 -353650
 -364558
 -375188
 -384220
 -390412
 -392418
 -389316
 -380702
 -366642
 -347804
 -325222
 -299980
 -273559
 -247236
 -221930
 -198331
 -176764
 -157029
 -138649
 -120899
 -102926
  -83656
  -62510
  -39151
  -13439
   14345
   43569
   73310
  102432
  129812
  154532
  175895
  193436
  206557
  215530
  221128
  224259
  225671
  225998
  226051
  226248
  226544
  226749
  226579
  225344
  222284
  216648
  207842
  195319
  179043
  159222
  136241
  110976
   84205
   56767
   29567
    3334
  -21544
  -44905
  -66820
  -87511
 -107252
 -126608
 -145927
 -165593
 -185806
 -206514
 -227421
 -247935
 -267337
 -285113
 -300603
 -313057
 -322153
 -327637
 -329487
 -327996
 -323657
 -317007
 -308595
 -299041
 -288728
 -277842
 -266405
 -254322
 -241530
 -227760
 -212653
 -195823
 -176891
 -155881
 -133058
 -108875
  -83767
  -58118
  -32513
   -7578
   16184
   38460
   58951
   77547
   94294
  109340
  122684
  134688
  145651
  155755
  165071
  173547
  180999
  187176
  191707
  194321
  194670
  192581
  188143
  181151
  171184
  158737
  144378
  128628
  111819
   94366
   76681
   59106
   41496
   24107
    6819
  -10580
  -28158
  -46167
  -64642
  -83515
 -102617
 -121633
 -140428
 -158566
 -175452
 -191042
 -205128
 -217267
 -227381
 -235439
 -241647
 -246049
 -248822
 -250166
 -250394
 -249631
 -247895
 -245216
 -241546
 -236848
 -231061
 -223837
 -214875
 -204074
 -191584
 -177723
 -162681
 -146637
 -129853
 -112607
  -95232
  -78147
  -61489
  -45292
  -29774
  -15201
   -1210
   12450
   25740
   38632
   51125
   63085
   74573
   85462
   95545
  104650
  112356
  118389
  122547
  125001
  125852
  125203
  123025
  119362
  114416
  108425
  101664
   94316
   86345
   77671
   68290
   58338
   47706
   36176
   23829
   10700
   -3159
  -17535
  -32289
  -47275
  -62144
  -76721
  -90860
 -104231
 -116732
 -128297
 -138872
 -148414
 -157097
 -165023
 -172029
 -178283
 -184129
 -189260
 -193763
 -197634
 -200651
 -202409
 -202719
 -201354
 -198368
 -193812
 -187751
 -180343
 -171637
 -162043
 -151833
 -141377
 -130289
 -118271
 -106270
  -94906
  -84450
  -74443
  -64607
  -54350
  -43678
  -32276
  -20186
   -7617
    5110
   17698
   30064
   41714
   52157
   60998
   68032
   71791
   73497
   76755
   79557
   81413
   82668
   83347
   83151
   82036
   80135
   77243
   73039
   67636
   61030
   53264
   44438
   34701
   24336
   13621
    2593
   -8480
  -19519
  -30405
  -40931
  -50958
  -60568
  -69892
  -78890
  -87781
  -96657
 -105407
 -113833
 -121984
 -129893
 -137468
 -144379
 -150483
 -155653
 -159664
 -162558
 -164286
 -164839
 -164342
 -162912
 -161556
 -159107
 -154282
 -148297
 -141711
 -135178
 -127494
 -118043
 -109752
 -102977
  -97224
  -92151
  -87274
  -82236
  -76680
  -70374
  -63207
  -55141
  -46349
  -36890
  -26710
  -16410
   -6500
    2609
   10853
   18281
   24675
   30038
   34546
   38184
   41190
   43635
   45557
   47021
   48201
   49109
   49421
   49168
   48088
   46032
   42956
   38904
   33942
   28141
   21454
   14139
    6625
    -826
   -8080
  -15092
  -21643
  -27822
  -33843
  -39573
  -45218
  -51404
  -59736
  -70145
  -78679
  -86129
  -93249
 -100100
 -106697
 -113404
 -121796
 -128099
 -131435
 -133183
 -133447
 -132441
 -130567
 -128265
 -125648
 -122847
 -120156
 -118408
 -117728
 -117566
 -118746
 -120006
 -119795
 -115017
 -109703
 -104347
  -94642
  -87161
  -81421
  -73974
  -66208
  -60411
  -53140
  -45871
  -40277
  -35149
  -29772
  -24483
  -19266
  -14071
   -8922
   -3858
    1230
    6358
   11090
   15113
   18767
   21615
   22521
   22162
   20874
   19045
   17532
   15950
   13254
   10453
    8174
    5884
    3049
     195
   -2898
   -5505
   -5555
   -4680
   -6538
  -12508
  -22336
  -33060
  -42120
  -50441
  -57809
  -63890
  -68622
  -72126
  -73067
  -74580
  -76676
  -78865
  -81233
  -84360
  -88166
  -92486
  -97248
 -102016
 -105714
 -108007
 -109690
 -111041
 -111593
 -111160
 -109879
 -107696
 -105124
 -102313
  -98778
  -94880
  -90744
  -84573
  -78904
  -74927
  -72090
  -70065
  -68419
  -66725
  -64571
  -61515
  -57568
  -53787
  -50371
  -46673
  -42613
  -38047
  -32853
  -27353
  -21753
  -16309
  -11247
   -6521
   -2189
    1692
    5014
    7562
    9410
   10701
   11475
   11839
   12008
   11896
   11254
   10098
    8444
    6246
    3299
    -385
   -4560
   -9260
  -14554
  -20149
  -25793
  -31342
  -36627
  -41354
  -45358
  -48860
  -51796
  -54396
  -56752
  -60228
  -65213
  -70133
  -74906
  -79252
  -82968
  -85889
  -88580
  -91252
  -93793
  -96072
  -98241
 -100138
 -101746
 -102897
 -103641
 -103873
 -103471
 -102567
 -100917
  -98510
  -95550
  -92222
  -88555
  -84657
  -80789
  -76850
  -72638
  -68039
  -63272
  -58535
  -54196
  -50494
  -47961
  -46327
  -44847
  -42643
  -39441
  -35253
  -30256
  -24748
  -19139
  -13670
   -8510
   -3929
    -312
    2306
    3912
    4420
    4073
    3149
    1869
     394
   -1144
   -2653
   -4126
   -5633
   -7223
   -9058
  -11235
  -14057
  -17522
  -21568
  -26109
  -30950
  -36041
  -43222
  -89628
 -186861
 -259712
 -287769
 -271860
 -217564
 -133934
  -32113
   75847
  177966
  263750
  325172
  357404
  359496
  334035
  286470
  224491
  156721
   91399
   35021
   -8332
  -36919
  -51446
  -54688
  -50668
  -44448
  -41084
  -45010
  -59134
  -84546
 -120531
 -164458
 -212139
 -258631
 -299351
 -330909
 -351215
 -360013
 -358803
 -350355
 -338688
 -328132
 -322723
 -325782
 -339308
 -363512
 -396725
 -435508
 -475077
 -509925
 -534690
 -544760
 -536744
 -509230
 -462828
 -400195
 -325577
 -243945
 -160949
  -82065
  -11714
   46915
   92236
  124276
  144756
  156904
  164704
  172370
  183764
  201612
  227311
  260879
  300776
  344129
  387522
  427297
  459958
  482444
  492500
  489593
  474465
  448872
  415199
  376601
  336345
  297282
  261374
  229439
  201256
  175738
  151162
  125401
   96328
   61995
   21312
  -25920
  -79159
 -136855
 -196614
 -255489
 -310531
 -359049
 -398924
 -428966
 -448932
 -459509
 -462107
 -458890
 -452365
 -444846
 -438126
 -433553
 -431689
 -432341
 -434594
 -436658
 -436413
 -431584
 -420477
 -402034
 -375874
 -341914
 -301005
 -254853
 -205769
 -156080
 -107970
  -63419
  -23673
   10503
   39058
   62664
   82610
  100543
  118000
  136145
  155686
  176941
  199752
  223488
  246947
  268512
  286425
  299514
  306905
  307872
  302562
  291593
  276031
  257230
  236608
  215628
  195450
  177043
  160690
  146078
  132700
  119656
  105756
   89880
   71275
   49411
   24150
   -4224
  -35086
  -67284
  -99304
 -129895
 -157897
 -182183
 -202262
 -218106
 -230083
 -238730
 -244913
 -249538
 -253610
 -258028
 -263364
 -269651
 -276703
 -283975
 -290660
 -296143
 -299476
 -299706
 -296244
 -288854
 -277611
 -262927
 -245351
 -225735
 -205133
 -184621
 -165075
 -146954
 -130307
 -115051
 -100975
  -87502
  -73966
  -59803
  -44400
  -27526
   -8970
   10938
   31642
   52560
   72968
   92054
  109087
  123542
  135095
  143646
  149387
  152628
  154074
  154301
  153871
  153101
  152354
  151648
  150898
  149825
  147777
  144257
  138882
  131177
  120867
  108091
   92898
   75612
   56888
   37367
   17473
   -2107
  -21039
  -39159
  -56113
  -71877
  -86568
 -100323
 -113721
 -127058
 -140492
 -154168
 -168071
 -181989
 -195674
 -208596
 -220396
 -230677
 -239013
 -245121
 -248631
 -249541
 -248045
 -244463
 -239130
 -232444
 -224946
 -216797
 -208373
 -199666
 -190531
 -180936
 -170734
 -159595
 -147064
 -133119
 -117834
 -101373
  -83965
  -65910
  -47569
  -29310
  -11583
    5217
   20782
   35135
   48179
   59915
   70417
   79822
   88253
   95837
  102788
  109108
  114772
  119766
  123904
  126892
  128467
  128454
  126561
  122747
  117008
  109438
  100225
   89636
   77932
   65386
   52310
   39019
   25873
   12823
     -79
  -12970
  -25942
  -38998
  -52234
  -65593
  -78905
  -92256
 -105541
 -118678
 -131522
 -143727
 -154813
 -164546
 -172969
 -180033
 -185665
 -189700
 -192538
 -192817
 -193726
 -195178
 -195914
 -195989
 -194587
 -191700
 -187344
 -181639
 -174627
 -166213
 -156454
 -145547
 -133892
 -121733
 -109269
  -96683
  -84115
  -71797
  -59974
  -48441
  -37261
  -26542
  -16074
   -5641
    4686
   14690
   24350
   35433
   50456
   63203
   71542
   75854
   76628
   74906
   71510
   67119
   62628
   58551
   55131
   52749
   51272
   50560
   50108
   49449
   48267
   46203
   43028
   38310
   31544
   22991
   12997
    1940
   -9699
  -21325
  -32736
  -43449
  -53188
  -61957
  -69770
  -76826
  -83471
  -90145
  -96787
 -103515
 -110235
 -116863
 -123274
 -129304
 -134516
 -138590
 -141465
 -143079
 -143145
 -141762
 -139290
 -135916
 -131905
 -127522
 -123274
 -119286
 -115613
 -112430
 -109561
 -106796
 -103705
 -100167
  -96032
  -91011
  -84834
  -77294
  -68705
  -59423
  -49792
  -40331
  -31975
  -25371
  -18955
  -12293
   -5842
     604
    6414
   11478
   16342
   21420
   25759
   28876
   30937
   32405
   33075
   31940
   31004
   31315
   31833
   31743
   30004
   27295
   24089
   20126
   15560
   10206
    3949
   -3084
   -9628
  -16243
  -24137
  -32865
  -41027
  -48494
  -54344
  -58553
  -62522
  -66137
  -69618
  -73198
  -77099
  -81532
  -86436
  -91625
  -96942
 -102115
 -106920
 -111270
 -114945
 -119227
 -124426
 -127128
 -127032
 -124641
 -120570
 -115536
 -109997
 -104482
  -99386
  -95046
  -91478
  -88626
  -86204
  -83886
  -81524
  -78749
  -75279
  -70925
  -65825
  -60109
  -54006
  -47732
  -41512
  -35596
  -30283
  -25667
  -21783
  -18603
  -16069
  -13971
  -12102
  -10285
   -8361
   -6067
   -3350
    -455
    2529
    5439
    7962
    9960
   11130
   11254
   10240
    7965
    4747
     767
   -3598
   -8116
  -12485
  -16548
  -20208
  -23335
  -26140
  -28619
  -30913
  -33246
  -35708
  -38575
  -41829
  -45532
  -49810
  -54596
  -59733
  -64865
  -69812
  -74448
  -78475
  -81847
  -84633
  -86812
  -88229
  -89056
  -89571
  -89913
  -90077
  -90220
  -90375
  -90554
  -90710
  -90793
  -90647
  -90061
  -88779
  -83445
  -31425
   73793
  157800
  192050
  176753
  117148
   22627
  -94161
 -218809
 -336901
 -435976
 -507011
 -544941
 -548904
 -521815
 -469500
 -399993
 -322456
 -245709
 -177428
 -122975
  -84983
  -63178
  -54603
  -54313
  -56456
  -55132
  -45512
  -24709
    8130
   51576
  102745
  157422
  210881
  258614
  296810
  322959
  336363
  338286
  331540
  320401
  309849
  304613
  308665
  324265
  351329
  387687
  429557
  471872
  508758
  534676
  544565
  534658
  503228
  450706
  379408
  293766
  199534
  103161
   10838
  -72147
 -142070
 -197078
 -237494
 -265383
 -284136
 -298032
 -311504
 -328412
 -351757
 -383289
 -423064
 -469613
 -520145
 -570776
 -617336
 -655701
 -682454
 -695239
 -693377
 -677482
 -649511
 -612259
 -568965
 -522862
 -477001
 -433616
 -393902
 -358259
 -325589
 -294010
 -261311
 -225024
 -182874
 -133729
  -77252
  -14337
   53277
  123007
  191731
  256329
  313964
  362240
  399667
  425657
  440768
  446524
