  589698
  628155
  672594
  718092
  771026
  809246
  825902
  822719
  781084
  722252
  653660
  568330
  459503
  383257
  350281
  343875
  366102
  412781
  467717
  524035
  575188
  612640
  633067
  634497
  617702
  586953
  547176
  504642
  466209
  437395
  422239
  422608
  438779
  468741
  508650
  553952
  599352
  640144
  672552
  694112
  703750
  702317
  692121
  676545
  659393
  644222
  634017
  630456
  634195
  644043
  657896
  672914
  686044
  693955
  694224
  685449
  667176
  640716
  608109
  572553
  537765
  507420
  484620
  471583
  469159
  476753
  492151
  512848
  535592
  556665
  572952
  582036
  582515
  574354
  558694
  537595
  514037
  491491
  473019
  461425
  458252
  464295
  478930
  500704
  527108
  555003
  581565
  604166
  620572
  629456
  630841
  625316
  614449
  600615
  586324
  573821
  565093
  561391
  563074
  569867
  580484
  593345
  606280
  617102
  624159
  626331
  622863
  614461
  601941
  586720
  570781
  556193
  544692
  537516
  535327
  538098
  545028
  554960
  566299
  577191
  585781
  590935
  591973
  588662
  581761
  572191
  561372
  550809
  542169
  536817
  535386
  538362
  545520
  555990
  568298
  580939
  592550
  602014
  608125
  610309
  608474
  603079
  594953
  585245
  575457
  566697
  560133
  556574
  556303
  559185
  564276
  570655
  577129
  582671
  586322
  587541
  586134
  581876
  575110
  566720
  557451
  548394
  541049
  536023
  533923
  534871
  538482
  544377
  551505
  558824
  565365
  570210
  572930
  573237
  571378
  567816
  563198
  558443
  554553
  552306
  552349
  554586
  559040
  565223
  572658
  580623
  588237
  594630
  599296
  601805
  602136
  600302
  596830
  592359
  587573
  583133
  579736
  577881
  577950
  579747
  582695
  586701
  591418
  595598
  598504
  599623
  598511
  595223
  590144
  583838
  576969
  570689
  565137
  560571
  557475
  556019
  556325
  557795
  559927
  562210
  563897
  564618
  564499
  563656
  561833
  559392
  556412
  553528
  551329
  550520
  550701
  551630
  553403
  555924
  559409
  563245
  566962
  570078
  572409
  573879
  574509
  574285
  573368
  572173
  570925
  569973
  569535
  569670
  570937
  573065
  575909
  579033
  582219
  585077
  587450
  588861
  588990
  588125
  586770
  585221
  583335
  581015
  579096
  577749
  576911
  576638
  576962
  577854
  579117
  580632
  582086
  583081
  583563
  583464
  582753
  581452
  579739
  577783
  575349
  573051
  571156
  569648
  568811
  568352
  568307
  568880
  569582
  570256
  570772
  570972
  570746
  570021
  568904
  567558
  566185
  564815
  563569
  562801
  562637
  563260
  564817
  567412
  570799
  574154
  576875
  578649
  579433
  579390
  578582
  576909
  574697
  572407
  570445
  569119
  568628
  568999
  569984
  571241
  572866
  574450
  576082
  577483
  578435
  578817
  578638
  578030
  576953
  575823
  574690
  573728
  573122
  572738
  572574
  572874
  573667
  575108
  576973
  578817
  580603
  582206
  583355
  583894
  583872
  583496
  582725
  581946
  581414
  581119
  581197
  581515
  581924
  582377
  582929
  583292
  583450
  583155
  582326
  581093
  579676
  578196
  576536
  574729
  573090
  571634
  570685
  569990
  569560
  569317
  569409
  569857
  570392
  570598
  570586
  570478
  570094
  569315
  568137
  566962
  565904
  565189
  564781
  564599
  565155
  566196
  567486
  569212
  570953
  572787
  574640
  576343
  577822
  578950
  579681
  580210
  580438
  580574
  580863
  581095
  581513
  582101
  582777
  583542
  584387
  585152
  585761
  586069
  586122
  585943
  585511
  584855
  584023
  582873
  581644
  580604
  579618
  578740
  578173
  577712
  577352
  577174
  576993
  576650
  576181
  575462
  574648
  573716
  572582
  571582
  570723
  569936
  569325
  568951
  568651
  568656
  568937
  569499
  570048
  570627
  571237
  571833
  572460
  573111
  573797
  574206
  574552
  574816
  574862
  574851
  574976
  575300
  575834
  576380
  576798
  577122
  577568
  577994
  578151
  578234
  578321
  578206
  578183
  578267
  578282
  578431
  578730
  579041
  579374
  579737
  580099
  580327
  580718
  580932
  581035
  581089
  580980
  580845
  580488
  580292
  579999
  579728
  579467
  579125
  578976
  578868
  578789
  578690
  578538
  578185
  577951
  577848
  577600
  577258
  576715
  576313
  575953
  575635
  575354
  575183
  575108
  575310
  575507
  575668
  575896
  575989
  575954
  575894
  575841
  575814
  575885
  576109
  576387
  576588
  576740
  576826
  577039
  577297
  577447
  577628
  577684
  577643
  577541
  577235
  576993
  576705
  576525
  576515
  576522
  576701
  576770
  576847
  577065
  577297
  577577
  577762
  578079
  578366
  578528
  578697
  578817
  579057
  579420
  579808
  580114
  580404
  580767
  581258
  581499
  581723
  582032
  582436
  582827
  583094
  583235
  583374
  583274
  583030
  582624
  582107
  581706
  581634
  581492
  581310
  581078
  580695
  580342
  579910
  579422
  579055
  578555
  578129
  577832
  577454
  576858
  576484
  576372
  576335
  576329
  576498
  576802
  577017
  577257
  577363
  577439
  577589
  577863
  578272
  578844
  579240
  579269
  579204
  578973
  578712
  578491
  578379
  578489
  578744
  579089
  579390
  579835
  580254
  580884
  581421
  581972
  582370
  582699
  582997
  582963
  582814
  582440
  582013
  581622
  581165
  580857
  580676
  580650
  580674
  580666
  580593
  580234
  579783
  579401
  578987
  578615
  578387
  578637
  579275
  579833
  580236
  580551
  580683
  580826
  580882
  580906
  581034
  581215
  581336
  581399
  581467
  581663
  581992
  582472
  583264
  584193
  584990
  585849
  587085
  588255
  589168
  589611
  589591
  589081
  588133
  586586
  584782
  582908
  581377
  580194
  579332
  578734
  578513
  578461
  578393
  578423
  578369
  578269
  578089
  577935
  577723
  577384
  576781
  576203
  576043
  576162
  576370
  576717
  577067
  577543
  578214
  578912
  579452
  579938
  580276
  580688
  581026
  581385
  581585
  581769
  582190
  582678
  583280
  584080
  584764
  585423
  586019
  586455
  586890
  587079
  586926
  586407
  585809
  585095
  584169
  583063
  582096
  581322
  580925
  580687
  580759
  580893
  581033
  581308
  581579
  581785
  581782
  581735
  581543
  581114
  580676
  580362
  580047
  579640
  579294
  579178
  579402
  579871
  580368
  580921
  581812
  582757
  583319
  583668
  583730
  583552
  583302
  583042
  582858
  582531
  582350
  582510
  582877
  583408
  583799
  584204
  584501
  584631
  584666
  584344
  583682
  582823
  581949
  581049
  580164
  579505
  579288
  579701
  580544
  581818
  583472
  585274
  587045
  588627
  589742
  590488
  590770
  590552
  589935
  588944
  587530
  585602
  583508
  581508
  579811
  578741
  578233
  578220
  578733
  579512
  580350
  581195
  581916
  582265
  582275
  582109
  581783
  581363
  580951
  580379
  579874
  579626
  579596
  579694
  580157
  580647
  581026
  581453
  581610
  581652
  581801
  581923
  582037
  582220
  582527
  583006
  583576
  584240
  585017
  585795
  586466
  587091
  587553
  587883
  587808
  587453
  586791
  585936
  585122
  584398
  584189
  584623
  585298
  585935
  586264
  586384
  586316
  585958
  585516
  585028
  584372
  583743
  583197
  582791
  582385
  582069
  581930
  581924
  582049
  581965
  581384
  580621
  580026
  579509
  579008
  578756
  578715
  578924
  579474
  580073
  580701
  581298
  581760
  582349
  582639
  582869
  582944
  582910
  583093
  583664
  584845
  586370
  587873
  589163
  590355
  590942
  590859
  590349
  589594
  588477
  587397
  586442
  585790
  585495
  585356
  585390
  585437
  585519
  585895
  586240
  586307
  586314
  586144
  585754
  585267
  584717
  584239
  583831
  583552
  583452
  583480
  583606
  583897
  584071
  583918
  583798
  583690
  583655
  583767
  583879
  584026
  584138
  584438
  584825
  585107
  585394
  585601
  585663
  585763
  585900
  586093
  586135
  586149
  586266
  586342
  586357
  586430
  586396
  586349
  586184
  586050
  585936
  585942
  585969
  585873
  585858
  585907
  585882
  585808
  585713
  585564
  585462
  585462
  585549
  585487
  585506
  585486
  585429
  585317
  585137
  584913
  584680
  584473
  584283
  584046
  583953
  583829
  583646
  583649
  583614
  583429
  583238
  583261
  583466
  583670
  583988
  584258
  584388
  584641
  585041
  585348
  585426
  585306
  585356
  585454
  585609
  585789
  586333
  587454
  588813
  590241
  591269
  591815
  592014
  591837
  591346
  590584
  589770
  588974
  587954
  587072
  586404
  585974
  585755
  585726
  585797
  585835
  585556
  584960
  584525
  584213
  583915
  583745
  583998
  584429
  584821
  584997
  584954
  584920
  584838
  584650
  584498
  584272
  584225
  584317
  584400
  584638
  584906
  585326
  585692
  586034
  586414
  586832
  587311
  587548
  587734
  588119
  588343
  588422
  588368
  588393
  588309
  588090
  588180
  587944
  587292
  587083
  586611
  585933
  586265
  587052
  587575
  588031
  589317
  590546
  590045
  591010
  594563
  598549
  601352
  601644
  598958
  595122
  591626
  588617
  586234
  584234
  582257
  580266
  580354
  583047
  585989
  585538
  583572
  582386
  581081
  580041
  579501
  579967
  580277
  580322
  580771
  581481
  582326
  583310
  584388
  585411
  585988
  586515
  586791
  586770
  586763
  586722
  586710
  586812
  587200
  587726
  588364
  589379
  590588
  591902
  593277
  594656
  595929
  596734
  597163
  597291
  597018
  596263
  595046
  593427
  591535
  589721
  588253
  586791
  585577
  584958
  584576
  584497
  584819
  585141
  585472
  585797
  586030
  585972
  585611
  585293
  585017
  584567
  583906
  583466
  583420
  583560
  584154
  584935
  585767
  586606
  587782
  589139
  590182
  590692
  590447
  589953
  590031
  590201
  591511
  593983
  595580
  595911
  595508
  595246
  594642
  593379
  591912
  590531
  589235
  588035
  586945
  586189
  585570
  585081
  584873
  584630
  584642
  584913
  585189
  585582
  585953
  586160
  586240
  586538
  592958
  616682
  639883
  651308
  653114
  647584
  636435
  622049
  606452
  591598
  578970
  569734
  564617
  563283
  565148
  569232
  574512
  580067
  584845
  588094
  589089
  587671
  584401
  579665
  574172
  568760
  564189
  560809
  558924
  558569
  559871
  562292
  565401
  568619
  571639
  574227
  576199
  577205
  577274
  576925
  576577
  576638
  577625
  579838
  583326
  588576
  594756
  600848
  606613
  611890
  616039
  618816
  619890
  619405
  617387
  613686
  608385
  602339
  596497
  591542
  588049
  586395
  586577
  588182
  590828
  594071
  597619
  600623
  602393
  602729
  601584
  599106
  595750
  591648
  587326
  583057
  579469
  577046
  576019
  576329
  577926
  580554
  583631
  586694
  589455
  591631
  592759
  593103
  592642
  591528
  589983
  588391
  587090
  586496
  587143
  588902
  590334
  592807
  595786
  598112
  600918
  602931
  603642
  603017
  600951
  598076
  595129
  592134
  589194
  586215
  583881
  582593
  582745
  583865
  585232
  586632
  588128
  589532
  590371
  590472
  589836
  588196
  586149
  584127
  582203
  580387
  578723
  577858
  578069
  579446
  581761
  584545
  587373
  590445
  593291
  595409
  596953
  597980
  598421
  597965
  596706
  594948
  593128
  591871
  591478
  592234
  594571
  598295
  601796
  605112
  608376
  609992
  609851
  607861
  604574
  600315
  595594
  590965
  586769
  583478
  581782
  581440
  582293
  583977
  586027
  588193
  590393
  592206
  593736
  594589
  594094
  592072
  588648
  584357
  581262
  580139
  580767
  582301
  583889
  585794
  587811
  589725
  591781
  593345
  593956
  593756
  593393
  592927
  592469
  592214
  592118
  592450
  593002
  593838
  594819
  596087
  597651
  599181
  600503
  601228
  601358
  600941
  599859
  598385
  596499
  594513
  592595
  591175
  590080
  589479
  589399
  589905
  590923
  592290
  593762
  594765
  595049
  595421
  595787
  595125
  593865
  592680
  591475
  590251
  589454
  588775
  588506
  588839
  589458
  590474
  592006
  593665
  594966
  595732
  596047
  595888
  595408
  594731
  593924
  593126
  592574
  592322
  592379
  592780
  593219
  593716
  594133
  594388
  594448
  594283
  593744
  593034
  592250
  591293
  590031
  589240
  588807
  588425
  588557
  589583
  590927
  592339
  593411
  594226
  595162
  596063
  596716
  597078
  596996
  596781
  596260
  595278
  593712
  592796
  592255
  591927
  591567
  591413
  591925
  592592
  593098
  593758
  594631
  595414
  595865
  595912
  595707
  595549
  595302
  594843
  594160
  593628
  593447
  593543
  593825
  593970
  594177
  594516
  594667
  594721
  594459
  594183
  593834
  593239
  592483
  591955
  591569
  591487
  591745
  592178
  592741
  593590
  594514
  595164
  595554
  595763
  595744
  595487
  594997
  594176
  593270
  592463
  591829
  591248
  591050
  591225
  591556
  591829
  592094
  592273
  592450
  592446
  592452
  592540
  592371
  592355
  592385
  592387
  592305
  592350
  592470
  592680
  593267
  593951
  594373
  594835
  595364
  595794
  596197
  596510
