 -312258
 -315225
 -318389
 -321531
 -324519
 -327320
 -329657
 -331566
 -333270
 -334815
 -336161
 -337575
 -339269
 -341183
 -343292
 -345750
 -348428
 -351200
 -354035
 -356544
 -358580
 -359879
 -360561
 -360669
 -360187
 -359268
 -357813
 -355983
 -353991
 -351742
 -349591
 -347794
 -346441
 -345426
 -344628
 -343801
 -342941
 -342098
 -341067
 -339567
 -337730
 -335454
 -332902
 -330241
 -327380
 -324578
 -321907
 -319576
 -317492
 -315794
 -314420
 -313216
 -312050
 -311061
 -310160
 -309267
 -308258
 -307353
 -306703
 -306355
 -306392
 -306812
 -307438
 -308334
 -309472
 -310737
 -311835
 -312803
 -313740
 -314615
 -315520
 -316417
 -317524
 -318968
 -320835
 -322955
 -324942
 -327083
 -329452
 -331613
 -333349
 -334525
 -335209
 -335665
 -336193
 -336848
 -337848
 -339331
 -341290
 -343467
 -345555
 -347427
 -349156
 -350564
 -351454
 -351927
 -352119
 -352058
 -351617
 -350757
 -349445
 -347936
 -346490
 -345166
 -344111
 -343328
 -342906
 -342701
 -342378
 -341916
 -341261
 -340258
 -338600
 -336143
 -333242
 -330084
 -326860
 -324278
 -322414
 -320443
 -317896
 -315350
 -313266
 -312029
 -311828
 -312331
 -313407
 -315347
 -317219
 -318376
 -318435
 -317593
 -316390
 -314712
 -312328
 -309018
 -305638
 -303323
 -302451
 -303379
 -306334
 -311283
 -316504
 -320980
 -324951
 -328514
 -331895
 -334231
 -334578
 -333502
 -331766
 -329744
 -327893
 -326617
 -326554
 -327723
 -330078
 -333596
 -337879
 -342518
 -346868
 -350385
 -352927
 -354489
 -354749
 -353615
 -351066
 -347618
 -344116
 -341074
 -338705
 -337241
 -337228
 -338292
 -340039
 -342217
 -343705
 -344402
 -344286
 -343122
 -340947
 -337938
 -334358
 -330584
 -327040
 -323874
 -321471
 -320097
 -319895
 -320725
 -321955
 -322784
 -323214
 -323202
 -322855
 -322341
 -321687
 -321372
 -321316
 -320974
 -320207
 -318847
 -316697
 -314420
 -312461
 -310705
 -309195
 -308369
 -308893
 -310978
 -313984
 -317732
 -321681
 -325034
 -327740
 -329933
 -331581
 -331848
 -330944
 -329377
 -327623
 -326163
 -325401
 -325381
 -326511
 -328839
 -331791
 -334883
 -337683
 -340219
 -342171
 -343148
 -343273
 -342764
 -341721
 -340436
 -339179
 -338281
 -337805
 -337861
 -338356
 -339038
 -339998
 -341260
 -342572
 -343474
 -343825
 -343342
 -341978
 -340329
 -338347
 -336241
 -334122
 -332101
 -330406
 -329243
 -328774
 -328830
 -329210
 -329783
 -330301
 -330491
 -330270
 -329581
 -328563
 -327097
 -324975
 -322725
 -320610
 -318652
 -317002
 -315848
 -315167
 -315013
 -315431
 -316476
 -317838
 -319114
 -320227
 -321361
 -322294
 -322793
 -323082
 -323021
 -322855
 -322812
 -322663
 -322523
 -322517
 -323077
 -324296
 -326177
 -328375
 -329883
 -331131
 -332427
 -333676
 -334808
 -335820
 -336533
 -337328
 -337942
 -338031
 -337915
 -337729
 -337437
 -337020
 -336897
 -337628
 -338952
 -339989
 -340541
 -340729
 -340496
 -339880
 -338884
 -337431
 -335675
 -334573
 -334312
 -334444
 -335047
 -336297
 -338020
 -339989
 -341893
 -343411
 -344148
 -343806
 -342185
 -339598
 -336151
 -332158
 -328170
 -324106
 -320038
 -316571
 -314531
 -314207
 -316125
 -320303
 -325605
 -330610
 -334880
 -338379
 -341660
 -337262
 -326409
 -319111
 -312262
 -305766
 -302564
 -302007
 -301005
 -301061
 -299969
 -295626
 -296166
 -302467
 -314157
 -331837
 -349878
 -364140
 -373474
 -376607
 -373647
 -365355
 -352930
 -338068
 -322951
 -309966
 -300652
 -296341
 -297730
 -304572
 -315755
 -329816
 -345057
 -359241
 -370417
 -377040
 -378279
 -374209
 -365492
 -353280
 -339233
 -325053
 -312697
 -303934
 -299488
 -299089
 -303283
 -310997
 -321071
 -332641
 -344181
 -354032
 -360723
 -363307
 -361523
 -355520
 -345786
 -334259
 -322767
 -312626
 -305361
 -301642
 -301456
 -304856
 -311326
 -319594
 -328716
 -337400
 -344102
 -348031
 -348659
 -345813
 -339847
 -332060
 -323458
 -315102
 -308087
 -303495
 -301860
 -303083
 -307005
 -313370
 -321320
 -329696
 -337772
 -344941
 -348764
 -349106
 -348786
 -345491
 -339705
 -332492
 -324933
 -318441
 -314262
 -313133
 -315275
 -320033
 -326299
 -333287
 -340123
 -345536
 -348982
 -350419
 -349675
 -346872
 -342579
 -337415
 -332152
 -327969
 -325114
 -323731
 -324485
 -326942
 -330307
 -333671
 -336818
 -341122
 -345152
 -346912
 -346766
 -344946
 -341155
 -335953
 -330328
 -324544
 -318258
 -313134
 -310732
 -311912
 -316995
 -324401
 -332731
 -339678
 -343397
 -343983
 -342688
 -344862
 -354545
 -372775
 -394269
 -403516
 -392784
 -363305
 -319827
 -268827
 -217736
 -174813
 -146463
 -136565
 -146841
 -176628
 -222339
 -278046
 -337081
 -392220
 -436635
 -464907
 -473892
 -463456
 -436200
 -396490
 -350205
 -304393
 -266107
 -240955
 -232177
 -240536
 -264823
 -302012
 -347041
 -393383
 -434805
 -466281
 -484244
 -486738
 -473714
 -446949
 -410113
 -368337
 -327280
 -291879
 -265957
 -252700
 -253361
 -266562
 -289443
 -317753
 -346676
 -371956
 -389917
 -397670
 -394163
 -379752
 -356387
 -327378
 -296319
 -267517
 -245281
 -232757
 -231396
 -240989
 -260079
 -286143
 -315584
 -344239
 -368149
 -384358
 -391182
 -388062
 -375777
 -356085
 -332205
 -308034
 -286967
 -271847
 -264885
 -267320
 -278899
 -298001
 -321849
 -347134
 -370790
 -389526
 -400937
 -403770
 -397737
 -383970
 -364500
 -342087
 -319763
 -300537
 -286806
 -280290
 -281824
 -290733
 -305482
 -323843
 -343188
 -360587
 -373528
 -380389
 -380233
 -373045
 -359952
 -343170
 -325192
 -308342
 -294897
 -286688
 -284811
 -289367
 -299667
 -314399
 -331356
 -348018
 -362132
 -371946
 -376209
 -374587
 -367391
 -355963
 -341907
 -327108
 -313909
 -304417
 -299768
 -300380
 -306106
 -316024
 -328705
 -342159
 -354434
 -363779
 -369213
 -369907
 -365577
 -356890
 -345234
 -332264
 -319557
 -308712
 -301216
 -297845
 -298957
 -304174
 -312413
 -322216
 -332250
 -341356
 -348121
 -351385
 -350840
 -346747
 -340234
 -332107
 -321398
 -311026
 -303781
 -300292
 -300845
 -304090
 -308662
 -312165
 -311315
 -307225
 -300542
 -300369
 -304703
 -312905
 -327440
 -349011
 -374231
 -373849
 -363645
 -363423
 -374661
 -396139
 -424834
 -456028
 -484395
 -504452
 -511679
 -503497
 -480198
 -443846
 -398005
 -347828
 -299030
 -257238
 -227308
 -211962
 -211715
 -225396
 -250341
 -282058
 -315173
 -344462
 -365407
 -375097
 -371911
 -355861
 -329196
 -295478
 -258904
 -224448
 -196648
 -179265
 -174541
 -183053
 -203800
 -234273
 -270592
 -308142
 -342745
 -370778
 -389304
 -397197
 -394609
 -382847
 -364770
 -343891
 -324049
 -308876
 -300918
 -301417
 -310229
 -326264
 -347377
 -370577
 -393010
 -411414
 -422868
 -425753
 -420150
 -406937
 -387654
 -364881
 -341649
 -320913
 -305244
 -296503
 -295424
 -301786
 -314072
 -330184
 -347409
 -362864
 -374404
 -380003
 -378542
 -369844
 -354924
 -336085
 -315919
 -297106
 -281920
 -272221
 -269249
 -273265
 -283442
 -298189
 -315612
 -333558
 -349883
 -362663
 -370179
 -371559
 -366886
 -357419
 -344805
 -330872
 -317752
 -307207
 -300679
 -299299
 -303296
 -311680
 -323304
 -336371
 -349158
 -359893
 -366909
 -369549
 -367455
 -360669
 -350118
 -337327
 -324151
 -312399
 -303400
 -298238
 -297299
 -300659
 -307629
 -317097
 -327644
 -337522
 -345339
 -350173
 -351739
 -349452
 -343131
 -334881
 -325905
 -318017
 -311565
 -305921
 -300354
 -294613
 -298053
 -329409
 -359810
 -356638
 -332371
 -302746
 -274235
 -251913
 -235142
 -222954
 -234435
 -278906
 -362034
 -446719
 -513380
 -555775
 -569407
 -552945
 -508582
 -442444
 -364060
 -284255
 -213672
 -162144
 -136556
 -140165
 -171967
 -226964
 -297021
 -372326
 -442473
 -497677
 -530462
 -536407
 -514953
 -469467
 -406231
 -333415
 -260865
 -198605
 -154691
 -134195
 -138807
 -167021
 -214269
 -273532
 -336418
 -394074
 -438972
 -465492
 -470476
 -453422
 -417496
 -368926
 -315055
 -263384
 -221048
 -194014
 -186015
 -197853
 -227431
 -270355
 -320669
 -371264
 -415346
 -447232
 -462790
 -460447
 -441144
 -407897
 -365810
 -321154
 -280392
 -249330
 -232153
 -231081
 -245873
 -274525
 -312902
 -355356
 -396031
 -429655
 -452060
 -460102
 -452280
 -429994
 -396638
 -356937
 -316269
 -280002
 -252849
 -238168
 -237620
 -250812
 -275344
 -307399
 -342369
 -375458
 -401958
 -418201
 -422131
 -413245
 -392931
 -364261
 -331343
 -298808
 -271261
 -252477
 -244680
 -248634
 -263227
 -286140
 -314205
 -343303
 -369346
 -388753
 -399061
 -399201
 -389403
 -371436
 -347930
 -322167
 -297857
 -278465
 -266738
 -264215
 -271240
 -286479
 -307407
 -331165
 -354671
 -374581
 -388207
 -393752
 -390899
 -380140
 -363283
 -343077
 -322492
 -304393
 -290936
 -283546
 -283386
 -290532
 -303853
 -321505
 -341030
 -359997
 -375632
 -385985
 -389518
 -386054
 -376299
 -361714
 -344412
 -326945
 -311693
 -300626
 -295154
 -296071
 -303275
 -315530
 -330747
 -346826
 -361715
 -373072
 -379295
 -379743
 -374376
 -363790
 -349640
 -333948
 -318988
 -306931
 -299174
 -296519
 -298922
 -306073
 -316871
 -329668
 -342629
 -353772
 -361504
 -364780
 -363369
 -357573
 -347953
 -335787
 -322788
 -310740
 -301434
 -296275
 -295772
 -299890
 -307885
 -318705
 -330774
 -342270
 -351741
 -357967
 -360292
 -358628
 -353422
 -345383
 -335622
 -325650
 -317058
 -311172
 -308690
 -309921
 -314931
 -323002
 -332996
 -343400
 -352846
 -360182
 -364359
 -364780
 -361476
 -355257
 -347135
 -338379
 -330200
 -323797
 -319998
 -319259
 -321622
 -326645
 -333354
 -340909
 -348390
 -354552
 -358820
 -360667
 -359802
 -356431
 -351023
 -344029
 -336421
 -329139
 -323173
 -319437
 -318132
 -319423
 -323073
 -328369
 -334362
 -340718
 -346887
 -350352
 -350497
 -347882
 -342971
 -336466
 -329169
 -322213
 -316272
 -312423
 -311563
 -313535
 -317824
 -323810
 -330881
 -338454
 -347280
 -355495
 -358331
 -354506
 -344519
 -329345
 -313640
 -298562
 -289476
 -300019
 -329910
 -358304
 -376169
 -381055
 -373994
 -356715
 -332038
 -303536
 -275342
 -252068
 -237963
 -235568
 -245133
 -265331
 -293677
 -327131
 -361608
 -392406
 -415005
 -427009
 -428051
 -418282
 -399154
 -373457
 -345161
 -318940
 -298136
 -285078
 -281639
 -288707
 -305354
 -328916
 -355767
 -382267
 -405279
 -421560
 -428732
 -425632
 -412903
 -392631
 -367611
 -340652
 -314976
 -294094
 -280476
 -275166
 -278161
 -288555
 -304649
 -323960
 -343270
 -359555
 -370445
 -374692
 -371577
 -361418
 -345579
 -326398
 -307138
 -290525
 -278512
 -272696
 -273771
 -281436
 -294767
 -311816
 -329974
 -347110
 -361089
 -370012
 -372727
 -369296
 -360716
 -348355
 -333925
 -319766
 -308095
 -300751
 -298667
 -302046
 -310573
 -323292
 -338433
 -353707
 -367200
 -376943
 -381935
 -381768
 -376755
 -367510
 -355659
 -342898
 -330519
 -319935
 -312697
 -309743
 -311345
 -316879
 -325426
 -335971
 -347310
 -357723
 -365251
 -368683
 -367640
 -362529
 -354271
 -343779
 -332759
 -323099
 -315941
 -311880
 -311256
 -314122
 -320176
 -328512
 -337971
 -347199
 -354696
 -359466
 -361049
 -359166
 -354006
 -346225
 -337271
 -328627
 -321538
 -317308
 -317051
 -319936
 -324367
 -328706
 -329203
 -317162
 -304322
 -302348
 -307969
 -320099
 -337370
 -357387
 -377497
 -395725
 -409069
 -415123
 -404676
 -362894
 -317330
 -285311
 -271587
 -278454
 -305564
 -347748
 -397610
 -447169
 -488211
 -513627
 -519157
 -503673
 -468509
 -417649
 -357513
 -295459
 -239000
 -194909
 -168292
 -162044
 -176302
 -207975
 -252228
 -302642
 -351673
 -391951
 -418277
 -427407
 -418220
 -391971
 -352799
 -306825
 -260546
 -220057
 -191218
 -178368
 -183147
 -204641
 -240059
 -285028
 -333811
 -380075
 -418158
 -443788
 -454455
 -449673
 -431079
 -402096
 -367495
 -332775
 -303122
 -282446
 -273915
 -279443
 -299310
 -328958
 -362005
 -393092
 -417777
 -433047
 -437132
 -429393
 -410882
 -384136
 -352955
 -321892
 -295166
 -276164
 -267026
 -268385
 -279551
 -298531
 -322136
 -347014
 -369300
 -385989
 -394937
 -394676
 -385238
 -368292
 -346261
 -321991
 -298682
 -279905
 -268272
 -265299
 -271084
 -284662
 -304110
 -326704
 -349573
 -369961
 -385232
 -393392
 -393842
 -386953
 -373719
 -356162
 -337231
 -319624
 -305886
 -297880
 -296375
 -301438
 -312190
 -327076
 -344127
 -360544
 -373948
 -382698
 -385561
 -382299
 -373606
 -360734
 -345377
 -329170
 -313986
 -302321
 -295939
 -295901
 -301883
 -312401
 -325935
 -340751
 -356473
 -372645
 -383489
 -391668
 -404364
 -404645
 -386299
 -352110
 -306719
 -256724
 -209986
 -173842
 -153821
 -153016
 -171849
 -208720
 -259289
 -317281
 -375000
 -425412
 -463098
 -483608
 -484727
 -467041
 -434256
 -391829
 -346090
 -303626
 -270766
 -252533
 -251237
 -266556
 -296178
 -336077
 -380672
 -423690
 -459525
 -483475
 -492340
 -485218
 -463514
 -430321
 -389928
 -347448
 -308530
 -277668
 -258310
 -251963
 -258640
 -276721
 -302660
 -331845
 -359260
 -380994
 -393784
 -395232
 -385027
 -364792
 -337681
 -307088
 -277228
 -252528
 -236276
 -230469
 -235910
 -251845
 -276053
 -305208
 -335353
 -362335
 -382835
 -394747
 -396880
 -389175
 -373261
 -351931
 -328520
 -306798
 -289875
 -280338
 -279447
 -287383
 -303409
 -325292
 -349967
 -374630
 -396039
 -411378
 -418759
 -417196
 -407097
 -390482
 -369748
 -347552
 -326979
 -310586
 -300569
 -297879
 -302194
 -312765
 -328040
 -345586
 -362576
 -376232
 -384605
 -386509
 -381811
 -371151
 -355882
 -337834
 -319758
 -304598
 -293622
 -285690
 -277524
 -266654
 -266468
 -281479
 -309859
 -347163
 -388111
 -426668
 -456947
 -474312
 -476448
 -463032
 -435598
 -397496
 -353702
 -310159
 -272246
 -244440
 -230454
 -231818
 -247710
 -275014
 -309396
 -345933
 -379381
 -405024
 -419431
 -420801
 -408978
 -385541
 -353691
 -317770
 -282862
 -253501
 -233247
 -224847
 -229248
 -245310
 -270418
 -301041
 -333408
 -363101
 -386035
 -399597
 -402675
