 -412790
 -403399
 -406852
 -421041
 -442418
 -466271
 -487460
 -500908
 -502820
 -490881
 -464719
 -426023
 -377920
 -324712
 -271685
 -223673
 -184782
 -157762
 -143651
 -142187
 -151016
 -165799
 -182445
 -197074
 -205818
 -206176
 -197182
 -179272
 -154306
 -125113
  -95351
  -68826
  -49247
  -39193
  -40004
  -52014
  -74044
 -103650
 -137961
 -173444
 -206346
 -233731
 -253864
 -265805
 -269997
 -268059
 -262492
 -256292
 -252439
 -253636
 -262067
 -278627
 -302864
 -333492
 -368247
 -404257
 -438310
 -467394
 -489197
 -502500
 -506998
 -503679
 -494102
 -480249
 -464958
 -450965
 -440582
 -435319
 -435575
 -440858
 -449901
 -460810
 -471461
 -479464
 -482658
 -479525
 -469306
 -452196
 -429263
 -401982
 -372458
 -343169
 -316546
 -294372
 -277553
 -266377
 -260316
 -258169
 -258236
 -258570
 -257191
 -252651
 -244328
 -231854
 -215702
 -196895
 -177051
 -157910
 -140969
 -128013
 -120269
 -118236
 -121755
 -130078
 -141857
 -155513
 -169515
 -182547
 -193541
 -201738
 -206879
 -209301
 -210046
 -210381
 -211774
 -215466
 -222202
 -232352
 -246154
 -263174
 -282472
 -303088
 -323982
 -343889
 -361906
 -377128
 -389058
 -397592
 -402936
 -405785
 -406972
 -407269
 -407529
 -408809
 -411728
 -416494
 -422979
 -430057
 -436711
 -442169
 -445778
 -447276
 -445884
 -441082
 -432936
 -421863
 -408871
 -395130
 -381433
 -368237
 -356123
 -345680
 -336977
 -329656
 -323253
 -317412
 -311632
 -305198
 -297482
 -288435
 -277988
 -266273
 -253609
 -240367
 -227109
 -214492
 -203281
 -194122
 -187460
 -183481
 -181971
 -182572
 -184810
 -187960
 -191461
 -194720
 -197486
 -199319
 -200160
 -200628
 -201264
 -202370
 -204535
 -208417
 -214073
 -221792
 -231741
 -243451
 -256237
 -269459
 -282311
 -294233
 -305155
 -314767
 -322875
 -330116
 -336733
 -342363
 -347210
 -353003
 -360240
 -367588
 -374453
 -380709
 -386207
 -391015
 -395071
 -398318
 -400708
 -402175
 -402762
 -402417
 -401125
 -398936
 -396077
 -392502
 -388317
 -383576
 -378365
 -372876
 -367029
 -360559
 -353723
 -346563
 -338897
 -330719
 -322231
 -313701
 -305221
 -296711
 -288106
 -279389
 -270658
 -262154
 -254083
 -246694
 -239761
 -233430
 -227934
 -223513
 -219956
 -217014
 -214606
 -212600
 -210842
 -209156
 -207749
 -206758
 -206419
 -206925
 -208711
 -211709
 -215719
 -220781
 -226816
 -233476
 -240494
 -247557
 -254690
 -261753
 -268601
 -275475
 -282537
 -289778
 -297114
 -304507
 -312063
 -319771
 -327389
 -334870
 -342099
 -348941
 -355455
 -361264
 -365960
 -369783
 -372735
 -374900
 -376411
 -377664
 -378448
 -378669
 -378426
 -377768
 -376868
 -375669
 -373781
 -371019
 -367595
 -363646
 -359163
 -353866
 -347923
 -341516
 -334686
 -327434
 -320152
 -313039
 -306118
 -299643
 -293556
 -287752
 -282096
 -276655
 -271290
 -265883
 -260513
 -255314
 -250170
 -245265
 -240765
 -236591
 -232956
 -230141
 -227982
 -226539
 -225906
 -226145
 -226928
 -228116
 -229879
 -232164
 -234611
 -237116
 -239704
 -242529
 -245854
 -249649
 -253802
 -258184
 -263236
 -268945
 -275031
 -281794
 -288891
 -295812
 -302262
 -308112
 -313470
 -318326
 -322598
 -326241
 -329434
 -332496
 -335810
 -339547
 -343515
 -347300
 -350644
 -353479
 -355896
 -357957
 -359244
 -359787
 -359713
 -359108
 -357701
 -355357
 -352384
 -348938
 -345060
 -341013
 -336945
 -332759
 -328685
 -324871
 -321182
 -317298
 -313160
 -308869
 -304412
 -299759
 -294840
 -289834
 -284682
 -279469
 -274330
 -269297
 -264481
 -259962
 -255943
 -252624
 -250127
 -248492
 -247542
 -247002
 -246657
 -246592
 -246403
 -245869
 -245067
 -244311
 -243594
 -243292
 -243515
 -244378
 -245941
 -248149
 -251243
 -255263
 -259813
 -264739
 -270073
 -275789
 -281263
 -286445
 -291513
 -296192
 -300294
 -303987
 -307525
 -310680
 -313269
 -315564
 -317966
 -320782
 -323984
 -327450
 -331088
 -334988
 -338954
 -342374
 -345090
 -347094
 -348207
 -348387
 -347638
 -346246
 -344335
 -341840
 -339109
 -336286
 -333454
 -330656
 -327969
 -325081
 -322188
 -319420
 -316545
 -313347
 -309631
 -305451
 -301068
 -296473
 -291762
 -287197
 -282727
 -278384
 -274306
 -270597
 -267250
 -264338
 -261793
 -259686
 -257843
 -256114
 -254375
 -252799
 -251393
 -250368
 -249725
 -249369
 -249436
 -250138
 -251521
 -253313
 -255484
 -258172
 -261109
 -264176
 -267358
 -270321
 -273052
 -275878
 -278743
 -281676
 -284709
 -288130
 -291816
 -295263
 -298691
 -302046
 -305320
 -308752
 -312232
 -315475
 -318479
 -321099
 -323310
 -325301
 -326913
 -328132
 -328854
 -329108
 -329116
 -329014
 -328796
 -328919
 -329365
 -329706
 -329641
 -329036
 -327744
 -325788
 -323345
 -320555
 -317678
 -314937
 -312284
 -309700
 -307044
 -304055
 -300995
 -297798
 -294559
 -291529
 -288554
 -285708
 -283080
 -280689
 -278472
 -276048
 -273522
 -271181
 -269049
 -267054
 -265224
 -263763
 -262738
 -262082
 -261645
 -261432
 -261608
 -262019
 -262582
 -263221
 -263957
 -264715
 -265473
 -266394
 -267391
 -268606
 -270341
 -272596
 -275283
 -278333
 -281749
 -285252
 -288582
 -291647
 -294457
 -296978
 -299206
 -301363
 -303577
 -305877
 -308058
 -310172
 -312262
 -314299
 -316209
 -317787
 -318846
 -319472
 -319709
 -319650
 -319496
 -319240
 -319059
 -318793
 -318657
 -318597
 -318468
 -318183
 -317694
 -316938
 -315936
 -314521
 -312600
 -310356
 -307494
 -304375
 -301077
 -297482
 -294098
 -291284
 -289024
 -287257
 -286001
 -285069
 -284139
 -282952
 -281618
 -280092
 -278447
 -276682
 -274825
 -272760
 -270597
 -268736
 -267440
 -266639
 -266505
 -266965
 -267924
 -269324
 -270878
 -272353
 -273489
 -274386
 -275091
 -275332
 -275289
 -275294
 -275463
 -275922
 -276835
 -278317
 -280520
 -283097
 -285538
 -288103
 -291110
 -294500
 -298024
 -301319
 -304001
 -306177
 -307868
 -308832
 -309091
 -308799
 -308215
 -307781
 -307641
 -307890
 -308528
 -309389
 -310300
 -311203
 -312307
 -313430
 -314306
 -314835
 -314885
 -314477
 -313608
 -312347
 -310608
 -308173
 -305317
 -302513
 -300062
 -297927
 -296018
 -294570
 -293681
 -293090
 -292624
 -292084
 -291304
 -290172
 -288668
 -286711
 -284443
 -281961
 -279246
 -276705
 -274589
 -272920
 -271794
 -270974
 -270347
 -270155
 -270680
 -271715
 -272819
 -273690
 -274508
 -275305
 -275965
 -276364
 -276426
 -276476
 -276672
 -276956
 -277179
 -277701
 -278761
 -280230
 -282180
 -284642
 -287480
 -290576
 -293685
 -296576
 -298852
 -300665
 -302158
 -303283
 -304041
 -304475
 -304541
 -304397
 -304115
 -303789
 -303637
 -303798
 -304215
 -304940
 -306043
 -307563
 -309198
 -310496
 -311740
 -312846
 -313555
 -313511
 -312793
 -311289
 -309194
 -306655
 -303604
 -300420
 -297453
 -294852
 -292898
 -291567
 -290645
 -290385
 -290873
 -291506
 -292429
 -294179
 -295205
 -294313
 -291533
 -287219
 -281831
 -276090
 -270727
 -266446
 -263838
 -263043
 -263998
 -266567
 -270636
 -275538
 -280578
 -285099
 -288398
 -290342
 -290878
 -289739
 -287331
 -284204
 -280778
 -277780
 -275892
 -275346
 -276237
 -278352
 -281641
 -286113
 -291741
 -298250
 -304261
 -308862
 -311425
 -311632
 -309719
 -306148
 -301624
 -296877
 -292603
 -289548
 -288185
 -288688
 -291230
 -295444
 -300692
 -306299
 -311438
 -315537
 -317791
 -317865
 -315899
 -312006
 -306718
 -300494
 -293898
 -288160
 -284352
 -282653
 -283183
 -285867
 -289830
 -294519
 -299027
 -302622
 -304836
 -305237
 -303640
 -300144
 -294867
 -288609
 -282156
 -276141
 -271466
 -268935
 -268838
 -271083
 -275007
 -279962
 -285356
 -290415
 -294216
 -296265
 -298748
 -303079
 -304512
 -301139
 -293466
 -282628
 -270265
 -258310
 -248763
 -243084
 -242226
 -246543
 -255512
 -267927
 -282300
 -296983
 -310186
 -320182
 -325992
 -327283
 -323864
 -316333
 -306162
 -295126
 -284817
 -276719
 -272059
 -271531
 -275256
 -282660
 -292635
 -303986
 -315192
 -324649
 -331294
 -334091
 -332627
 -327768
 -320608
 -312142
 -303122
 -294731
 -288055
 -283923
 -282748
 -284262
 -287755
 -292551
 -297880
 -302851
 -306434
 -307906
 -306897
 -303393
 -297846
 -291195
 -284613
 -279305
 -275176
 -272003
 -270055
 -269376
 -271056
 -276167
 -282021
 -286909
 -289983
 -290817
 -289390
 -286137
 -281690
 -276676
 -271817
 -268305
 -267965
 -270070
 -273209
 -276862
 -280833
 -284603
 -287946
 -290787
 -292787
 -293789
 -294148
 -294062
 -293651
 -293299
 -293378
 -294037
 -294680
 -295256
 -296681
 -299873
 -303897
 -307074
 -308859
 -309371
 -308477
 -306032
 -302362
 -298042
 -293753
 -290023
 -287340
 -286267
 -287184
 -289743
 -293413
 -297908
 -302762
 -307130
 -310383
 -312090
 -311852
 -309760
 -306103
 -301268
 -295978
 -290970
 -286766
 -283927
 -282736
 -283034
 -284717
 -287572
 -291907
 -296900
 -300695
 -302278
 -301546
 -298731
 -294468
 -289479
 -284197
 -279139
 -274673
 -271561
 -270286
 -271348
 -274484
 -278782
 -283742
 -288788
 -293045
 -295698
 -296444
 -295231
 -292363
 -288620
 -284696
 -280902
 -277894
 -276315
 -276174
 -277519
 -280321
 -284332
 -288973
 -293676
 -297967
 -301396
 -303640
 -304456
 -303880
 -301974
 -298912
 -295303
 -291746
 -288925
 -287419
 -287272
 -288358
 -290626
 -293882
 -297344
 -300659
 -303770
 -306244
 -307715
 -307866
 -306700
 -304511
 -301649
 -298404
 -295299
 -292791
 -291217
 -290701
 -290875
 -291730
 -293219
 -294969
 -296830
 -298294
 -298839
 -298652
 -297716
 -296321
 -294850
 -292640
 -289465
 -285942
 -282669
 -280089
 -278462
 -277956
 -278878
 -281042
 -283571
 -286560
 -289892
 -292300
 -293559
 -293816
 -292766
 -290610
 -287835
 -284726
 -281568
 -278734
 -276711
 -276012
 -276833
 -279097
 -282393
 -286070
 -289770
 -293195
 -296065
 -297874
 -298534
 -298209
 -296990
 -295575
 -294861
 -294087
 -292428
 -289983
 -287359
 -285140
 -283963
 -283578
 -284007
 -285826
 -289130
 -293791
 -299126
 -304130
 -308076
 -310606
 -311341
 -310060
 -307187
 -303154
 -298372
 -293411
 -289281
 -286422
 -285183
 -285753
 -287522
 -290583
 -295026
 -300085
 -304618
 -307987
 -309547
 -309062
 -306528
 -302312
 -296936
 -290951
 -284950
 -279907
 -276351
 -274529
 -274708
 -277072
 -280973
 -285757
 -290781
 -295799
 -299653
 -301411
 -301045
 -298605
 -294392
 -289086
 -283170
 -277075
 -271789
 -268486
 -267694
 -269487
 -273699
 -279762
 -286792
 -293870
 -299923
 -304284
 -306683
 -306587
 -304202
 -299899
 -294463
 -288565
 -282972
 -279050
 -277685
 -278812
 -282306
 -287803
 -294704
 -302188
 -308875
 -313915
 -316889
 -317025
 -314405
 -309770
 -304356
 -299223
 -294215
 -289465
 -285147
 -281864
 -280335
 -280686
 -282525
 -285342
 -288737
 -292137
 -294627
 -295621
 -295423
 -293008
 -290252
 -290278
 -294653
 -301065
 -306991
 -312003
 -315993
 -319460
 -322448
 -324008
 -322679
 -318173
 -312556
 -306312
 -299100
 -288301
 -274600
 -260613
 -248613
 -245104
 -269286
 -312102
 -347856
 -367030
 -363715
 -340524
 -305003
 -265865
 -229877
 -202528
 -188191
 -189099
 -204504
 -231844
 -267270
 -306211
 -343470
 -374012
 -393833
 -400041
 -391948
 -371107
 -340485
 -304445
 -268154
 -236622
 -213964
 -203370
 -206088
 -221111
 -245753
 -276454
 -308853
 -338864
 -362427
 -376627
 -380698
 -374679
 -358118
 -330932
 -298022
 -266756
 -240018
 -216651
 -199926
 -193916
 -201642
 -221929
 -251839
 -286706
 -321567
 -350626
 -369584
 -378071
 -376005
 -364033
 -341854
 -310970
 -276575
 -244408
 -219524
 -205600
 -204778
 -217259
 -241168
 -272955
 -308140
 -342133
 -370118
 -388041
 -393928
 -387177
 -368716
 -341108
 -308231
 -274775
 -245087
 -222939
 -211004
 -210597
 -221394
 -241446
 -267617
 -296062
 -322715
 -343717
 -356267
 -358857
 -351404
 -334986
 -311725
 -284966
 -258488
 -236019
 -220619
 -214363
 -217916
 -230654
 -250735
 -275524
 -301268
 -324534
 -342264
 -352220
 -353301
 -345762
 -330915
 -311134
 -289444
 -269117
 -253110
 -243781
 -242435
 -248858
 -261833
 -279904
 -301423
 -325816
 -358215
 -402928
 -465125
 -522156
 -533246
 -475755
 -350138
 -179619
    4105
  165000
  270589
  302653
  261351
  150031
  -18283
 -218394
 -425810
 -612053
 -753892
 -832942
 -839943
 -776020
 -651344
 -484534
 -298876
 -122480
   21331
  110230
  134216
   91293
  -10140
 -156033
 -325030
 -496995
 -647695
 -757173
 -810373
 -801835
 -734036
 -617744
 -469895
 -310440
 -161067
  -41128
   34969
   59494
   32028
  -40591
 -145708
 -266831
 -385828
 -485373
 -551071
 -573937
 -550966
 -485623
 -387990
 -272304
 -154943
  -52606
   20656
   55227
   47138
   -2091
  -85100
 -190028
 -302221
 -406066
 -487743
 -536910
 -547623
 -519599
 -458200
 -372755
 -275923
 -181728
 -103976
  -53717
  -37741
  -58086
 -111594
 -190777
 -284821
 -380793
 -465876
 -528809
 -561620
 -560541
 -526432
 -464329
 -383364
 -295202
 -212090
 -145309
 -103335
  -90775
 -108259
 -152107
 -215066
 -287932
 -360268
 -421999
 -464362
 -481814
 -472565
 -438067
 -383781
 -319988
 -260150
 -222497
 -230521
 -279102
 -316018
 -297053
 -234242
 -149449
  -63970
  -20918
  -25552
  -47639
  -75000
 -105058
 -137316
 -168577
 -193501
 -209008
 -225999
 -250846
 -281333
 -302484
 -316936
 -335540
 -354391
 -447757
 -570155
 -653573
 -679871
 -644388
 -552958
 -420187
 -266705
 -116522
    6682
   83691
  102021
   58070
  -41919
 -184297
 -350242
 -517730
 -664491
 -771002
 -822952
 -813524
 -743838
 -623005
 -467178
 -296864
 -134326
    -303
   89014
  123616
  101065
   26845
  -86935
 -223251
 -362976
 -487328
 -580021
 -629076
 -628234
 -578208
 -486204
 -363895
 -229746
 -104471
   -2940
   68377
   99007
   94499
   67086
    8096
 -135890
 -346345
 -589606
 -905134
-1258532
-1495765
-1539335
-1363270
 -987189
 -462001
  134153
  709429
 1180796
 1483376
 1576200
 1448490
 1120498
  638243
   65621
 -524183
-1056911
-1465735
-1700291
