 -943751
 -943294
 -943593
 -944352
 -945525
 -946968
 -948446
 -949710
 -950723
 -951175
 -950970
 -950588
 -949974
 -949093
 -948119
 -947099
 -946331
 -946012
 -946150
 -946664
 -947473
 -948169
 -948830
 -949303
 -949587
 -949414
 -948945
 -948428
 -947794
 -947199
 -946539
 -946142
 -945729
 -945992
 -946804
 -946438
 -945101
 -943723
 -943334
 -944632
 -945918
 -946632
 -945813
 -943357
 -939936
 -936693
 -934050
 -931614
 -929592
 -928485
 -928679
 -931043
 -935821
 -940818
 -945097
 -949100
 -953314
 -957162
 -961007
 -968971
 -974174
 -973107
 -984637
-1012683
-1034749
-1044157
-1041215
-1027855
-1006721
 -979565
 -948231
 -915061
 -882973
 -854112
 -830052
 -812696
 -803303
 -802361
 -810341
 -826932
 -851031
 -881231
 -915506
 -951466
 -986861
-1019411
-1046572
-1066465
-1078463
-1081871
-1076903
-1064312
-1045499
-1022493
 -996919
 -970950
 -946878
 -926316
 -910436
 -900067
 -895612
 -896904
 -902841
 -912172
 -923557
 -935929
 -948321
 -959553
 -968639
 -975093
 -978520
 -978896
 -976618
 -971905
 -965654
 -958727
 -951178
 -943166
 -935645
 -928660
 -922443
 -917774
 -914341
 -912074
 -911261
 -911649
 -913033
 -915571
 -919811
 -925652
 -932519
 -940415
 -949105
 -957793
 -965878
 -973187
 -979323
 -983513
 -985424
 -984899
 -982364
 -977944
 -971951
 -965000
 -957837
 -951388
 -946282
 -942853
 -941983
 -943320
 -945796
 -949659
 -954331
 -958881
 -962670
 -965299
 -966503
 -966363
 -965110
 -962496
 -958768
 -954262
 -949441
 -944808
 -941027
 -938315
 -936890
 -936787
 -937627
 -939415
 -941717
 -943997
 -946210
 -948282
 -950195
 -951402
 -951949
 -952184
 -952179
 -951984
 -951630
 -951539
 -951767
 -952395
 -953305
 -954304
 -955251
 -955801
 -956176
 -956347
 -956239
 -955648
 -954781
 -953954
 -953123
 -952170
 -951484
 -951254
 -951225
 -951704
 -952576
 -953650
 -955077
 -956407
 -957227
 -957696
 -958027
 -958105
 -957977
 -956968
 -953529
 -946680
 -939140
 -932812
 -929084
 -940501
 -971721
 -999491
-1018486
-1028462
-1029509
-1021799
-1006250
 -985103
 -959961
 -932008
 -903766
 -877594
 -855024
 -837671
 -827184
 -824406
 -829568
 -842862
 -863460
 -889788
 -920127
 -952202
 -983697
-1012578
-1036696
-1054657
-1065363
-1068574
-1064440
-1053348
-1036808
-1016541
 -994836
 -973551
 -954202
 -938096
 -926016
 -918608
 -916134
 -917880
 -923251
 -930974
 -939964
 -949142
 -957415
 -964252
 -969255
 -972509
 -974399
 -974881
 -974140
 -971943
 -968425
 -963981
 -958923
 -953463
 -947856
 -942135
 -936135
 -929995
 -924199
 -919253
 -915417
 -913243
 -912837
 -914335
 -917822
 -923547
 -931114
 -939816
 -949376
 -959285
 -968940
 -977391
 -983758
 -987773
 -989147
 -988188
 -984769
 -979202
 -972425
 -965148
 -958100
 -951789
 -946898
 -943869
 -942829
 -943864
 -946790
 -951106
 -956490
 -962016
 -966986
 -971024
 -973677
 -974739
 -973985
 -971848
 -968908
 -965550
 -962017
 -958543
 -955454
 -952982
 -951039
 -949539
 -948607
 -948254
 -948290
 -948476
 -948540
 -948484
 -948352
 -948195
 -948100
 -948221
 -948496
 -949332
 -950886
 -952839
 -955021
 -957428
 -960212
 -964985
 -971575
 -978083
 -985834
 -988998
 -990808
-1000296
 -994640
 -981392
 -972386
 -958231
 -936732
 -912957
 -894518
 -883223
 -878458
 -879913
 -887682
 -900501
 -916617
 -935137
 -954880
 -975527
 -995766
-1014205
-1028182
-1037102
-1040520
-1038901
-1032237
-1020207
-1003728
 -982964
 -960458
 -939325
 -921422
 -908034
 -899737
 -896674
 -898633
 -905079
 -915256
 -928307
 -942707
 -957259
 -970867
 -982540
 -991462
 -997021
 -999055
 -997673
 -993142
 -985791
 -976644
 -967028
 -957511
 -948354
 -940193
 -933645
 -929697
 -928514
 -929430
 -932054
 -936034
 -940924
 -946237
 -951453
 -956762
 -962201
 -966994
 -970759
 -973655
 -976018
 -977469
 -978295
 -978336
 -977123
 -974925
 -972137
 -969015
 -966210
 -964046
 -962560
 -961628
 -959913
 -957749
 -956654
 -954312
 -950771
 -947796
 -945667
 -944072
 -943550
 -944418
 -944930
 -944693
 -944839
 -946372
 -949359
 -953388
 -958181
 -963123
 -967860
 -972381
 -976779
 -982362
 -987965
 -990943
 -989147
 -979867
 -966478
 -956716
 -969510
 -991921
-1006624
-1011018
-1007642
 -998927
 -985910
 -969275
 -950206
 -930510
 -911367
 -893567
 -878691
 -868480
 -863219
 -862381
 -866962
 -877276
 -892324
 -910690
 -931200
 -953236
 -975701
 -997055
-1015595
-1030464
-1041226
-1046957
-1047467
-1042814
-1033456
-1020918
-1005962
 -989781
 -973642
 -958846
 -946757
 -937914
 -932551
 -930846
 -932684
 -937564
 -944312
 -951910
 -959826
 -967621
 -974396
 -979243
 -981779
 -982197
 -980723
 -977580
 -973155
 -967840
 -962240
 -956872
 -951968
 -947671
 -944368
 -941718
 -939771
 -938460
 -938018
 -938942
 -941041
 -944118
 -947509
 -950506
 -952719
 -952940
 -948021
 -938892
 -927370
 -917547
 -923605
 -941702
 -959476
 -975689
 -990259
-1003084
-1013582
-1020729
-1024119
-1023811
-1020285
-1013740
-1004046
 -992061
 -978721
 -965000
 -951602
 -939312
 -928912
 -921448
 -917236
 -915984
 -917551
 -922282
 -929975
 -939492
 -949788
 -961076
 -972528
 -981613
 -987726
 -991568
 -993594
 -993376
 -989450
 -982847
 -976708
 -969845
 -960761
 -946034
 -929274
 -908890
 -887047
 -874284
 -870951
 -875267
 -886931
 -905167
 -928881
 -955601
 -983255
-1010379
-1036433
-1065986
-1092900
-1111634
-1122611
-1122348
-1106172
-1077938
-1041951
-1003384
 -965307
 -930975
 -902940
 -881455
 -866769
 -860263
 -862282
 -871526
 -886564
 -906010
 -928422
 -951848
 -973726
 -992324
-1006656
-1015060
-1016700
-1012368
-1002600
 -988324
 -971107
 -952726
 -934859
 -919493
 -907913
 -900552
 -897605
 -899353
 -905254
 -914738
 -927267
 -941246
 -955148
 -967957
 -978955
 -987819
 -994077
 -998062
-1000277
-1000735
-1000079
 -998831
 -997128
 -995141
 -993203
 -991194
 -988741
 -985594
 -981732
 -977588
 -973376
 -968714
 -964068
 -960209
 -957469
 -956128
 -956387
 -958357
 -961762
 -966062
 -970663
 -974993
 -978579
 -980883
 -981803
 -981332
 -979509
 -976478
 -972082
 -966655
 -960578
 -954496
 -949137
 -944896
 -942628
 -942374
 -943909
 -947145
 -951562
 -956627
 -961888
 -966979
 -971689
 -977171
 -983422
 -987882
 -987966
 -984529
 -979200
 -973846
 -969025
 -970659
 -990670
-1026074
-1056022
-1071364
-1078515
-1099117
-1112600
-1101534
-1069098
-1021153
 -960274
 -891338
 -820925
 -754932
 -697735
 -653248
 -625712
 -617872
 -630356
 -662491
 -712296
 -776502
 -851152
 -931327
-1011794
-1087513
-1153859
-1207004
-1243653
-1262073
-1262248
-1245491
-1214138
-1171575
-1121843
-1069475
-1018451
 -972433
 -934781
 -907500
 -891354
 -886213
 -891111
 -904034
 -922881
 -945435
 -969087
 -991290
-1010214
-1024594
-1033583
-1036743
-1034400
-1026934
-1015275
-1000533
 -983763
 -965599
 -946939
 -928682
 -911331
 -895792
 -882866
 -873083
 -866600
 -863478
 -864034
 -868757
 -877650
 -890182
 -905473
 -922985
 -941805
 -960895
 -978943
 -994800
-1007473
-1016332
-1020666
-1020398
-1015994
-1008181
 -998029
 -986539
 -974825
 -963983
 -954994
 -948775
 -945994
 -947058
 -951358
 -958318
 -967287
 -977043
 -986335
 -994200
-1000118
-1003754
-1004981
-1003709
-1000547
 -995751
 -989737
 -983133
 -976764
 -971232
 -966790
 -963174
 -960416
 -958619
 -957492
 -956834
 -956785
 -958451
 -963066
 -967578
 -968200
 -967665
 -967210
 -966117
 -965514
 -965563
 -966254
 -967599
 -969054
 -970570
 -972274
 -974281
 -976129
 -977285
 -978025
 -978597
 -979108
 -979687
 -979518
 -978536
 -976936
 -975545
 -974641
 -973963
 -973302
 -973000
 -972932
 -972751
 -972207
 -971252
 -969817
 -967420
 -964320
 -960944
 -957884
 -955360
 -953605
 -952883
 -953319
 -953895
 -954149
 -954705
 -955858
 -957113
 -958192
 -959163
 -960062
 -960439
 -960438
 -960360
 -959892
 -959387
 -959105
 -959227
 -959716
 -960467
 -961273
 -962346
 -964616
 -968200
 -973035
 -978668
 -984330
 -989656
 -994227
 -997971
-1000648
-1002305
-1003145
-1003286
-1002645
-1001169
 -999368
 -997629
 -995898
 -994219
 -992227
 -990073
 -988055
 -985893
 -983333
 -980945
 -978663
 -976324
 -974298
 -972690
 -971229
 -969990
 -969025
 -968433
 -967992
 -967156
 -965997
 -964921
 -963800
 -962524
 -960834
 -958692
 -956126
 -953321
 -950620
 -948520
 -947039
 -946441
 -947407
 -950080
 -953176
 -957820
 -967678
 -981037
 -992025
-1000238
-1004097
-1002550
 -994959
 -983071
 -967807
 -949439
 -930063
 -911302
 -895220
 -885370
 -882020
 -884189
 -892525
 -906605
 -925002
 -947543
 -975911
-1003565
-1027053
-1046997
-1063218
-1068545
-1060207
-1054778
-1052365
-1047823
-1040666
-1030096
-1018144
-1007137
 -996395
 -985835
 -976603
 -968709
 -962379
 -958956
 -958481
 -960144
 -963959
 -965944
 -963601
 -961193
 -960380
 -960398
 -961654
 -963901
 -966665
 -970240
 -974252
 -977704
 -980405
 -981949
 -982206
 -980951
 -977935
 -973321
 -966956
 -959373
 -951167
 -943182
 -936076
 -930470
 -927247
 -926633
 -928342
 -932789
 -939791
 -948523
 -958344
 -968491
 -978070
 -986280
 -992746
 -997307
 -999682
 -999807
 -997778
 -994222
 -990085
 -985945
 -982036
 -978764
 -976485
 -975162
 -974593
 -974834
 -975942
 -977730
 -979683
 -981566
 -983212
 -984259
 -984817
 -985019
 -984915
 -984443
 -983876
 -983663
 -983638
 -983534
 -983699
 -983925
 -984475
 -984625
 -984213
 -983313
 -981905
 -980292
 -978256
 -975790
 -973179
 -970946
 -969425
 -968606
 -968741
 -969511
 -970971
 -973297
 -975762
 -978305
 -980783
 -982681
 -983741
 -984028
 -983498
 -982020
 -979590
 -976775
 -974024
 -971142
 -968211
 -965997
 -964911
 -964408
 -964178
 -964368
 -965009
 -965993
 -967390
 -968892
 -970192
 -971406
 -971933
 -971993
 -971784
 -971282
 -970663
 -970099
 -969753
 -969515
 -969581
 -969985
 -970639
 -971574
 -972776
 -973937
 -975113
 -976174
 -977122
 -977954
 -978716
 -979502
 -980312
 -981161
 -982063
 -983085
 -984409
 -985928
 -987652
 -989242
 -990613
 -991668
 -992083
 -991794
 -990960
 -989614
 -987753
 -985716
 -983766
 -982268
 -981318
 -980910
 -981029
 -981361
 -981910
 -982975
 -983954
 -984933
 -985850
 -986178
 -985748
 -984690
 -983041
 -981049
 -978595
 -975754
 -973275
 -971480
 -970298
 -969334
 -968739
 -968842
 -969900
 -971659
 -972806
 -973864
 -976662
 -979981
 -981131
 -979595
 -976486
 -972991
 -968565
 -965151
 -966765
 -967948
 -965643
 -962268
 -960318
 -959756
 -959905
 -960055
 -960376
 -961000
 -961865
 -963299
 -965492
 -968533
 -972020
 -975574
 -978852
 -982046
 -985561
 -988692
 -991429
 -994702
 -997329
 -992750
 -972960
 -947904
 -933747
 -950272
 -983635
-1022368
-1060977
-1091013
-1102951
-1082641
-1048953
-1014853
 -982641
 -954781
 -931930
 -914752
 -903849
 -899909
 -902564
 -911534
 -926284
 -946167
 -969786
 -995269
-1020596
-1043409
-1062002
-1074750
-1080159
-1077764
-1067428
-1049688
-1025950
 -998159
 -969028
 -940795
 -915693
 -895816
 -882375
 -876291
 -877854
 -886460
 -900926
 -919781
 -941183
 -962759
 -982416
 -998800
-1011128
-1018966
-1021814
-1020288
-1015075
-1007305
 -998165
 -988776
 -980327
 -973650
 -969177
 -966592
 -965847
 -966803
 -968847
 -971308
 -974151
 -977124
 -980171
 -983180
 -985815
 -988155
 -990707
 -993654
 -996821
-1000115
-1003755
-1007420
-1010361
-1012148
-1012523
-1011018
-1007356
-1001710
 -994523
 -986296
 -977918
 -970076
 -963507
 -958955
 -956393
 -956315
 -958803
 -963588
 -969887
 -976967
 -984409
 -991315
 -996817
-1000351
-1001737
-1001183
 -998642
 -994631
 -989440
 -983498
 -977732
 -972648
 -968852
 -966480
 -965412
 -965889
 -967616
 -970079
 -972657
 -975106
 -977267
 -979095
 -980477
 -981448
 -981655
 -981080
 -980249
 -979639
 -979429
 -979545
 -979949
 -980394
 -981196
 -982863
 -984918
 -986393
 -986944
 -986484
 -984931
 -981945
 -978404
 -975905
 -973141
 -970113
 -972936
 -976718
 -980023
 -983007
 -985432
 -987641
 -991542
 -995488
 -997182
 -996876
 -994973
 -991826
 -987387
 -981756
 -975360
 -968944
 -963215
 -959023
 -957133
 -957642
 -960242
 -964735
 -970932
 -978013
 -985465
 -993034
 -999814
-1005198
-1009528
-1012494
-1013662
-1013147
-1011278
-1008497
-1005219
-1001679
 -997831
 -993925
 -990110
 -986528
 -982956
 -979287
 -975441
 -972758
 -974087
 -979180
 -988754
 -994773
 -998498
-1002792
 -999315
 -992356
 -984046
 -974931
 -965594
 -956224
 -947438
 -939768
 -933974
 -930399
 -929206
 -930671
 -934798
 -941393
 -950001
 -960116
 -971544
 -983637
 -995227
-1005432
-1013889
-1020297
-1025257
-1029006
-1029759
-1027239
-1022441
-1016050
-1008185
 -999376
 -990526
 -982558
 -975542
 -965034
 -956117
 -953242
 -949814
 -952275
 -957232
 -963795
 -972502
 -983203
 -994833
-1006562
-1017568
-1026810
-1033895
-1038010
-1039044
-1037091
-1032083
-1024393
-1014643
-1003417
 -991168
 -978552
 -966204
 -954647
 -944980
 -937809
 -933357
 -931907
 -933300
 -937238
 -943584
 -951793
 -961388
 -971727
 -981485
 -990187
 -997446
-1002619
-1005663
-1006662
-1005611
-1002801
 -998701
 -993425
 -987778
 -982748
 -978509
 -975330
 -973319
 -972515
 -972941
 -974435
 -976741
 -979580
 -982929
 -986637
 -990007
 -992923
 -995548
 -997447
 -998795
 -999563
 -999761
 -999507
 -998876
 -998073
 -997115
 -996036
 -994720
 -993050
 -990943
 -988687
 -986210
 -983614
 -981487
 -980103
 -979452
 -979118
 -979270
 -979891
 -980913
 -982331
 -983887
 -985877
 -987949
 -989951
 -991505
 -992155
 -991921
 -990988
 -989838
 -988554
 -986933
 -985028
 -983420
 -982352
 -981743
 -981640
 -981937
 -982410
 -983084
 -983849
 -984984
 -986302
 -987188
 -987564
 -987735
 -987752
 -987563
 -987079
 -986226
 -985357
 -984631
 -983953
 -983482
 -983576
 -983844
 -984027
 -984591
 -986977
 -990813
 -993420
 -994310
 -993651
 -991707
 -988795
 -985306
 -981738
 -978092
 -974273
 -970973
