 1440068
 1368282
 1287783
 1198860
 1101960
  997353
  885154
  765769
  639614
  507278
  369867
  228546
   84758
  -59972
 -204041
 -345645
 -483278
 -615578
 -741392
 -859852
 -970363
-1072986
-1167713
-1254213
-1332276
-1401719
-1462135
-1513100
-1554016
-1584149
-1602814
-1609543
-1603947
-1585788
-1555142
-1512306
-1457749
-1392185
-1316590
-1232111
-1139847
-1040812
 -936027
 -826554
 -713142
 -596557
 -477396
 -356337
 -233887
 -110619
   12734
  135382
  256496
  374876
  489197
  598323
  701066
  796264
  883038
  960666
 1028592
 1086565
 1134274
 1171698
 1199014
 1216586
 1224451
 1222850
 1212155
 1192595
 1164048
 1126464
 1080016
 1024762
  960909
  888765
  808865
  721971
  628873
  530500
  427923
  322233
  214730
  106355
   -2093
 -109761
 -215959
 -320023
 -421432
 -519646
 -614181
 -704683
 -790635
 -871426
 -946358
-1014758
-1075932
-1129340
-1174275
-1210237
-1236908
-1254154
-1261866
-1260107
-1248990
-1228903
-1200347
-1163678
-1119316
-1067895
-1009657
 -945153
 -874856
 -799137
 -718417
 -633126
 -543861
 -451337
 -356267
 -259488
 -161771
  -64041
   32807
  127889
  220310
  309280
  394194
  474345
  549172
  618113
  680908
  737330
  787047
  829693
  865230
  893650
  914671
  928015
  933382
  930722
  920079
  901662
  875641
  842228
  801728
  754372
  700624
  641218
  576823
  508001
  435401
  359677
  281226
  200584
  118336
   35185
  -48281
 -131553
 -214121
 -295510
 -374983
 -451871
 -525719
 -595953
 -661883
 -722927
 -778701
 -828813
 -872770
 -910133
 -940765
 -964504
 -981221
 -990984
 -993811
 -989752
 -979043
 -961980
 -938580
 -908971
 -873282
 -831872
 -785150
 -733269
 -676433
 -615167
 -549989
 -481522
 -410412
 -337148
 -262453
 -187138
 -111813
  -36954
   36751
  108876
  178843
  246027
  309886
  370511
  427641
  480319
  527941
  570150
  606852
  637937
  663055
  682027
  694886
  701681
  702445
  697107
  685761
  668571
  645730
  617376
  583772
  545357
  502513
  455618
  404994
  350849
  293712
  234139
  172380
  108999
   44547
  -20444
  -85489
 -150164
 -213903
 -276255
 -336723
 -394865
 -450154
 -502266
 -550794
 -595476
 -636016
 -672152
 -703550
 -730079
 -751514
 -767809
 -778925
 -784865
 -785537
 -780808
 -770793
 -755615
 -735437
 -710391
 -680719
 -646706
 -608746
 -567013
 -521813
 -473678
 -423084
 -370315
 -315713
 -259719
 -202630
 -145028
  -87464
  -30275
   26030
   80979
  134210
  185456
  234312
  280219
  322818
  361753
  396924
  428119
  454948
  477375
  495252
  508533
  517220
  521232
  520454
  514946
  504781
  490270
  471509
  448500
  421542
  390867
  356750
  319472
  279196
  236358
  191423
  144714
   96554
   47263
   -2613
  -52716
 -102675
 -152154
 -200873
 -248534
 -294652
 -338940
 -381116
 -420912
 -458029
 -492053
 -522648
 -549670
 -572963
 -592273
 -607522
 -618637
 -625605
 -628390
 -627025
 -621590
 -612153
 -598761
 -581558
 -560698
 -536496
 -509070
 -478528
 -445185
 -409264
 -371088
 -330890
 -289009
 -245778
 -201514
 -156653
 -111697
  -67027
  -22901
   20286
   62166
  102596
  141240
  177849
  212261
  244159
  273192
  299184
  322011
  341527
  357591
  370146
  379113
  384401
  386025
  384037
  378465
  369344
  356733
  340782
  321669
  299573
  274686
  247200
  217245
  185027
  150901
  115192
   78229
   40272
    1677
  -37235
  -76190
 -114980
 -153367
 -191167
 -228084
 -263647
 -297573
 -329464
 -359252
 -386788
 -411702
 -433835
 -453023
 -469247
 -482545
 -492772
 -499723
 -503523
 -504232
 -501963
 -496731
 -488499
 -477133
 -462768
 -445646
 -425906
 -403532
 -378702
 -351733
 -322769
 -292158
 -260140
 -227064
 -193201
 -158793
 -124226
  -89816
  -55763
  -22238
   10481
   42178
   72585
  101543
  128863
  154342
  177755
  199010
  217970
  234461
  248387
  259543
  268066
  273892
  276774
  276708
  273809
  268145
  259669
  248540
  235002
  219054
  200902
  180816
  158997
  135524
  110629
   84478
   57127
   28823
    -197
  -29773
  -59707
  -89844
 -119706
 -148999
 -177493
 -205133
 -231742
 -256955
 -280578
 -302493
 -322584
 -340668
 -356653
 -370520
 -382219
 -391568
 -398378
 -402754
 -404715
 -404373
 -401701
 -396647
 -389374
 -379863
 -368157
 -354424
 -338678
 -321002
 -301571
 -280622
 -258289
 -234781
 -210248
 -184909
 -159015
 -132669
 -106166
  -79812
  -53785
  -28046
   -2816
   21661
   45188
   67543
   88486
  107786
  125399
  141246
  155251
  167320
  177328
  185160
  190738
  194085
  195237
  194369
  191411
  186405
  179342
  170237
  159140
  146180
  131557
  115331
   97707
   78868
   58849
   37890
   16223
   -6013
  -28700
  -51702
  -74956
  -98259
 -121155
 -143513
 -165318
 -186353
 -206460
 -225590
 -243529
 -260120
 -275362
 -289118
 -301150
 -311415
 -319819
 -326303
 -330913
 -333612
 -334374
 -333248
 -330289
 -325471
 -318837
 -310479
 -300543
 -289036
 -276137
 -262039
 -246577
 -229838
 -212070
 -193456
 -174120
 -154242
 -134016
 -113623
  -93285
  -73100
  -53147
  -33606
  -14486
    4022
   21724
   38598
   54427
   69066
   82456
   94479
  104984
  113931
  121104
  126528
  130331
  132530
  133036
  131875
  128995
  124396
  118266
  110689
  101822
   91677
   80151
   67280
   53201
   38194
   22374
    5892
  -11091
  -28463
  -46204
  -64113
  -82055
  -99998
 -117661
 -134966
 -151866
 -168120
 -183675
 -198441
 -212151
 -224800
 -236295
 -246645
 -255751
 -263400
 -269595
 -274352
 -277554
 -279083
 -278870
 -277098
 -273923
 -269349
 -263454
 -256153
 -247571
 -237920
 -227285
 -215631
 -203089
 -189748
 -175677
 -160938
 -145578
 -129877
 -114114
  -98225
  -82218
  -66162
  -50269
  -34781
  -19832
   -5568
    7882
   20425
   32146
   42779
   52279
   60631
   67664
   73402
   78033
   81576
   83762
   84524
   83973
   82105
   78993
   74659
   69166
   62604
   54900
   46108
   36341
   25673
   14286
    2354
  -10273
  -23354
  -36754
  -50392
  -64183
  -77992
  -91766
 -105396
 -118910
 -132156
 -144923
 -157120
 -168763
 -179720
 -189757
 -198796
 -206818
 -213758
 -219646
 -224405
 -228034
 -230414
 -231539
 -231655
 -230703
 -228680
 -225611
 -221590
 -216586
 -210682
 -203757
 -195887
 -187211
 -177880
 -167917
 -157303
 -146188
 -134683
 -122780
 -110560
  -98182
  -85808
  -73640
  -61616
  -49826
  -38417
  -27469
  -17041
   -7324
    1565
    9645
   16980
   23380
   28956
   33813
   37821
   40954
   43266
   44631
   45016
   44356
   42811
   40433
   37041
   32597
   27220
   20961
   13822
    5882
   -2744
  -11814
  -21274
  -31225
  -41676
  -52285
  -62940
  -73651
  -84275
  -94631
 -104751
 -114405
 -123248
 -131866
 -140536
 -149114
 -157545
 -165630
 -173028
 -179772
 -185805
 -190946
 -194903
 -197737
 -199484
 -200173
 -199742
 -198299
 -196046
 -193037
 -189276
 -184950
 -180052
 -174594
 -168638
 -162107
 -154994
 -147359
 -139187
 -130704
 -121830
 -112344
 -102569
  -92560
  -82255
  -72020
  -62213
  -52962
  -44348
  -36336
  -28820
  -21744
  -15223
   -9270
   -3790
    1291
    5944
   10088
   13691
   16625
   18816
   20149
   20602
   20044
   18433
   15859
   12322
    7874
    2615
   -3464
  -10016
  -16761
  -23635
  -30536
  -37446
  -44412
  -51555
  -59016
  -66686
  -74527
  -82506
  -90833
  -99380
 -107916
 -116262
 -124400
 -132357
 -139806
 -146442
 -152276
 -157135
 -161117
 -164325
 -166825
 -168554
 -169683
 -170270
 -169499
 -166849
 -164108
 -161982
 -160384
 -159280
 -158359
 -157206
 -155511
 -153132
 -149904
 -145432
 -139592
 -132417
 -124311
 -115533
 -106403
  -97244
  -88377
  -79975
  -72087
  -64835
  -58081
  -51722
  -45728
  -39989
  -34375
  -28835
  -23462
  -18379
  -13623
   -9279
   -5519
   -2489
    -357
     802
     909
     133
   -1232
   -2999
   -5240
   -7932
  -10948
  -14278
  -17593
  -20952
  -24559
  -28610
  -33168
  -38284
  -44136
  -50820
  -58337
  -66414
  -74805
  -83348
  -91780
  -99672
 -107197
 -114417
 -121326
 -127949
 -133675
 -137890
 -141523
 -145030
 -148508
 -151825
 -154908
 -157794
 -160322
 -162443
 -163954
 -164420
 -163471
 -161477
 -158911
 -155844
 -152252
 -148322
 -144005
 -139315
 -134321
 -129055
 -123516
 -117682
 -111647
 -105340
  -98701
  -91787
  -84804
  -77858
  -70791
  -63358
  -55722
  -48475
  -41738
  -35588
  -30186
  -25667
  -21918
  -18771
  -16216
  -14319
  -12950
  -11922
  -10983
  -10191
   -9734
   -9586
   -9935
  -10911
  -12403
  -14556
  -17248
  -20367
  -24194
  -28630
  -33623
  -39060
  -44785
  -50733
  -56827
  -63022
  -69187
  -75283
  -81006
  -86462
  -92042
  -97988
 -104242
 -110585
 -116725
 -122499
 -128008
 -133202
 -137944
 -141972
 -145293
 -147604
 -149021
 -149718
 -149795
 -149266
 -148255
 -146985
 -145566
 -144027
 -142308
 -140326
 -138053
 -135463
 -132431
 -128833
 -124695
 -120070
 -114923
 -109324
 -103436
  -97493
  -91527
  -85421
  -79363
  -73507
  -67821
  -62466
  -57572
  -52893
  -48314
  -43847
  -39669
  -35786
  -32163
  -28840
  -25851
  -23417
  -21594
  -20371
  -19727
  -19666
  -20293
  -21558
  -23358
  -25536
  -28007
  -30723
  -33659
  -36777
  -40083
  -43582
  -47178
  -50911
  -54909
  -58916
  -63052
  -67525
  -72205
  -77085
  -82011
  -86806
  -91869
  -97190
 -102454
 -107491
 -112079
 -116282
 -120195
 -123537
 -126256
 -128530
 -130182
 -131229
 -131961
 -132578
 -132878
 -132891
 -132654
 -132061
 -131177
 -130028
 -128586
 -126840
 -124626
 -121884
 -118641
 -114957
 -110946
 -106789
 -102489
  -98179
  -93946
  -89678
  -85352
  -81182
  -76884
  -72176
  -67599
  -63541
  -60063
  -56977
  -54120
  -51523
  -49260
  -47324
  -45547
  -43817
  -41957
  -40028
  -38320
  -37083
  -36422
  -36239
  -36492
  -37269
  -38514
  -40104
  -42154
  -44502
  -47019
  -49501
  -52086
  -55004
  -57987
  -60612
  -63213
  -65971
  -68755
  -71759
  -75099
  -78694
  -82525
  -86436
  -90366
  -94273
  -98070
 -101675
 -104837
 -107527
 -109757
 -111570
 -112943
 -113849
 -114297
 -114578
 -114856
 -115229
 -115629
 -116054
 -116354
 -116569
 -116727
 -116469
 -115646
 -114320
 -112398
 -109868
 -106892
 -103556
  -99949
  -96347
  -92942
  -89803
  -86947
  -84352
  -82119
  -80105
  -78220
  -76397
  -74437
  -72135
  -69526
  -66582
  -63466
  -60353
  -57329
  -54446
  -51847
  -49764
  -48390
  -47623
  -47290
  -47116
  -46926
  -46890
  -47213
  -47882
  -48858
  -49968
  -51176
  -52461
  -53936
  -55746
  -57929
  -60560
  -63684
  -67043
  -71078
  -75095
  -77908
  -78787
  -78774
  -79075
  -79383
  -79578
  -79499
  -78884
  -78163
  -78107
  -78926
  -80073
  -81715
  -84698
  -90266
  -97499
 -105710
 -114230
 -120615
 -117385
 -107562
 -100108
  -97191
 -100114
 -107640
 -117530
 -127454
 -135993
 -142165
 -145189
 -144717
 -140986
 -134504
 -125902
 -115738
 -104936
  -94451
  -85089
  -77516
  -72203
  -69146
  -68078
  -68569
  -69991
  -71451
  -72298
  -72150
  -70601
  -67731
  -63896
  -59359
  -54517
  -49789
  -45747
  -42773
  -40670
  -39212
  -39057
  -40864
  -43896
  -46444
  -48507
  -51677
  -55470
  -58670
  -60288
  -60164
  -58746
  -56906
  -55179
  -54582
  -55799
  -58129
  -61392
  -65720
  -71697
  -79517
  -88224
  -96659
 -103898
 -109263
 -112354
 -113049
 -111711
 -108838
 -104931
 -100770
  -97019
  -94176
  -92641
  -92631
  -94188
  -97044
 -100590
 -104133
 -107114
 -109034
 -109752
 -109063
 -107020
 -103667
  -99382
  -94592
  -89756
  -85446
  -82217
  -80330
  -79668
  -80131
  -81435
  -83132
  -84690
  -85667
  -85777
  -84670
  -82395
  -79243
  -75364
  -71084
  -66942
  -63393
  -60889
  -59684
  -59781
  -61214
  -63622
  -66680
  -70041
  -73224
  -75804
  -77488
  -78115
  -77604
  -76077
  -73788
  -70753
  -66440
  -58045
  -43012
  -18251
    8472
   22246
   15010
  -13975
  -58815
 -111784
 -163990
 -206944
 -235998
 -251325
 -251772
 -238016
 -214311
 -183707
 -150962
 -119684
  -93511
  -74849
  -64621
  -62615
  -67359
  -77056
  -88003
  -97889
 -103004
 -102167
  -94875
  -82176
  -64658
  -44686
  -23678
   -4524
   10617
   19909
   23186
   20834
   14242
    5537
   -3233
   -9654
  -11758
   -8363
     766
   15085
   33029
   52456
   71031
   85940
   94859
   96069
   88505
   72181
   48077
   18065
  -15338
  -49406
  -81485
 -109185
 -130775
 -145653
 -153982
 -156344
 -154281
 -149886
 -145574
 -143341
 -144708
 -150603
 -161207
 -175945
 -193704
 -212707
 -231021
 -246765
 -258196
 -264285
 -264377
 -258589
 -247742
 -233129
 -216401
 -199319
 -183388
 -169681
 -158745
 -150585
 -144846
 -140543
 -136351
 -130962
 -123307
 -112405
  -97712
  -79447
  -58437
  -35802
  -12818
    9009
   28096
   43245
   54001
   60242
   61889
   59832
   56275
   54064
   57833
   75365
  104276
  124448
  119809
   96246
   61585
   22150
   -6705
  -24218
  -42096
  -63072
  -86169
 -109630
 -132891
 -156385
 -180210
 -199488
 -211514
 -217054
 -222071
 -225490
 -223171
 -217892
 -179862
 -127520
  -86128
  -60362
  -51394
  -58322
  -78516
 -107942
 -141645
 -174434
 -201632
 -219620
 -225920
 -220011
 -202539
 -175189
 -140698
 -102388
  -63610
  -27204
    4574
   30143
   49056
   62059
   70407
   75774
   80149
   85032
   91394
   99485
  108959
  118614
  126925
  132207
  133129
  128619
  117982
  100968
   78170
   50602
   19572
  -12063
  -41098
  -66249
  -88669
 -106808
 -123972
 -144419
 -163304
 -156539
 -128062
  -85757
   -6495
  103841
  191507
  233363
  221219
  158171
   52696
  -80846
 -225100
 -364690
 -486594
 -580291
 -638937
 -660385
 -647168
 -605421
 -544014
 -472934
 -402163
 -340588
