 -900883
 -900793
 -901575
 -902576
 -903023
 -902350
 -900503
 -897346
 -893149
 -888196
 -882835
 -877552
 -872745
 -869006
 -866911
 -866774
 -868712
 -872632
 -878355
 -885133
 -892109
 -898689
 -904634
 -909846
 -913853
 -916505
 -918380
 -919787
 -921099
 -922520
 -924406
 -927032
 -930597
 -935301
 -941088
 -947851
 -955195
 -962577
 -969596
 -975949
 -981457
 -985936
 -989139
 -991164
 -992144
 -992418
 -992528
 -992677
 -992977
 -993469
 -994227
 -994946
 -995303
 -995439
 -994848
 -993371
 -990994
 -987866
 -984135
 -979600
 -974461
 -968817
 -962992
 -957367
 -952155
 -947567
 -943534
 -940273
 -937363
 -934281
 -930951
 -927177
 -922786
 -917792
 -912394
 -906636
 -900751
 -895216
 -890091
 -885614
 -881864
 -879236
 -877850
 -877665
 -878537
 -880096
 -882331
 -884964
 -887745
 -890431
 -893286
 -896174
 -898591
 -900644
 -902411
 -904224
 -906314
 -908660
 -911748
 -915628
 -920565
 -926545
 -933088
 -939904
 -946644
 -953020
 -958771
 -963765
 -967915
 -971309
 -974148
 -976439
 -978357
 -980111
 -981433
 -982326
 -983317
 -984502
 -985662
 -986400
 -986841
 -986912
 -986683
 -986126
 -985213
 -983628
 -981592
 -979129
 -976322
 -973279
 -970106
 -966892
 -963699
 -960663
 -957437
 -954126
 -951048
 -947573
 -943427
 -939180
 -934657
 -929868
 -925061
 -920455
 -915597
 -910648
 -906748
 -903973
 -902250
 -901663
 -901554
 -901630
 -901950
 -902377
 -902845
 -903181
 -903450
 -903919
 -904132
 -904085
 -903766
 -903543
 -903444
 -903763
 -904677
 -906233
 -908528
 -911603
 -915338
 -919560
 -924254
 -929359
 -934634
 -939893
 -944814
 -949135
 -952835
 -956268
 -959387
 -961950
 -964070
 -965802
 -967126
 -968454
 -969729
 -971132
 -972481
 -973851
 -975389
 -976556
 -977312
 -977795
 -978375
 -978770
 -978826
 -978501
 -977656
 -976525
 -975089
 -973480
 -971392
 -968851
 -966151
 -963431
 -960675
 -957815
 -954863
 -951653
 -948474
 -945257
 -941803
 -938264
 -934697
 -931162
 -927791
 -924492
 -921445
 -918709
 -916155
 -913591
 -911491
 -909584
 -907907
 -906944
 -906570
 -906845
 -908062
 -910147
 -912529
 -914611
 -916394
 -918212
 -920059
 -921740
 -923102
 -924175
 -925229
 -926256
 -927150
 -927924
 -928662
 -929399
 -930175
 -930807
 -931617
 -932649
 -934281
 -936794
 -940204
 -944121
 -948497
 -953215
 -958214
 -963005
 -967419
 -971278
 -974427
 -976302
 -976852
 -976627
 -975717
 -973906
 -971585
 -969106
 -966846
 -965208
 -964022
 -963460
 -963404
 -963400
 -963272
 -962682
 -961511
 -960117
 -959085
 -958737
 -963396
 -966876
 -970258
 -972854
 -972529
 -967204
 -956171
 -946531
 -937627
 -928472
 -915932
 -906608
 -900770
 -899035
 -901388
 -903069
 -904831
 -910335
 -919811
 -933651
 -945119
 -951489
 -950029
 -940892
 -929616
 -917223
 -904890
 -893429
 -883757
 -876822
 -873217
 -873451
 -877560
 -885659
 -897511
 -912609
 -930125
 -948716
 -967293
 -984618
 -999431
-1010858
-1018272
-1020895
-1019135
-1013188
-1003721
 -991769
 -978347
 -964975
 -952780
 -942483
 -934758
 -930143
 -928716
 -930167
 -934126
 -939797
 -946518
 -953826
 -960953
 -967076
 -971414
 -973821
 -974409
 -973488
 -971092
 -967453
 -963002
 -958137
 -953275
 -948723
 -944798
 -941574
 -938778
 -936228
 -933752
 -931415
 -929764
 -927399
 -930681
 -940883
 -950306
 -957679
 -961317
 -961068
 -957856
 -952589
 -945669
 -937451
 -928229
 -918508
 -908641
 -898851
 -891228
 -897651
 -918560
 -935649
 -945147
 -948543
 -943531
 -928887
 -914009
 -901970
 -893437
 -888486
 -886598
 -887452
 -886845
 -883156
 -883682
 -891160
 -905154
 -924074
 -946899
 -972212
 -998225
-1023120
-1045059
-1062769
-1074949
-1080481
-1078809
-1070034
-1054701
-1034202
-1009950
 -983681
 -957184
 -932626
 -911590
 -895508
 -885440
 -881647
 -883977
 -891402
 -902617
 -916376
 -931228
 -945616
 -958191
 -968191
 -975156
 -978597
 -978515
 -975514
 -969875
 -962040
 -953558
 -945116
 -936751
 -929177
 -922905
 -918179
 -914825
 -912717
 -911758
 -912046
 -913265
 -915455
 -918488
 -922234
 -926459
 -930845
 -935675
 -941003
 -946351
 -951640
 -956355
 -960221
 -963056
 -964695
 -964856
 -962999
 -959647
 -955240
 -950129
 -944763
 -939477
 -935057
 -931962
 -930560
 -930845
 -932512
 -935545
 -939863
 -945394
 -951479
 -957268
 -962446
 -966467
 -969450
 -970907
 -970761
 -969211
 -966596
 -963403
 -960033
 -957333
 -955558
 -954730
 -954891
 -955743
 -956877
 -958242
 -959615
 -960473
 -960508
 -959814
 -958582
 -956999
 -955215
 -953491
 -951916
 -950685
 -949719
 -948715
 -946594
 -945886
 -947474
 -950447
 -953714
 -956118
 -957062
 -956610
 -954928
 -952593
 -949643
 -946551
 -942983
 -939491
 -936889
 -935102
 -934258
 -933401
 -932279
 -931016
 -930108
 -929377
 -928559
 -929002
 -934966
 -942177
 -947274
 -950180
 -950341
 -946926
 -941188
 -935149
 -929405
 -924455
 -922463
 -924885
 -927852
 -930448
 -932846
 -935138
 -937516
 -940195
 -943123
 -947445
 -953283
 -960455
 -968944
 -974204
 -977537
 -979909
 -981567
 -982413
 -980993
 -972043
 -967503
 -968729
 -971642
 -975547
 -978944
 -981792
 -983508
 -984245
 -984042
 -982537
 -979447
 -975051
 -970579
 -965569
 -959735
 -953514
 -946968
 -940515
 -934340
 -928821
 -924304
 -921183
 -920021
 -920406
 -921831
 -924680
 -928203
 -923851
 -912642
 -906214
 -905323
 -908334
 -914698
 -923757
 -934083
 -945471
 -957582
 -969751
 -980913
 -990104
 -997154
-1001953
-1003726
-1001909
 -996641
 -988195
 -977337
 -964573
 -950434
 -936431
 -923339
 -912045
 -903733
 -899007
 -898091
 -901129
 -908113
 -918074
 -929939
 -942842
 -955663
 -967426
 -977456
 -985044
 -989500
 -990350
 -988152
 -983832
 -977770
 -970444
 -962566
 -954541
 -942998
 -930074
 -922407
 -919678
 -921141
 -926036
 -933990
 -943953
 -954857
 -965769
 -975977
 -985339
 -993126
 -998871
-1002326
-1003398
-1002131
 -998285
 -992108
 -984146
 -974838
 -964644
 -954179
 -944009
 -934600
 -926422
 -919525
 -907230
 -790280
 -589814
 -457909
 -396204
 -401868
 -468613
 -587494
 -746549
 -932579
-1132329
-1331676
-1517001
-1675663
-1796412
-1869970
-1890276
-1854645
-1764342
-1624497
-1444073
-1235149
-1011889
 -789568
 -583467
 -407382
 -272528
 -186252
 -152081
 -169621
 -234443
 -338886
 -472587
 -622772
 -776335
 -921153
-1046953
-1145697
-1212668
-1246461
-1248222
-1221590
-1172605
-1108461
-1036605
 -964423
 -898430
 -843903
 -803788
 -779784
 -772163
 -779522
 -799451
 -829256
 -866090
 -907506
 -951453
 -996148
-1039670
-1080429
-1117218
-1149277
-1175545
-1194835
-1206049
-1208253
-1200397
-1181860
-1152806
-1114176
-1067579
-1015698
 -961609
 -908851
 -861197
 -822006
 -794028
 -779130
 -778060
 -790300
 -814430
 -847467
 -885594
 -924671
 -960990
 -991259
-1013007
-1024248
-1024159
-1013594
 -994678
 -969976
 -942594
 -915669
 -892320
 -875113
 -865108
 -862610
 -867454
 -878797
 -894976
 -914038
 -933935
 -952496
 -968312
 -980626
 -989222
 -994311
 -996641
 -996766
 -995279
 -993182
 -991959
 -991673
 -992246
 -993201
 -993879
 -993592
 -991304
 -986516
 -979201
 -969307
 -957473
 -944722
 -932426
 -921290
 -912423
 -907036
 -905753
 -908571
 -915296
 -924975
 -936244
 -947623
 -958273
 -966839
 -972206
 -973997
 -971978
 -966649
 -958793
 -949572
 -940115
 -931839
 -926181
 -923891
 -925390
 -930642
 -939281
 -950222
 -962209
 -974180
 -984755
 -993134
 -998844
-1001559
-1001364
 -998658
 -994163
 -988929
 -983852
 -979284
 -976127
 -974560
 -974281
 -975023
 -976450
 -978057
 -979226
 -979232
 -977420
 -973455
 -967854
 -961236
 -953913
 -946633
 -940023
 -934783
 -931214
 -929147
 -928605
 -929456
 -931425
 -933687
 -935490
 -936283
 -936132
 -934921
 -932437
 -928765
 -924494
 -920491
 -917518
 -915730
 -915409
 -917001
 -920763
 -926399
 -933410
 -941345
 -949504
 -957157
 -963871
 -969277
 -973191
 -975274
 -975845
 -975518
 -974427
 -973268
 -972485
 -972435
 -973371
 -975091
 -977673
 -981163
 -984855
 -988630
 -992245
 -995015
 -996461
 -996484
 -995383
 -993119
 -989831
 -985804
 -981166
 -976363
 -971980
 -968071
 -964914
 -962344
 -960314
 -958784
 -957269
 -955475
 -953260
 -950972
 -948672
 -946084
 -943192
 -940341
 -937992
 -935909
 -934229
 -933336
 -933073
 -933659
 -935339
 -937864
 -940906
 -944035
 -946651
 -948499
 -949541
 -949456
 -948525
 -947338
 -945973
 -944742
 -943912
 -943780
 -944675
 -946354
 -948720
 -951256
 -954016
 -957033
 -960076
 -962594
 -964654
 -966166
 -967071
 -967338
 -966699
 -965678
 -964739
 -964234
 -964292
 -964944
 -965988
 -967140
 -968524
 -970106
 -971602
 -972634
 -972952
 -972810
 -972089
 -970680
 -969303
 -967922
 -966539
 -965373
 -964762
 -964666
 -965089
 -966218
 -967697
 -968961
 -969888
 -970197
 -969732
 -968442
 -966675
 -964794
 -962632
 -960399
 -957966
 -955520
 -953664
 -952230
 -951222
 -950828
 -951521
 -952995
 -954543
 -955452
 -956252
 -957599
 -958699
 -959088
 -958957
 -958188
 -956398
 -954454
 -954512
 -958132
 -962864
 -969716
 -975062
 -976347
 -974879
 -971014
 -965143
 -957714
 -949114
 -940226
 -931731
 -924115
 -917648
 -912770
 -910259
 -914721
 -921847
 -934386
 -964988
 -993396
-1012607
-1024701
-1029392
-1026251
-1016129
-1000300
 -980453
 -958274
 -935219
 -913188
 -893940
 -879029
 -870234
 -868553
 -874096
 -886574
 -905118
 -928480
 -955289
 -983422
-1010527
-1034761
-1054147
-1067103
-1073010
-1071860
-1064214
-1050963
-1033564
-1013719
 -992700
 -972424
 -954620
 -940191
 -929594
 -923032
 -920506
 -921640
 -925622
 -931519
 -938372
 -945463
 -952134
 -957612
 -961555
 -964147
 -965287
 -965149
 -964214
 -962195
 -959312
 -956366
 -953583
 -951076
 -948395
 -945134
 -941592
 -937795
 -933747
 -930277
 -927747
 -926713
 -927272
 -929349
 -933225
 -938780
 -945693
 -953595
 -961966
 -970246
 -977738
 -983974
 -988540
 -991194
 -991613
 -989844
 -984559
 -976585
 -968700
 -961850
 -956693
 -953893
 -953228
 -954787
 -958499
 -963796
 -970048
 -976738
 -983258
 -989174
 -993707
 -995415
 -994867
 -992674
 -988870
 -983683
 -977651
 -971288
 -965232
 -959681
 -954770
 -950799
 -948111
 -946988
 -947169
 -948311
 -950106
 -952155
 -954148
 -955818
 -956922
 -957740
 -958167
 -957990
 -957741
 -957733
 -957845
 -957773
 -957670
 -958044
 -958574
 -958930
 -959125
 -958939
 -966214
-1107147
-1420338
-1686838
-1840481
-1878712
-1808668
-1643278
-1399361
-1097337
 -760309
 -413366
  -82201
  208395
  436441
  585207
  644276
  609530
  482953
  271800
  -10589
 -346149
 -713806
-1090157
-1450373
-1770467
-2030011
-2213388
-2310616
-2319361
-2244357
-2096524
-1892271
-1650864
-1393463
-1141301
 -913747
 -726569
 -590908
 -512021
 -489425
 -518009
 -588608
 -689195
 -806227
 -926934
-1040175
-1137108
-1211110
-1258761
-1279065
-1273161
-1244293
-1196748
-1135433
-1065371
 -990966
 -915399
 -841332
 -770841
 -705920
 -647991
 -598396
 -559204
 -532976
 -521857
 -527642
 -551384
 -593253
 -651980
 -725350
 -809693
 -900294
 -991375
-1076467
-1149648
-1205751
-1240593
-1252002
-1240237
-1207395
-1157715
-1097142
-1031828
 -968476
 -913301
 -871335
 -846187
 -839596
 -851153
 -878583
 -917878
 -963593
-1010704
-1053816
-1088659
-1112355
-1123397
-1121540
-1108136
-1085463
-1056476
-1024686
 -993456
 -965566
 -942726
 -925882
 -915044
 -909058
 -906731
 -906674
 -907433
 -908056
 -907799
 -906482
 -904885
 -904210
 -905606
 -910361
 -919358
 -932947
 -951004
 -972408
 -995872
-1019608
-1041011
-1057755
-1068099
-1070852
-1065504
-1052644
-1033782
-1010981
 -986813
 -963900
 -944707
 -931140
 -924411
 -924694
 -931429
 -943424
 -958731
 -975165
 -990032
-1001223
-1007819
-1008585
-1002824
 -990980
 -974778
 -956197
 -936767
 -918240
 -902401
 -890579
 -883739
 -881884
 -884326
 -890123
 -897944
 -906271
 -914013
 -920035
 -923964
 -925644
 -925598
 -924672
 -924068
 -924568
 -926822
 -931543
 -939151
 -949286
 -961811
 -975992
 -990624
-1004774
-1017184
-1026593
-1032643
-1035292
-1034768
-1031669
-1027006
-1021781
-1017367
-1014391
-1013319
-1014567
-1017888
-1023029
-1029401
-1035824
-1040687
-1043305
-1043295
-1039783
-1032505
-1022322
-1010266
 -996976
 -983441
 -970645
 -959281
 -949986
 -943193
 -939166
 -937430
 -937151
 -937479
 -937585
 -937052
 -935425
 -932328
 -927813
 -922029
 -915145
 -908625
 -903022
 -898991
 -897073
 -898028
 -903970
 -913955
 -921451
 -921181
 -912874
 -918831
 -932865
 -946373
 -957968
 -966801
 -972407
 -974544
 -973007
 -969892
 -966515
 -964087
 -962735
 -962620
 -966119
 -986648
-1015963
-1037335
-1049263
-1052333
-1047351
-1035255
-1017901
 -997115
 -974749
 -952668
 -932909
 -917136
 -906747
 -902745
 -905359
 -914902
 -930389
 -950076
 -972777
 -996757
-1020301
-1042116
-1060248
-1073300
-1080723
-1082174
-1077501
-1067211
-1052396
-1034275
-1014093
 -993173
 -973076
 -955151
 -940351
 -928958
 -921307
 -917355
 -916779
 -918946
 -923112
 -928248
 -933664
 -939149
 -944320
 -949046
 -952833
 -955385
 -956604
 -956729
 -955774
 -953986
 -951515
 -948391
 -944747
 -940751
 -936827
 -933264
 -930230
 -927982
 -926990
 -927265
 -928850
 -931873
 -936501
 -942780
 -950305
 -958683
 -967603
 -976827
 -985677
 -993816
-1000904
-1006567
-1010526
-1010024
-1005013
 -999592
 -993944
 -986600
 -979728
 -976006
 -975459
 -977523
 -981823
 -987941
 -995351
-1003459
-1011574
-1014872
-1005579
 -994536
 -988093
 -985355
 -985072
 -986618
 -989260
 -992595
 -996830
-1001337
-1005503
-1009138
-1012669
-1017206
-1025000
-1030991
-1024533
 -997290
 -966021
 -948385
 -938379
 -931394
 -926332
 -923359
 -917551
 -906838
 -906527
 -907035
 -903554
 -904958
 -912251
 -921854
 -932919
 -944593
 -955921
 -964951
 -969935
 -971378
 -970202
 -967631
 -964643
 -961826
 -959792
 -959437
 -960731
 -963038
 -966052
 -970077
