  -76892
  -76602
  -78608
  -82384
  -87287
  -92740
  -98077
 -102660
 -105899
 -107344
 -106857
 -104595
 -100904
  -96423
  -91886
  -88224
  -85849
  -84513
  -84357
  -85585
  -88093
  -91523
  -95696
 -100265
 -104431
 -107485
 -108849
 -107928
 -106193
 -105655
 -104396
 -101452
  -97503
  -94049
  -94712
 -106524
 -125457
 -138718
 -139197
 -125099
  -98781
  -63950
  -23768
   17144
   50164
   67663
   65810
   44360
    5777
  -45303
 -102603
 -158932
 -207155
 -241409
 -257551
 -253773
 -231026
 -192949
 -145248
  -94831
  -48813
  -13520
    6353
    8310
   -7594
  -38775
  -80675
 -127393
 -172512
 -209907
 -234565
 -243134
 -234456
 -209774
 -172458
 -127454
  -80678
  -38137
   -5125
   14587
   19298
    9275
  -13233
  -44381
  -79352
 -112942
 -140328
 -157744
 -162971
 -155570
 -136857
 -109866
  -78664
  -47954
  -22266
   -5207
     929
   -4725
  -21359
  -46533
  -76783
 -108089
 -136322
 -157829
 -169948
 -171380
 -162363
 -144516
 -120608
  -94267
  -69414
  -49678
  -37914
  -35768
  -43335
  -59248
  -81103
 -105806
 -129946
 -150214
 -163840
 -169116
 -165348
 -153113
 -134127
 -110977
  -86849
  -64963
  -48125
  -38303
  -36481
  -42550
  -55376
  -72908
  -92534
 -111400
 -126875
 -136865
 -140118
 -136306
 -126144
 -111241
  -93732
  -76205
  -61139
  -50679
  -46259
  -48323
  -56485
  -69516
  -85545
 -102432
 -117904
 -129902
 -136947
 -138367
 -134294
 -125507
 -113360
  -99667
  -86427
  -75506
  -68446
  -66191
  -68950
  -76118
  -86530
  -98814
 -111427
 -122753
 -131102
 -135009
 -133683
 -127205
 -116426
 -102671
  -87682
  -73396
  -61659
  -53965
  -51182
  -53551
  -60522
  -71002
  -83386
  -95779
 -106385
 -113904
 -117653
 -117377
 -113198
 -105921
  -96863
  -87533
  -79289
  -73316
  -70407
  -70983
  -75031
  -82143
  -91169
 -100818
 -109557
 -116286
 -121085
 -125704
 -131992
 -135192
 -131225
 -120181
 -103483
  -83587
  -63507
  -46110
  -33984
  -28997
  -31958
  -42597
  -59672
  -80944
 -103706
 -125076
 -142325
 -153409
 -157121
 -153180
 -142386
 -126492
 -107855
  -89157
  -72919
  -61295
  -55745
  -56977
  -64722
  -77764
  -94164
 -111633
 -127948
 -140980
 -149004
 -150923
 -146476
 -136349
 -121879
 -105152
  -88280
  -72205
  -58473
  -49219
  -45504
  -47526
  -54996
  -66928
  -81722
  -97535
 -112326
 -123754
 -130281
 -131124
 -125972
 -115548
 -101513
  -86144
  -71841
  -60852
  -54489
  -53200
  -57072
  -65552
  -77548
  -91559
 -105723
 -117912
 -126416
 -130170
 -129068
 -123569
 -114601
 -103617
  -92096
  -81553
  -73437
  -68817
  -68206
  -71590
  -78423
  -87658
  -98016
 -108094
 -116540
 -122275
 -124212
 -121981
 -116307
 -108389
  -99306
  -90268
  -82719
  -77642
  -75425
  -76237
  -79810
  -85740
  -93289
 -101324
 -108765
 -114541
 -117810
 -118233
 -115847
 -111056
 -104546
  -97254
  -90118
  -83973
  -79530
  -77435
  -77990
  -80988
  -85927
  -92099
  -98583
 -104455
 -108954
 -111452
 -111533
 -109293
 -105151
  -99730
  -93832
  -88193
  -83599
  -80685
  -79756
  -80882
  -83885
  -88298
  -93494
  -98797
 -103451
 -106832
 -108502
 -108278
 -106272
 -102745
  -98266
  -93524
  -89190
  -85833
  -83929
  -83741
  -85254
  -88266
  -92357
  -96836
 -100998
 -104278
 -106356
 -106981
 -106045
 -103711
 -100298
  -96298
  -92357
  -88979
  -86649
  -85668
  -86089
  -87626
  -89966
  -92969
  -96501
 -100334
 -103906
 -106817
 -108959
 -109860
 -108699
 -105623
 -102361
 -101783
 -103497
 -104001
 -102825
  -99793
  -95062
  -89214
  -83081
  -77631
  -73622
  -71659
  -72160
  -75086
  -80121
  -86640
  -93790
 -100685
 -106482
 -110531
 -112349
 -111774
 -108982
 -104374
  -98673
  -92667
  -87200
  -83148
  -81160
  -81503
  -84089
  -88583
  -94369
 -100633
 -106595
 -111474
 -114716
 -115884
 -114888
 -111958
 -107519
 -102284
  -96987
  -92443
  -89202
  -87481
  -87295
  -88693
  -91283
  -94396
  -97601
 -100353
 -101896
 -101748
  -99892
  -96745
  -92798
  -88636
  -84881
  -82120
  -80822
  -81284
  -83508
  -87092
  -91537
  -96330
 -100910
 -104664
 -107165
 -108114
 -107374
 -105204
 -102016
  -98255
  -94407
  -91028
  -88620
  -87531
  -87953
  -89846
  -92911
  -96721
 -100811
 -104654
 -107790
 -109742
 -110271
 -109288
 -106927
 -103595
  -99710
  -95697
  -92027
  -89208
  -87548
  -87150
  -87923
  -89674
  -92108
  -94886
  -97533
  -99618
 -100919
 -101329
 -100866
  -99536
  -97532
  -95329
  -93205
  -91442
  -90238
  -89724
  -89992
  -91067
  -92702
  -94632
  -96573
  -98257
  -99501
 -100176
 -100207
  -99557
  -98414
  -96966
  -95540
  -94351
  -93464
  -92752
  -92543
  -92808
  -93588
  -94836
  -96409
  -97589
  -95300
  -93256
  -95759
  -99845
 -103929
 -107430
 -109742
 -110422
 -109296
 -106479
 -102392
  -97537
  -92520
  -87932
  -84444
  -82531
  -82399
  -84068
  -87400
  -92107
  -97534
 -102672
 -106398
 -108163
 -107829
 -105524
 -101462
  -96202
  -90524
  -85202
  -81034
  -78580
  -78103
  -79751
  -83370
  -88470
  -94356
 -100207
 -105286
 -108989
 -110892
 -110807
 -108895
 -105523
 -101228
  -96628
  -92400
  -89213
  -87494
  -87405
  -88996
  -91995
  -95910
 -100154
 -104229
 -107574
 -109639
 -110157
 -109057
 -106602
 -103158
  -99205
  -95264
  -91796
  -89220
  -87820
  -87737
  -88943
  -91185
  -94101
  -97253
 -100182
 -102365
 -103402
 -103154
 -101780
  -99503
  -96648
  -93624
  -90964
  -89095
  -88195
  -88297
  -89278
  -91010
  -93230
  -95660
  -97857
  -99581
 -100630
 -100943
 -100571
  -99583
  -98139
  -96495
  -94821
  -93389
  -92465
  -92150
  -92550
  -93548
  -94937
  -96498
  -97975
  -99221
 -100061
 -100300
  -99894
  -98918
  -97609
  -96262
  -95198
  -94683
  -94750
  -95278
  -96561
  -95733
  -92789
  -93541
  -97776
 -105226
 -111901
 -116152
 -117178
 -114695
 -108978
 -100786
  -91304
  -81962
  -74049
  -68691
  -66694
  -68222
  -73064
  -80610
  -89969
  -99868
 -108993
 -116115
 -120412
 -121409
 -118866
 -113185
 -105200
  -96119
  -86937
  -78157
  -69885
  -62465
  -59888
  -64347
  -75646
  -92111
 -111325
 -130598
 -147212
 -158714
 -163460
 -160769
 -150907
 -135013
 -115185
  -94024
  -74243
  -58386
  -48378
  -45245
  -49090
  -59099
  -73636
  -90480
 -107086
 -121038
 -130488
 -134095
 -131312
 -122572
 -109165
  -93046
  -76493
  -61794
  -50904
  -45235
  -45430
  -51365
  -62209
  -76415
  -91994
 -106927
 -119261
 -127533
 -130770
 -128777
 -122175
 -112203
 -100505
  -88786
  -78806
  -72060
  -69574
  -71696
  -78051
  -87755
  -99578
 -111865
 -122708
 -130585
 -134537
 -133882
 -128612
 -119572
 -107972
  -95331
  -83380
  -73755
  -67737
  -65977
  -68549
  -75085
  -84511
  -95422
 -106268
 -115591
 -122123
 -124906
 -123592
 -118442
 -110152
  -99975
  -89317
  -79671
  -72396
  -68431
  -68159
  -71590
  -78250
  -87203
  -97136
 -106699
 -114646
 -120003
 -122137
 -120800
 -116277
 -109272
 -100842
  -92141
  -84252
  -78234
  -75007
  -75003
  -78142
  -83878
  -91342
  -99475
 -107195
 -113391
 -117234
 -118236
 -116282
 -111672
 -105110
  -97582
  -90103
  -83707
  -79261
  -77245
  -77819
  -80820
  -85879
  -92249
  -98956
 -105026
 -109597
 -112115
 -112235
 -109962
 -105677
 -100007
  -93856
  -88097
  -83544
  -80847
  -80340
  -82210
  -86134
  -91471
  -97497
 -103434
 -108460
 -111884
 -113331
 -112674
 -110023
 -105747
 -100373
  -94604
  -89306
  -85234
  -83058
  -83138
  -85617
  -90193
  -96225
 -102858
 -109149
 -114172
 -117283
 -118157
 -116491
 -112572
 -106823
  -99083
  -88992
  -78661
  -70463
  -67330
  -69875
  -77586
  -89264
 -103108
 -116971
 -128818
 -136858
 -139807
 -137169
 -129171
 -116948
 -102122
  -86693
  -72720
  -61944
  -55712
  -54739
  -58980
  -67740
  -79593
  -92812
 -105548
 -116079
 -123015
 -125435
 -123056
 -116327
 -106295
  -94474
  -82519
  -72189
  -64976
  -61790
  -63022
  -68406
  -77154
  -88159
  -99962
 -111077
 -120148
 -125898
 -127622
 -125282
 -119422
 -110911
 -100978
  -91018
  -82458
  -76556
  -74156
  -75474
  -80259
  -87766
  -96887
 -106386
 -114913
 -121258
 -124571
 -124449
 -120909
 -114438
 -105920
  -96621
  -87828
  -80680
  -76107
  -74620
  -76334
  -81004
  -87888
  -95971
 -104012
 -110864
 -115561
 -117492
 -116373
 -112485
 -106467
  -99176
  -91581
  -84702
  -79463
  -76509
  -76177
  -78438
  -82947
  -89035
  -95818
 -102186
 -107207
 -110443
 -111690
 -110979
 -108636
 -104983
 -100495
  -95846
  -91649
  -88419
  -86551
  -86296
  -87688
  -90436
  -94089
  -98131
 -102015
 -105189
 -107180
 -107728
 -106741
 -104452
 -101229
  -97517
  -93811
  -90695
  -88648
  -87946
  -88575
  -90384
  -93072
  -96173
  -99113
 -101339
 -102539
 -102603
 -101569
  -99566
  -96919
  -94018
  -91457
  -89888
  -89489
  -90318
  -92259
  -95060
  -98392
 -101790
 -104699
 -106734
 -107747
 -107709
 -106778
 -104946
 -102146
  -98664
  -95193
  -92438
  -90769
  -90400
  -91353
  -93466
  -96452
 -100054
 -103763
 -106837
 -108640
 -108863
 -107553
 -104972
 -101417
  -97350
  -93370
  -89974
  -87542
  -86375
  -86614
  -88231
  -91734
  -95095
  -95732
  -94686
  -93626
  -93893
  -95633
  -98612
 -102345
 -106286
 -109802
 -112361
 -113544
 -113064
 -110937
 -107323
 -102584
  -97278
  -92058
  -87578
  -84396
  -82935
  -83302
  -85329
  -88648
  -92784
  -97172
 -101196
 -104326
 -106152
 -106409
 -105061
 -102380
  -98780
  -94755
  -90842
  -87548
  -85216
  -84181
  -84620
  -86454
  -89470
  -93240
  -97258
 -101052
 -104144
 -106201
 -107029
 -106571
 -105061
 -102775
 -100014
  -97171
  -94773
  -93190
  -92603
  -93105
  -94594
  -96884
  -99621
 -102298
 -104508
 -106141
 -107671
 -107101
 -102705
  -97373
  -92796
  -89651
  -88356
  -89065
  -91635
  -95574
 -100241
 -104967
 -108972
 -111694
 -112709
 -111765
 -108932
 -104633
  -99394
  -93861
  -88751
  -84791
  -82462
  -82010
  -83422
  -86367
  -90446
  -95134
  -99779
 -103692
 -106392
 -107562
 -107090
 -105085
 -101841
  -97840
  -93688
  -90076
  -87546
  -86401
  -86645
  -88221
  -90918
  -94336
  -97951
 -101282
 -103965
 -105683
 -106274
 -105703
 -104138
 -101827
  -99157
  -96554
  -94427
  -93001
  -92453
  -92840
  -94149
  -96139
  -98539
 -101012
 -103111
 -104829
 -108407
 -115342
 -121574
 -122507
 -117487
 -107122
  -92798
  -76601
  -61001
  -48482
  -40977
  -39605
  -44661
  -55677
  -71312
  -89630
 -108352
 -125143
 -137996
 -145429
 -146658
 -141841
 -131821
 -118119
 -102789
  -88045
  -75963
  -68239
  -65942
  -69400
  -77999
  -90412
 -104889
 -119509
 -132225
 -141284
 -145531
 -144485
 -138355
 -127936
 -114709
 -100477
  -87106
  -76279
  -69354
  -67101
  -69725
  -76480
  -85843
  -96177
 -105783
 -113173
 -117171
 -117115
 -112966
 -105393
  -95537
  -84965
  -75197
  -67576
  -63230
  -62815
  -66437
  -73587
  -83272
  -94155
 -104750
 -113729
 -119990
 -122854
 -122055
 -117772
 -110765
 -102130
  -93234
  -85466
  -79902
  -77358
  -78224
  -82359
  -89140
  -97628
 -106705
 -115102
 -121693
 -125612
 -126368
 -123900
 -118591
 -111192
 -102677
  -94186
  -86857
  -81514
  -78797
  -79005
  -81918
  -86886
  -93067
  -99530
 -105450
 -109961
 -112406
 -112506
 -110355
 -106314
 -101028
  -95241
  -89790
  -85451
  -82811
  -82173
  -83487
  -86583
  -91032
  -96167
 -101352
 -105953
 -109280
 -110926
 -110744
 -108908
 -105677
 -101526
  -97148
  -93162
  -90117
  -88479
  -88442
  -89991
  -92839
  -96621
 -100841
 -104857
 -108053
 -110061
 -110539
 -109464
 -107077
 -103696
  -99801
  -95874
  -92315
  -89573
  -87985
  -87721
  -88714
  -90719
  -93450
  -96603
  -99754
 -102425
 -104264
 -104967
 -104142
 -101856
  -98663
  -95288
  -92320
  -90270
  -89425
  -89900
  -91626
  -94279
  -97470
 -100692
 -103470
 -105430
 -106369
 -106313
 -105364
 -103629
 -101467
  -99431
  -97883
  -96742
  -95862
  -95132
  -94528
  -94256
  -94357
  -94753
  -95389
  -96261
  -97249
  -98217
  -99109
  -99866
 -100423
 -100797
 -100955
 -100826
 -100430
  -99845
  -99243
  -98697
  -98317
  -98244
  -98407
  -98741
  -99219
  -99679
 -100030
 -100195
 -100186
 -100075
  -99819
  -99368
  -98766
  -98164
  -97662
  -97232
  -96905
  -96710
  -96672
  -96765
  -96917
  -97015
  -97059
  -97105
  -97087
  -96975
  -96787
  -96547
  -96340
  -96187
  -96123
  -96157
  -96287
  -96549
  -96959
  -97453
  -97910
  -98273
  -98645
  -99021
  -99315
  -99531
  -99716
  -99893
 -100068
 -100221
 -100231
 -100052
  -99798
  -99559
  -99369
  -99287
  -99310
  -99439
  -99664
  -99931
 -100208
 -100390
 -100430
 -100248
  -99886
  -99461
  -98981
  -98501
  -98065
  -97723
  -97477
  -97348
  -97493
  -97798
  -98219
  -98665
  -99001
  -99208
  -99283
  -99257
  -99083
  -98696
  -98156
  -97536
  -96913
  -96402
  -96058
  -95958
  -96071
  -96350
  -96725
  -97161
  -97692
  -98317
  -98906
  -99395
  -99730
  -99769
  -99527
  -99044
  -98344
  -97580
  -96924
  -96502
  -96391
  -96568
  -97071
  -97885
  -98850
  -99797
 -100625
 -101233
 -101539
 -101487
 -101115
 -100463
  -99583
  -98626
  -97772
  -97089
  -96578
  -96275
  -96194
  -96288
  -96425
  -96601
  -97070
  -98003
  -99351
 -100839
 -102234
 -103374
 -104067
 -104094
 -103554
 -102337
 -100489
  -98348
  -96303
  -94634
  -93474
  -92931
  -93095
  -94043
  -95668
  -97634
  -99642
 -101545
 -103006
 -103816
 -103887
 -103266
 -102022
 -100327
  -98367
  -96447
  -94877
  -93841
  -93391
  -93560
  -94295
  -95566
  -97215
  -98942
 -100487
 -101619
 -102185
 -102150
 -101544
 -100460
  -99178
  -97957
  -96930
  -96241
  -96237
  -96678
  -97154
  -97491
  -97600
  -97434
  -97040
  -96456
  -95850
  -95397
  -95196
  -95373
  -95905
  -96839
  -98010
  -99340
 -100701
 -101931
 -102926
 -103565
 -103777
 -103498
 -102790
 -101771
 -100632
  -99533
  -98557
  -97916
  -97685
  -97865
  -98369
  -99108
  -99965
 -100767
 -101386
 -101729
 -101680
 -101228
 -100437
  -99439
  -98322
  -97238
  -96273
  -95602
  -95261
  -95260
  -95649
  -96360
  -97223
  -98085
  -98791
  -99275
  -99551
  -99610
  -99428
  -99059
  -98580
  -98102
  -97697
  -97422
  -97293
  -97295
  -97514
  -97957
  -98533
  -99157
  -99760
 -100307
 -100794
 -101117
 -101194
 -101027
 -100609
 -100014
  -99319
  -98587
  -97960
  -97484
  -97272
  -97348
  -97626
  -98006
  -98532
  -99170
  -99666
  -99953
 -100110
 -100068
  -99709
  -99065
  -98440
  -98178
  -98455
  -99195
 -100257
 -101230
 -101697
 -100472
 -100983
 -102497
 -102516
 -101834
 -100619
  -99082
  -97417
  -95853
  -94635
  -93951
  -93936
  -94563
  -95719
  -97234
  -98872
 -100417
 -101656
 -102480
 -102725
 -102367
 -101505
 -100227
  -98732
  -97242
  -95993
  -95163
  -94792
  -94908
  -95519
  -96525
  -97798
  -99195
 -100473
 -101465
 -102063
 -102209
 -101883
 -101158
 -100194
  -99143
  -98149
  -97291
  -96713
  -96474
  -96607
  -97077
  -97747
  -98559
  -99420
 -100247
 -100892
 -101226
 -101091
 -100583
 -100864
 -103549
 -107312
 -108910
 -107684
 -103781
  -97716
  -90386
  -82895
  -76416
  -72059
  -70460
  -71967
  -76484
  -83464
  -92057
 -101107
 -109534
 -116366
 -120807
 -122391
 -121024
 -117137
 -111395
 -104673
  -97943
  -92059
  -87712
  -85502
  -85728
  -88334
  -92932
  -98904
 -105434
 -111663
 -116730
 -120060
 -121360
 -120469
 -117268
 -112109
 -105765
  -99193
  -93150
  -88350
  -85345
  -84454
  -85591
  -88446
  -92584
  -97325
 -101946
 -105753
 -108209
 -108987
 -107950
 -105258
 -101311
  -96787
  -92283
  -88464
  -85887
  -84911
  -85567
  -87721
  -91102
  -95235
  -99555
 -103494
 -106550
 -108400
 -108769
 -107696
 -105387
 -102252
  -98847
  -95665
  -93067
  -91361
  -90780
  -91405
  -93185
  -95806
  -98955
 -102198
 -105099
 -107356
 -108703
 -108983
 -108183
 -106425
 -103976
 -101089
  -98155
  -95598
  -93704
  -92703
  -92713
  -93617
  -95221
  -97288
  -99525
 -101580
 -103225
 -104226
 -104462
 -103893
 -102565
 -100643
  -98457
  -96314
  -94539
  -93387
  -92961
  -93328
  -94361
  -95956
  -97936
  -99946
 -101764
 -103087
 -103810
 -103825
 -103161
 -101992
 -100531
  -98992
  -97586
  -96584
  -96157
  -96314
  -97064
  -98245
  -99576
 -100913
 -102066
 -102807
 -103018
 -102762
 -102011
 -100926
  -99852
  -98995
  -98404
  -98090
  -98031
  -98183
  -98561
  -99137
  -99730
 -100236
 -100566
 -100602
 -100330
  -99803
  -99130
  -98381
  -97628
  -96993
  -96602
  -96422
  -96559
  -96984
  -97624
  -98434
  -99251
  -99997
 -100581
 -100854
 -100827
 -100514
  -99963
  -99256
  -98491
  -97780
  -97341
  -97206
  -97315
  -97658
  -98278
  -99090
  -99985
 -100811
 -101469
 -102033
 -102473
 -102659
 -102577
 -102206
 -101630
 -100893
 -100117
  -99354
  -98568
  -97835
  -97393
  -97425
  -97906
  -98777
  -99965
 -101240
 -102356
 -103214
 -103661
 -103666
 -103251
 -102439
 -101317
  -99978
  -98551
  -97247
  -96241
  -95736
  -95715
  -95007
  -93492
  -94595
  -97218
 -100407
 -103694
 -106581
 -108605
 -109375
 -108752
 -106904
 -104151
 -100807
  -97126
  -93492
  -90365
  -88124
  -87076
  -87327
  -88800
  -91396
  -94758
  -98485
 -102064
 -105096
 -107171
 -108120
 -107757
 -106114
 -103540
 -100492
  -97312
  -94468
  -92410
  -91430
  -91670
  -93096
  -95488
  -98555
 -101819
 -104880
 -107361
 -108959
 -109528
 -108965
 -107337
 -104888
 -101957
  -98964
  -96326
  -94478
  -93660
  -93966
  -95280
  -97245
  -99558
 -101922
 -103989
 -105469
 -106158
 -105934
 -104817
 -102912
 -100526
  -97975
  -95623
  -93802
  -92736
  -92554
  -93261
  -94719
  -96695
  -99011
 -101357
 -103338
 -104698
 -105190
 -104707
 -103382
 -101448
  -99168
  -96865
  -94870
  -93448
  -92866
  -93221
  -94531
  -96539
  -98943
 -101452
 -103664
 -105259
 -106119
 -106162
 -105344
 -103767
 -101779
  -99655
  -97640
  -96051
  -95058
  -94711
  -95082
  -96143
  -97702
  -99639
 -101723
 -103555
 -104812
 -105271
 -104877
 -103755
 -102096
 -100074
  -97977
  -96100
  -94672
  -93929
  -93963
  -94772
  -96282
  -98268
 -100444
 -102566
 -104371
 -105640
 -106210
 -105989
 -104976
 -103298
 -101246
  -99143
  -97215
  -95769
  -94937
  -94851
  -95512
  -96782
  -98341
  -99870
 -101154
 -102007
 -102188
 -101684
 -100672
  -99383
  -98039
  -96869
  -96023
  -95609
  -95701
  -96298
  -97304
  -98608
  -99979
 -101266
 -102306
 -103000
 -103281
 -103125
 -102679
 -101945
 -101037
 -100071
  -99073
  -98178
  -97613
  -97438
  -97689
  -98344
  -99310
 -100431
 -101601
 -102620
 -103325
 -103606
 -103430
 -102825
 -101852
 -100660
  -99408
  -98266
  -97381
  -96856
  -96715
  -96961
  -97590
  -98508
  -99594
 -100612
 -101491
 -102083
 -102351
 -102230
 -101642
 -100728
  -99701
  -98726
  -97982
  -97478
  -97277
  -97413
  -97869
  -98528
  -99262
  -99948
 -100562
 -101006
 -101251
 -101301
 -101157
 -100830
 -100343
  -99816
  -99326
  -98963
  -98808
  -98881
  -99048
  -99401
  -99905
 -100417
 -100945
 -101378
 -101662
 -101733
 -101566
 -101244
 -100739
 -100156
  -99581
  -99056
  -98640
  -98421
  -98454
  -98712
  -99190
  -99810
 -100528
 -101241
 -101764
