  552312
  548562
  547137
  547309
  548609
  550973
  554354
  557500
  559849
  561284
  561608
  560574
  558577
  556139
  553715
  551671
  550428
  550384
  551234
  552678
  554692
  556756
  558731
  560376
  561435
  561805
  561162
  559894
  558204
  556435
  554851
  553941
  553991
  555213
  557640
  561067
  565277
  569862
  574342
  578436
  581463
  583243
  583780
  582587
  580284
  576940
  572954
  568489
  564077
  559243
  555888
  554336
  554501
  556536
  559629
  562868
  565126
  565620
  563814
  562388
  560159
  556080
  551936
  548712
  547514
  548393
  551394
  555968
  561504
  566746
  570740
  573453
  575042
  575372
  574614
  573038
  571116
  569192
  567475
  566324
  565799
  565882
  566573
  567882
  569643
  571688
  573592
  575169
  576179
  576614
  576300
  575419
  573797
  571883
  569737
  567449
  565017
  562691
  561385
  559414
  555964
  553229
  552934
  555509
  558836
  560963
  561541
  561055
  559825
  558071
  555805
  553710
  552383
  552106
  552184
  551968
  551981
  552658
  553804
  555259
  556922
  559529
  562728
  565425
  567283
  568324
  568504
  568010
  567205
  567323
  568293
  568888
  568478
  568102
  568662
  569653
  570716
  572996
  576321
  580528
  584499
  586567
  586548
  582352
  573712
  564294
  557282
  554080
  554090
  555720
  557465
  559149
  561665
  564602
  567232
  568949
  569617
  569137
  567626
  565189
  561897
  558510
  556463
  556239
  557114
  558393
  560128
  562340
  564659
  566869
  568683
  569522
  569231
  568377
  567169
  566067
  564999
  563814
  562975
  562729
  562948
  563466
  564564
  566017
  567637
  569344
  570785
  571696
  571744
  570977
  569714
  567930
  565853
  563636
  561570
  559735
  558534
  558001
  558094
  558789
  560024
  561697
  563606
  565449
  567053
  568081
  568496
  568141
  567369
  566383
  565268
  564225
  563437
  563189
  563316
  563822
  564510
  565342
  566154
  567085
  567890
  568110
  568132
  567785
  567186
  566517
  565888
  565645
  565664
  565777
  565529
  564903
  564261
  563754
  563753
  564465
  565786
  566849
  567909
  568691
  568870
  567953
  566113
  564727
  564599
  566065
  567526
  568277
  568260
  567976
  567622
  567036
  566338
  565617
  564877
  564318
  563998
  563792
  563599
  563618
  563817
  563942
  564027
  564306
  564563
  564849
  565313
  565745
  566276
  566916
  567475
  567694
  567819
  567819
  567522
  567173
  566792
  566365
  565890
  565296
  565497
  565699
  564245
  561957
  560370
  559650
  559144
  558714
  558394
  558715
  559578
  560817
  562184
  563536
  564948
  566292
  567150
  567792
  568237
  568031
  567430
  566732
  566066
  565725
  565737
  565985
  566450
  567199
  567957
  568728
  569637
  570300
  570721
  570870
  570877
  570716
  570475
  570406
  570412
  570343
  570409
  570512
  570703
  570920
  571129
  571339
  571111
  570794
  570474
  571636
  573193
  574021
  574421
  574657
  574651
  574115
  573153
  571908
  570377
  568577
  566260
  564182
  562758
  562005
  561853
  562016
  562428
  563040
  563583
  564112
  564539
  564860
  564891
  564653
  564262
  563772
  563360
  562973
  562794
  562978
  563278
  563741
  564228
  564462
  564797
  564892
  565042
  565282
  565451
  565595
  565755
  566101
  566547
  567254
  567915
  568795
  569605
  570352
  571295
  572027
  572681
  573345
  573647
  573819
  573568
  573086
  572529
  571999
  571940
  571700
  571383
  571086
  572870
  576304
  578752
  580117
  580275
  578148
  571465
  562954
  555812
  550781
  546442
  496604
  326311
  147730
   32410
  -20669
  -18835
   27748
  106535
  204870
  310037
  410536
  496783
  561441
  601807
  619046
  616913
  601780
  580948
  561794
  550587
  551740
  567254
  596621
  637219
  685327
  735738
  783288
  823228
  851950
  868012
  871410
  863717
  848188
  828847
  810017
  795079
  786411
  784682
  788805
  796381
  804163
  807999
  803760
  787896
  758556
  715852
  661097
  597322
  529001
  461696
  401046
  352009
  318229
  301421
  301841
  317721
  345788
  381989
  421124
  458268
  489002
  509854
  519399
  517220
  504930
  486044
  464522
  444629
  430117
  424200
  428692
  444109
  469597
  502744
  540269
  578355
  613429
  642778
  663863
  675576
  678004
  672290
  660891
  646550
  631959
  619840
  612188
  609830
  612860
  620246
  630128
  640131
  648173
  652180
  650344
  641961
  626944
  606180
  581552
  555615
  530885
  510202
  495515
  488052
  488136
  495562
  508500
  524776
  542180
  558176
  570716
  578329
  580311
  576856
  568998
  558268
  546445
  535989
  528851
  526459
  529485
  538303
  552171
  569644
  589060
  608460
  625791
  639234
  647498
  650179
  647259
  639665
  628784
  616238
  603399
  592031
  583979
  580173
  580180
  582714
  586568
  590806
  593902
  594762
  592351
  586019
  576926
  567592
  558023
  546576
  533573
  520758
  509507
  500886
  495212
  493638
  495797
  500581
  507191
  514510
  521615
  527338
  530838
  532174
  531645
  530405
  528400
  524601
  523230
  524275
  528169
  535104
  544849
  556804
  570003
  583585
  596561
  607903
  616864
  622960
  625938
  626284
  624511
  621462
  617642
  614114
  611799
  611214
  612532
  615337
  619397
  624011
  628203
  631281
  632382
  631162
  627114
  620637
  611799
  601324
  590231
  579158
  569005
  560335
  553605
  548978
  546456
  545579
  545609
  546006
  546120
  545287
  542915
  539561
  535377
  530472
  525216
  520206
  516008
  513120
  512217
  513385
  516402
  521112
  527112
  533772
  540699
  547239
  552539
  556523
  558859
  558150
  554928
  551891
  550416
  551238
  553923
  558368
  564122
  570795
  578185
  585585
  592503
  598440
  602804
  605439
  606267
  605440
  603586
  598771
  582841
  552025
  512051
  470690
  438598
  423272
  424377
  438936
  462934
  492201
  522573
  550394
  572936
  588771
  597688
  599745
  596093
  588678
  580041
  572393
  567730
  567175
  571158
  579269
  591045
  604959
  619064
  631589
  641335
  647304
  649050
  647012
  641939
  634884
  627255
  620607
  615601
  613201
  613333
  615761
  619404
  623170
  625662
  625502
  621634
  613355
  600903
  584691
  565657
  545154
  525382
  507672
  493696
  484620
  481137
  483021
  489873
  500757
  514044
  527957
  540830
  551337
  558696
  562347
  562256
  559105
  553858
  547837
  542254
  538488
  537445
  539615
  545438
  554298
  565458
  577834
  590331
  601536
  610482
  616688
  619706
  619623
  616872
  612268
  606773
  601363
  596717
  593715
  592712
  593427
  595532
  598460
  601317
  603300
  603772
  602178
  598282
  591965
  583802
  574573
  565022
  555899
  548201
  542509
  539261
  538447
  539744
  542946
  547456
  552348
  556662
  559894
  561704
  561721
  560093
  557179
  553396
  549498
  546146
  543939
  543418
  544884
  548194
  553081
  559198
  565875
  572499
  578703
  583710
  586997
  589730
  592886
  595521
  596959
  596626
  594608
  591720
  588400
  585374
  583120
  582033
  581692
  582247
  583088
  584145
  584885
  584639
  583640
  581347
  577947
  573996
  569847
  565726
  562184
  559382
  557809
  557232
  557570
  558908
  560853
  562957
  564612
  566064
  566657
  566428
  565393
  563774
  561649
  559607
  558044
  557166
  557433
  558636
  560875
  564242
  568365
  572939
  577428
  581316
  584411
  586633
  587766
  587866
  586921
  585714
  584045
  581566
  578877
  577267
  576926
  575441
  575852
  576405
  577726
  578862
  579910
  579658
  579515
  577090
  572790
  568706
  566456
  566399
  566768
  567815
  567611
  565995
  564374
  563060
  561778
  557398
  547977
  541739
  540490
  542932
  547893
  553456
  555625
  560402
  568790
  575909
  581329
  584637
  586366
  586746
  586086
  584818
  583401
  582400
  582267
  582364
  582559
  583761
  585799
  587730
  589020
  589548
  589232
  588447
  587127
  585281
  583595
  582030
  580580
  579576
  579516
  580208
  580054
  579769
  579464
  578706
  577493
  575592
  572840
  569586
  566039
  562458
  558658
  553783
  550476
  548854
  548621
  549585
  551356
  553950
  556936
  560322
  563658
  565507
  562402
  558889
  558803
  561210
  563958
  566460
  569038
  571252
  573202
  574753
  575930
  576883
  577776
  578729
  580212
  583434
  592175
  599619
  600852
  598647
  594954
  590518
  586069
  582103
  578570
  575703
  573480
  572323
  572065
  572665
  573388
  574200
  574807
  575210
  575584
  575415
  574838
  573170
  569080
  564779
  562095
  561123
  561740
  563158
  564839
  566111
  567407
  568240
  568581
  568361
  568173
  567478
  566269
  565166
  565702
  564796
  565556
  565429
  567194
  569889
  571610
  574333
  577590
  579460
  581302
  584355
  588802
  591800
  592070
  589708
  584343
  577880
  571905
  566893
  563256
  561469
  561244
  562211
  564031
  566220
  568867
  571374
  573477
  574716
  574569
  573573
  572325
  571156
  571044
  571715
  572427
  572846
  573869
  575062
  576068
  576408
  575363
  571737
  567022
  563075
  560356
  559103
  558916
  559886
  561858
  564601
  567835
  571235
  574729
  577885
  580443
  582402
  583765
  584596
  584836
  584675
  584089
  583034
  581873
  580471
  579010
  577716
  576728
  576035
  575662
  575534
  575570
  575937
  576570
  576921
  577678
  579107
  578894
  572294
  556897
  540050
  528373
  522459
  521695
  525072
  531308
  539364
  548013
  556128
  563155
  568201
  570912
  564529
  528042
  464444
  401609
  358122
  338603
  341572
  363147
  398236
  441303
  487169
  531153
  569345
  598317
  616145
  623619
  622551
  615719
  606299
  597286
  591708
  591298
  597008
  608913
  625689
  645322
  665472
  684008
  698826
  708519
  711713
  708709
  700380
  688496
  674810
  661421
  650106
  642044
  637978
  637679
  640103
  644059
  647439
  648373
  644970
  636123
  621386
  601245
  576706
  549503
  522113
  497063
  476316
  461743
  454567
  454862
  462212
  475202
  492280
  511250
  529421
  544658
  555666
  561308
  561627
  557382
  549881
  540691
  531925
  525283
  522073
  523154
  528913
  539025
  552480
  567839
  583781
  598016
  609591
  617682
  621757
  621724
  617878
  611448
  603555
  595729
  589016
  584324
  582552
  583581
  586784
  591581
  597195
  602190
  605535
  606285
  604096
  598904
  590798
  581000
  570711
  561013
  552642
  546681
  543822
  544104
  547471
  553411
  561139
  569680
  577664
  584358
  588701
  590426
  589595
  586386
  581448
  575648
  570059
  566014
  563688
  563735
  566171
  570816
  577030
  584182
  591597
  598196
  604031
  611661
  619600
  622885
  621069
  615327
  606880
  596993
  587182
  578531
  571826
  567569
  565923
  566489
  568510
  571231
  573868
  575513
  575342
  573246
  569054
  563082
  556074
  548512
  541217
  534996
  530875
  529019
  529508
  532184
  536480
  541722
  546721
  549790
  551954
  553293
  554539
  555746
  557782
  562408
  568562
  574261
  578386
  579515
  577917
  576632
  576712
  578667
  582652
  588313
  594416
  600360
  605335
  609236
  611916
  612638
  611697
  609451
  606426
  602919
  599638
  596722
  594416
  592803
  592064
  592464
  593363
  594199
  594892
  594931
  593527
  590544
  586119
  580991
  575467
  569790
  564222
  559334
  555684
  553371
  552599
  553077
  554416
  556716
  559266
  561302
  562947
  563835
  563726
  562534
  560598
  558145
  555712
  553794
  552910
  552796
  553744
  556478
  561548
  568081
  575514
  582669
  588325
  592683
  594824
  593527
  586687
  577552
  569495
  563557
  560204
  559448
  561099
  564749
  569986
  576280
  582613
  588185
  592631
  595309
  596089
  595368
  593218
  590100
  586749
  583447
  580833
  579415
  579251
  580408
  582297
  584153
  585863
  587288
  588266
  588481
  587714
  586192
  584256
  582026
  579696
  577533
  576012
  575605
  576083
  577148
  578844
  580868
  582553
  583479
  584022
  584163
  583428
  581527
  578828
  575538
  571936
  568279
  564729
  561855
  560022
  559123
  559472
  560800
  562908
  565497
  568124
  569990
  571164
  571669
  571403
  570462
  569038
  567549
  566334
  565480
  564968
  565276
  566548
  568859
  572497
  576918
  581032
  585583
  590424
  593673
  595248
  596012
  594088
  590487
  586322
  581714
  577538
  574849
  573913
  575202
  577030
  578343
  579615
  580874
  582729
  586207
  591516
  596710
  599551
  600090
  598644
  595489
  591139
  586311
  581637
  577788
  575009
  573339
  572852
  573426
  574638
  576330
  577935
  579070
  578764
  576566
  572257
  567638
  564763
  563395
  564434
  566875
  569592
  572169
  574349
  576332
  577564
  577711
  575385
  570028
  562978
  556454
  551208
  547847
  546419
  546686
  548581
  551694
  555634
  560162
  564701
  568998
  572958
  576108
  578748
  580599
  581746
  582191
  582248
  582057
  581854
  581698
  581799
  582678
  584227
  586358
  588367
  590344
  591832
  592616
  592912
  592881
  592554
  592114
  592122
  592452
  592878
  593835
  595476
  596927
  597675
  597609
  596569
  594774
  592397
  589197
  585773
  582057
  577950
  572890
  568231
  565673
  565196
  566225
  568178
  570880
  573684
  575753
  576877
  577004
  575445
  571317
  565318
  559082
  553987
  550688
  549687
  550643
  553081
  556314
  560087
  564001
  567621
  570545
  572547
  573596
  573937
  573794
  573251
  572937
  573096
  573325
  573674
  574549
  576061
  578154
  580885
  583735
  586390
  588761
  590331
  591073
  591066
  590557
  589432
  588138
  586779
  585666
  584971
  584796
  585219
  585975
  586919
  588006
  589132
  590395
  590917
  590339
  589023
  587093
  584590
  582363
  580980
  579153
  576984
  575164
  573880
  573020
  572916
  573504
  574789
  576631
  577978
  578649
  578826
  578574
  576301
  569884
  559803
  550482
  544542
  542108
  542956
  546358
  551670
  558228
  565337
  572315
  580757
  589180
  596104
  600717
  602165
  600190
  596315
  591249
  585824
  581116
  577799
  576114
  576036
  577771
  580896
  584458
  588098
  591266
  593483
  594771
  594531
  592851
  590124
  586875
  583421
  580454
  578112
  576440
  575859
  576157
  576839
  577751
  578554
  578931
  578616
  577422
  575498
  572609
  569453
  566033
  562978
  560794
  559852
  560502
  562469
  565622
  569851
  574335
  578944
  583398
  587035
  589613
  590928
  590893
  589712
  587524
  584861
  582167
  579908
  578247
  577339
  577427
  578360
  580112
  582227
  584270
  585884
  586928
  587269
  586643
  585231
  583176
  580498
  577790
  574947
  572331
  570128
  568657
  568118
  568288
  569293
  570343
  571481
  572563
  573386
  573482
  573058
  572383
  571509
  570458
  569496
  568801
  568647
  569078
  569999
  571590
  573820
  576184
  578574
  580955
  582819
  582908
  579874
  575653
  572912
  571961
  571576
  572059
  573671
  575847
  578534
  581493
  584335
  586510
  587965
  589161
  590287
  591039
  591316
  590914
  589682
  588110
  586165
  584495
  583188
  582278
  580848
  576719
  568122
  552643
  535593
  523841
  518569
  519206
  524514
  533046
  543419
  554196
  562946
  565300
  558101
  547032
  538463
  533271
  531709
  533269
  537730
  545184
  553548
  562690
  572385
  581923
  590375
  596972
  601674
  604373
  605613
  606119
  606320
  606517
  607340
  608868
  611343
  614772
  619151
  623665
  627606
  630894
  633044
  633642
  632360
  629064
  623896
  617387
  611438
  605776
  598842
  592044
  586384
  581991
  578881
  573572
  513910
  352901
  191541
   86256
   36762
   36595
   76828
  146415
  233547
  326721
  414846
  489118
  545396
  581261
  597040
  596405
  584939
  569229
  555484
  548962
  553267
  569850
  598525
  637000
  681396
  727334
  770494
  806759
  833464
  848853
  852550
  846702
  834482
  819564
  805450
  795328
  790623
  791598
  797029
  804711
  811359
  813481
  807767
  791593
  763055
  722465
  671055
  611740
  548748
  486998
  431440
  386474
  355244
  339527
  339186
  352883
  377871
  409633
  443753
  475720
  501844
  519565
  527647
  526101
  516165
  500121
  481865
  465323
  453715
  449918
  455278
  470038
  493444
  523320
  556816
  590784
  622007
  647810
  666553
  677070
  679399
  674763
  665386
  653472
  641639
  631887
  625754
  624116
  626999
  633462
  641909
  650228
  656363
  658376
  654981
  645500
  630068
  609808
  586421
  562262
  539839
  521231
  508062
  501622
  501984
  508558
  519986
  534391
  549830
  564042
  575326
  582308
  584446
  581693
  575081
  565800
  555640
  546496
  540343
  538476
  542001
  550459
  563382
  579711
  597653
  615749
  631998
  644871
  653452
  656981
  655525
  649811
  641099
  630850
  620351
  611032
  604160
  599938
  598503
  599124
  601880
  606783
  610561
  610969
  608933
  603746
  595467
  584182
  570590
  556016
  541559
  528473
  518271
  511760
  509342
  511840
  518617
  526458
  529924
  531248
  536268
  541766
  544957
  545769
  544427
  541813
  538683
  536290
  535637
  537082
  540706
  547632
  558138
  571626
  586385
  601152
  615013
  626617
  634774
  640538
  643435
  636916
  620897
  603155
  591249
  587319
  589340
  595902
  608178
  626140
  643903
  660450
  672986
  679510
  679037
  672149
  660742
  646592
  630053
  612541
  595895
  582598
  572808
  565162
  561039
  560186
  561500
  563607
  565736
  567051
  566845
  565115
  561532
  555597
  546252
  536008
  528232
  522391
  520220
  522097
  527658
  535248
  540998
  543339
  543935
  543078
  542367
  542000
  541412
  540782
  540427
  540970
  542536
  545598
  550927
  561913
  578822
  593139
  605467
  617229
  624766
  627053
  626419
  623042
  618833
  615722
  613185
  611103
  608439
  605185
  600888
  596146
  595966
  600801
  605441
  609455
  613018
  615679
  616304
  613217
  609960
  606338
  600903
  593657
  587860
  582734
  577095
  574055
  577905
  583028
  590045
  595704
  599002
  599463
  597333
  593193
  587393
  579161
  569147
  557806
  547864
  541264
  538815
  542371
  549976
  558851
  567804
  576027
  582544
  586703
  588194
  587052
  583849
  579191
  574068
  569184
  565264
  562720
  561909
  562302
  563047
  566931
  572078
  574285
  577478
  580699
  582529
  582869
  582003
  580035
  577053
  576874
  578456
  578051
  575867
  575839
  577924
  579750
  579381
  578230
  576645
  577362
  581025
  585486
  591644
  593763
  591593
  593387
  596501
  597706
  595560
  592414
  592191
  593523
  593611
  595809
  600658
  604861
  604895
  602002
  598574
  596264
  593936
  594515
  598230
