 -108389
 -106219
 -105524
 -106618
 -108094
 -110218
 -112780
 -114773
 -116595
 -118266
 -119295
 -119576
 -119063
 -117751
 -115774
 -113484
 -111893
 -110981
 -110001
 -108895
 -107694
 -106534
 -105495
 -104814
 -104544
 -104643
 -105161
 -106029
 -106725
 -107423
 -108319
 -109268
 -110238
 -111102
 -111814
 -112315
 -112623
 -112604
 -112242
 -111807
 -111318
 -110577
 -109718
 -108912
 -107985
 -106975
 -106131
 -105665
 -105634
 -106012
 -106745
 -107773
 -109056
 -110372
 -111516
 -112422
 -112943
 -113030
 -112768
 -112179
 -111348
 -110371
 -109407
 -108592
 -107975
 -107636
 -107635
 -107948
 -108550
 -109386
 -110272
 -111015
 -111627
 -112141
 -112523
 -112769
 -112826
 -112883
 -112942
 -112764
 -112372
 -111977
 -111603
 -111322
 -111186
 -111210
 -111421
 -111802
 -112306
 -112962
 -113542
 -113744
 -113562
 -113133
 -112514
 -111790
 -111057
 -110400
 -109878
 -109595
 -109526
 -109641
 -109890
 -110271
 -110724
 -111126
 -111365
 -111493
 -111425
 -111034
 -110419
 -109657
 -108816
 -107958
 -107221
 -106410
 -105710
 -105186
 -104856
 -105541
 -106877
 -108175
 -109097
 -110308
 -111681
 -112914
 -113895
 -114627
 -115034
 -114843
 -113982
 -112649
 -111035
 -109289
 -107685
 -106494
 -105950
 -106210
 -107133
 -108661
 -110678
 -112525
 -113777
 -114290
 -114072
 -113306
 -112246
 -111111
 -110085
 -109270
 -108842
 -108853
 -109222
 -110009
 -111426
 -112778
 -113663
 -114181
 -114190
 -113750
 -112919
 -111872
 -110733
 -109632
 -108718
 -108219
 -108165
 -108550
 -109319
 -110388
 -111535
 -112649
 -113633
 -114176
 -114231
 -113958
 -113490
 -112670
 -111491
 -110100
 -108569
 -107226
 -106218
 -105676
 -105730
 -106317
 -107379
 -108850
 -110576
 -112111
 -113281
 -114092
 -113987
 -112882
 -111150
 -109236
 -107569
 -106630
 -106595
 -107360
 -109100
 -111493
 -112944
 -112947
 -111789
 -109915
 -107748
 -106007
 -105122
 -104895
 -105228
 -106289
 -108064
 -110386
 -112983
 -115396
 -117259
 -118345
 -118521
 -117727
 -116050
 -113841
 -111510
 -109323
 -107545
 -106570
 -106572
 -107417
 -108905
 -110788
 -112802
 -114650
 -116126
 -116935
 -116881
 -116040
 -114630
 -112861
 -110964
 -109216
 -107784
 -106846
 -106506
 -106743
 -107585
 -108850
 -110222
 -111618
 -112861
 -113540
 -113495
 -112742
 -111420
 -109743
 -108003
 -106630
 -105678
 -105284
 -105841
 -108295
 -112089
 -114821
 -115717
 -114776
 -112166
 -108404
 -104072
  -99889
  -96560
  -94674
  -94610
 -105076
 -146575
 -164200
 -153170
 -130758
 -101665
  -70642
  -42489
  -21577
  -11211
  -13095
  -27097
  -51422
  -83010
 -117779
 -151237
 -179170
 -198033
 -205655
 -201406
 -186263
 -162628
 -134013
 -104521
  -78327
  -59151
  -49559
  -50587
  -61937
  -81874
 -107532
 -135264
 -161238
 -181947
 -194698
 -197857
 -191044
 -175202
 -152551
 -126207
  -99681
  -76363
  -59091
  -49766
  -49201
  -56946
  -71437
  -90253
 -110456
 -129029
 -143385
 -151563
 -152424
 -145961
 -133225
 -116148
  -97217
  -79106
  -64378
  -55065
  -52439
  -56793
  -67460
  -82838
 -100746
 -118680
 -134309
 -145645
 -151260
 -150608
 -144007
 -132642
 -118287
 -103069
  -89233
  -78783
  -73213
  -73325
  -78992
  -89334
 -102893
 -117809
 -132036
 -143730
 -151367
 -153989
 -151277
 -143648
 -132299
 -118792
 -105011
  -92874
  -83887
  -79120
  -79042
  -83534
  -91781
 -102528
 -114177
 -125024
 -133635
 -138888
 -140109
 -137188
 -130631
 -121393
 -110786
 -100286
  -91376
  -85333
  -82923
  -84383
  -89441
  -97349
 -106989
 -116986
 -125920
 -132591
 -136176
 -136305
 -133045
 -126988
 -119002
 -110245
 -101980
  -95410
  -91376
  -90361
  -92541
  -97438
 -104285
 -112170
 -119917
 -126344
 -130689
 -132405
 -131229
 -127283
 -121127
 -113722
 -106055
  -99134
  -93871
  -90970
  -90710
  -92968
  -97437
 -103398
 -109678
 -115342
 -119711
 -122230
 -122572
 -120728
 -117056
 -112074
 -106539
 -101368
  -97230
  -94662
  -94055
  -95503
  -98773
 -103395
 -108708
 -113883
 -118392
 -121789
 -123607
 -123700
 -122226
 -119448
 -115846
 -111947
 -108486
 -105967
 -104448
 -104071
 -105078
 -107315
 -110486
 -114195
 -117963
 -121181
 -123434
 -124507
 -124217
 -122585
 -119897
 -116503
 -112783
 -109067
 -105842
 -103705
 -103091
 -103875
 -105669
 -108186
 -111011
 -113765
 -116173
 -117901
 -118388
 -117473
 -115358
 -112402
 -109036
 -105695
 -102781
 -100675
  -99700
  -99913
 -101226
 -103422
 -106213
 -109252
 -112241
 -114757
 -116303
 -116707
 -115868
 -113846
 -110964
 -107822
 -104926
 -102796
 -101753
 -101917
 -103323
 -105793
 -108928
 -112277
 -115457
 -118065
 -119745
 -120426
 -120189
 -118850
 -116447
 -113373
 -110125
 -107217
 -105179
 -104270
 -104538
 -105916
 -108238
 -111273
 -114796
 -118259
 -120996
 -122532
 -122161
 -119980
 -116500
 -112258
 -107879
 -104077
 -101398
 -100160
 -101310
 -105258
 -108289
 -111010
 -113650
 -115858
 -117167
 -117698
 -117469
 -116494
 -113946
 -111716
 -111610
 -113501
 -114575
 -114319
 -112972
 -110709
 -107801
 -104779
 -102190
 -100195
  -99050
  -98968
 -100074
 -102311
 -105405
 -108983
 -112573
 -115753
 -118173
 -119560
 -119771
 -118862
 -116939
 -114265
 -111255
 -108319
 -105839
 -104253
 -103938
 -104737
 -106279
 -108437
 -111030
 -113815
 -116637
 -118949
 -120308
 -120768
 -120253
 -118705
 -116285
 -113330
 -110540
 -108221
 -106592
 -105799
 -105918
 -107005
 -108874
 -111190
 -113514
 -115447
 -116831
 -117527
 -117486
 -116714
 -115313
 -113529
 -111421
 -108832
 -106140
 -104232
 -103490
 -103948
 -105488
 -107942
 -110904
 -113923
 -116570
 -118555
 -119617
 -119541
 -118315
 -116146
 -113381
 -110385
 -107500
 -105043
 -103324
 -102625
 -103632
 -105338
 -106936
 -108687
 -109232
 -107953
 -109069
 -114831
 -120216
 -123183
 -123504
 -121181
 -116617
 -110570
 -103831
  -97367
  -92254
  -89259
  -88772
  -90944
  -95442
 -101679
 -108856
 -116121
 -122464
 -127052
 -129446
 -129372
 -126982
 -122738
 -117249
 -111330
 -105894
 -101706
  -99323
  -99023
 -100788
 -104359
 -109226
 -114716
 -120050
 -124481
 -127411
 -128457
 -127561
 -124880
 -120873
 -116118
 -111232
 -106839
 -103456
 -101480
 -101073
 -102225
 -104729
 -108158
 -111935
 -115530
 -118383
 -120101
 -120516
 -119577
 -117312
 -114024
 -110195
 -106298
 -102881
  -91819
  -47405
   15322
   69397
   74186
   26001
  -66960
 -190288
 -325607
 -453019
 -553498
 -611355
 -616494
 -566118
 -465075
 -325412
 -164669
   -3570
  136660
  238299
  289873
  287563
  235141
  142487
   24049
 -102980
 -220803
 -313202
 -367317
 -375609
 -336993
 -256831
 -146205
  -20506
  102636
  206195
  276392
  304556
  288209
  230843
  141005
   30880
  -85399
 -193291
 -279836
 -335184
 -354017
 -336130
 -286485
 -214234
 -131586
  -52026
   11996
   50796
   58840
   35524
  -15151
  -85782
 -166467
 -246037
 -313579
 -359899
 -378740
 -367610
 -328149
 -265991
 -189801
 -110194
  -38249
   16592
   47876
   52580
   31539
  -11036
  -68191
 -131284
 -191042
 -238776
 -267567
 -273180
 -254651
 -214399
 -157915
  -92943
  -28355
   27054
   66026
   83734
   78394
   51394
    6953
  -48659
 -107891
 -162949
 -206771
 -234109
 -241971
 -230118
 -200990
 -159444
 -112012
  -65849
  -27729
   -3133
    4631
   -5202
  -30933
  -68845
 -113337
 -157892
 -196523
 -224182
 -237288
 -234144
 -215502
 -184153
 -144634
 -102680
  -63885
  -33071
  -14148
   -9308
  -18637
  -40189
  -70389
 -104676
 -138088
 -165807
 -183888
 -190093
 -183600
 -165175
 -137476
 -104501
  -70908
  -41311
  -19835
   -9522
  -11689
  -25907
  -50089
  -80931
 -114295
 -145760
 -171373
 -188110
 -194128
 -189219
 -174631
 -152790
 -127201
 -101917
  -80609
  -66041
  -60285
  -64207
  -77087
  -97012
 -121121
 -146067
 -168456
 -185224
 -194167
 -194135
 -185108
 -168410
 -146423
 -122200
  -98956
  -79412
  -65754
  -59599
  -61361
  -70330
  -84772
 -102203
 -119819
 -134900
 -145239
 -149341
 -146329
 -136350
 -120651
 -101524
  -81580
  -63486
  -49702
  -42082
  -41412
  -47532
  -59513
  -75614
  -93597
 -111047
 -125698
 -135865
 -140478
 -139144
 -132439
 -121680
 -108663
  -95561
  -84490
  -77142
  -74618
  -77450
  -85429
  -97568
 -112248
 -127646
 -141782
 -152965
 -160021
 -162148
 -158969
 -151235
 -140346
 -128035
 -115939
 -105626
  -98523
  -95504
  -96877
 -102282
 -110741
 -120981
 -131395
 -140349
 -146514
 -148959
 -147281
 -141608
 -132677
 -121680
 -109965
  -99027
  -90233
  -84516
  -82386
  -83925
  -88618
  -95677
 -104032
 -112299
 -119161
 -123661
 -125128
 -123409
 -118785
 -111892
 -103775
  -95570
  -88382
  -83191
  -80737
  -81285
  -84725
  -90577
  -98003
 -106031
 -113597
 -119677
 -123547
 -124823
 -123449
 -119822
 -114645
 -108732
 -103016
  -98411
  -95654
  -95164
  -96947
 -100649
 -105761
 -111748
 -117851
 -123276
 -127297
 -129476
 -129632
 -127819
 -124404
 -119877
 -114915
 -110340
 -106866
 -104963
 -104866
 -106541
 -109700
 -113851
 -118398
 -122759
 -126315
 -128590
 -129486
 -128789
 -126242
 -122295
 -117629
 -112920
 -108743
 -105579
 -103849
 -103763
 -105172
 -107865
 -111388
 -115201
 -118803
 -121491
 -122758
 -122474
 -120684
 -117555
 -113445
 -108926
 -104656
 -101016
  -98413
  -97186
  -97478
  -99146
 -101843
 -105120
 -108477
 -111365
 -113434
 -114434
 -114201
 -112657
 -110140
 -107075
 -103906
 -101075
  -98999
  -98038
  -98268
  -99561
 -101919
 -105021
 -108451
 -111859
 -114827
 -116988
 -118149
 -118218
 -117254
 -115564
 -113517
 -111430
 -109629
 -108503
 -108263
 -108938
 -110480
 -112717
 -115350
 -118072
 -120587
 -122543
 -123720
 -124006
 -123420
 -121994
 -119938
 -117572
 -115256
 -113257
 -111869
 -111245
 -111376
 -112200
 -113577
 -115311
 -117090
 -118572
 -119426
 -119486
 -118749
 -117271
 -115174
 -112712
 -110139
 -107730
 -105773
 -104464
 -103980
 -104258
 -105182
 -106581
 -108172
 -109754
 -111147
 -111975
 -112001
 -111435
 -110185
 -108302
 -106086
 -103914
 -102156
 -101064
 -100799
 -101387
 -102799
 -104927
 -107562
 -110306
 -112744
 -114467
 -115668
 -116410
 -116311
 -115008
 -112540
 -109486
 -106420
 -103960
 -102647
 -102725
 -104231
 -106986
 -110564
 -114484
 -118387
 -121964
 -124592
 -125745
 -125210
 -122066
 -117472
 -114555
 -112304
 -110556
 -109558
 -109529
 -110428
 -112076
 -114240
 -116487
 -118427
 -119903
 -120739
 -120746
 -119943
 -118464
 -116520
 -114356
 -112171
 -110231
 -108819
 -108035
 -107880
 -108366
 -109351
 -110687
 -112069
 -113202
 -113943
 -114198
 -113865
 -113047
 -111776
 -110171
 -108492
 -106966
 -105757
 -104934
 -104634
 -104907
 -105604
 -106649
 -107815
 -108281
 -108898
 -110367
 -111861
 -113048
 -113454
 -113977
 -115200
 -114941
 -113026
 -109956
 -106303
 -102687
  -99692
  -97758
  -97203
  -98233
 -100789
 -104531
 -109027
 -113852
 -118474
 -122149
 -124466
 -125376
 -124941
 -123207
 -120420
 -116970
 -113343
 -110132
 -107715
 -106536
 -106769
 -108354
 -111067
 -114502
 -118166
 -121542
 -124152
 -125697
 -126032
 -125085
 -122997
 -120009
 -116441
 -112846
 -109747
 -107490
 -106186
 -105918
 -106599
 -108138
 -110369
 -112942
 -115112
 -115314
 -113511
 -112363
 -111544
 -110659
 -109656
 -108520
 -106981
 -104063
 -102466
 -103055
 -104868
 -107539
 -110606
 -113679
 -116341
 -118319
 -119336
 -119221
 -117496
 -114254
 -110065
 -104806
  -99820
  -96503
  -97232
  -99250
 -102036
 -108083
 -112565
 -115305
 -118266
 -120408
 -120207
 -120047
 -118975
 -116049
 -112534
 -109253
 -106431
 -104353
 -103310
 -103356
 -104514
 -106774
 -109915
 -113370
 -116747
 -119940
 -122351
 -122894
 -122055
 -120159
 -117669
 -115600
 -113769
 -111634
 -109949
 -109306
 -109527
 -110205
 -111460
 -113045
 -115427
 -119747
 -124516
 -126734
 -125295
 -120452
 -114537
 -109591
 -105592
 -102915
 -101917
 -102609
 -104805
 -109085
 -112903
 -115967
 -118313
 -119539
 -119304
 -117670
 -114790
 -110971
 -106922
 -103657
 -101546
 -100346
 -100024
 -100749
 -102544
 -105253
 -108538
 -111820
 -114660
 -117093
 -118685
 -119433
 -120733
 -120799
 -118902
 -115533
 -111278
 -106924
 -103082
 -100345
  -99267
  -99936
 -101414
 -103464
 -106423
 -109906
 -113700
 -117489
 -120816
 -123337
 -124829
 -125112
 -124267
 -122392
 -119736
 -116678
 -113439
 -110406
 -107961
 -106441
 -106082
 -106847
 -108558
 -111068
 -114025
 -116914
 -119237
 -120686
 -121103
 -120487
 -118854
 -116327
 -113298
 -110195
 -107325
 -105005
 -103661
 -103552
 -104565
 -106526
 -109190
 -112307
 -114479
 -115065
 -115190
 -114916
 -114357
 -113760
 -113395
 -112947
 -112292
 -111524
 -110735
 -109976
 -109221
 -108531
 -107984
 -107652
 -107564
 -107765
 -108217
 -108846
 -109720
 -110739
 -111695
 -112449
 -112916
 -112994
 -112697
 -112331
 -112062
 -111781
 -111435
 -110919
 -110025
 -108480
 -106670
 -105209
 -104799
 -105761
 -107990
 -111166
 -114849
 -118558
 -121771
 -124062
 -125151
 -124888
 -123227
 -120460
 -116976
 -113206
 -109699
 -106931
 -105233
 -104794
 -105634
 -107589
 -110326
 -113472
 -116580
 -119160
 -120865
 -121427
 -120773
 -119031
 -116408
 -113294
 -108561
  -77918
  -15478
   26629
   30376
   -5013
  -73642
 -164832
 -264877
 -358910
 -432821
 -475091
 -478389
 -440745
 -365985
 -263165
 -145357
  -27805
   74169
  147679
  184407
  181425
  141346
   71619
  -16911
 -111400
 -198541
 -266247
 -305193
 -310049
 -280199
 -219806
 -137366
  -44448
   45986
  121639
  172487
  192286
  179200
  135790
   68472
  -13620
  -99767
 -179178
 -242293
 -281906
 -294226
 -279264
 -240833
 -185934
 -123786
  -64339
  -16757
   11796
   17354
    -541
  -38950
  -92219
 -152726
 -212099
 -262196
 -296170
 -309492
 -300452
 -270462
 -223822
 -167046
 -108024
  -54745
  -14225
    8543
   11276
   -5339
  -38102
  -81703
 -129479
 -174414
 -210006
 -231047
 -234435
 -219718
 -188920
 -146262
  -97627
  -49715
   -9040
   19142
   31334
   26331
    5311
  -28412
  -70085
 -114061
 -154452
 -186071
 -205098
 -209506
 -199295
 -176490
 -144784
 -109108
  -74802
  -46892
  -29275
  -24316
  -32422
  -52157
  -80610
 -113684
 -146790
 -175428
 -195746
 -205122
 -202403
 -188097
 -164308
 -134521
 -102958
  -73958
  -51372
  -37996
  -35235
  -43119
  -60193
  -83743
 -110210
 -135731
 -156700
 -170142
 -174258
 -168538
 -153916
 -132540
 -107501
  -82366
  -60733
  -45417
  -38390
  -40521
  -51396
  -69506
  -92346
 -116729
 -139440
 -157731
 -169458
 -173321
 -169139
 -157917
 -141610
 -122733
 -104154
  -88641
  -78444
  -74910
  -78391
  -88301
 -103161
 -120806
 -138766
 -154576
 -166087
 -171731
 -170754
 -163342
 -150627
 -134317
 -116630
  -99935
  -86367
  -77600
  -74355
  -76681
  -83940
  -94810
 -107457
 -119874
 -130147
 -136708
 -138604
 -135456
 -127621
 -116196
 -102745
  -89082
  -76992
  -68058
  -63310
  -63379
  -68248
  -77235
  -89074
 -102135
 -114689
 -125144
 -132220
 -135149
 -133697
 -128313
 -120000
 -110147
 -100356
  -92159
  -86764
  -85080
  -87431
  -93563
 -102731
 -113724
 -125067
 -135347
 -143274
 -147908
 -148832
 -146122
 -140303
 -132312
 -123362
 -114703
 -107498
 -102789
 -101126
 -102499
 -106580
 -112708
 -119925
 -127064
 -133051
 -137082
 -138512
 -136981
 -132679
 -126213
 -118441
 -110325
 -102772
  -96695
  -92795
  -91439
  -92653
  -96145
 -101310
 -107308
 -113225
 -118175
 -121389
 -122425
 -121202
 -117884
 -112917
 -107028
 -101029
  -95735
  -91899
  -90024
  -90326
  -92773
  -97055
 -102535
 -108481
 -114081
 -118614
 -121526
 -122551
 -121650
 -119068
 -115280
 -110856
 -106524
 -103077
 -101099
 -100779
 -102049
 -104716
 -108429
 -112776
 -117193
 -121087
 -123984
 -125614
 -125833
 -124660
 -122376
 -119329
 -115932
 -112730
 -110168
 -108608
 -108260
 -109134
 -111103
 -113847
 -117012
 -120158
 -122751
 -124410
 -124969
 -124371
 -122692
 -120169
 -117158
 -114020
 -111126
 -108858
 -107534
 -107228
 -107899
 -109437
 -111559
 -113884
 -116070
 -117774
 -118808
 -118905
 -117944
 -116096
 -113572
 -110779
 -108075
 -105793
 -104227
 -103558
 -103765
 -104706
 -106382
 -108193
 -111072
 -112425
 -112166
 -111104
 -109419
 -107832
 -106375
 -105249
 -104656
 -104680
 -105253
 -106353
 -107869
 -109585
 -111355
 -113016
 -114292
 -115020
 -115198
 -114811
 -114036
 -113086
 -112135
 -111238
 -110671
 -110606
 -111082
 -112132
 -114823
 -120996
 -125836
 -127502
 -126201
 -122278
 -116647
 -110292
 -104303
  -99643
  -97039
  -96890
  -99234
 -103853
 -110076
 -117005
 -123778
 -129601
 -133777
 -135871
 -135499
 -132527
 -127447
 -120921
 -113748
 -106916
 -101309
  -97563
  -96199
  -97338
 -100653
 -105617
 -111501
 -117454
 -122563
 -126223
 -127986
 -127661
 -125295
 -121195
 -115946
 -110243
 -104813
 -100343
  -97423
  -96362
  -97121
  -99486
 -103165
 -107581
 -112013
 -115817
 -118463
 -119665
 -119327
 -117495
 -114554
 -111001
 -107393
 -104285
 -102105
 -101171
 -101707
 -103671
 -106715
 -110373
 -114091
 -116948
 -118073
 -118651
 -119062
 -119043
 -118807
 -118104
 -116997
 -115952
 -115454
 -115072
 -114548
 -114000
 -113719
 -113597
 -112798
 -112956
 -114771
 -116921
 -118863
 -120509
 -121366
 -121217
 -120158
 -118316
 -116006
 -113570
 -111344
 -109493
 -108152
 -106606
 -105176
 -104809
 -105567
 -107933
 -111689
 -115473
 -118996
 -121750
 -123332
 -123599
 -122437
 -119926
 -116468
 -112508
 -108608
 -105167
 -102570
 -100977
  -99636
  -98176
  -99084
 -102304
 -107242
 -113035
 -118746
 -123480
 -126618
 -127698
 -126518
 -123315
 -118541
 -112786
 -106824
 -101394
  -97346
  -95244
  -95249
  -97274
 -100964
 -105777
 -111047
 -116202
 -120701
 -123963
 -125578
 -125444
 -123664
 -120578
 -116642
 -112458
 -108709
 -105935
 -104477
 -104485
 -105905
 -108486
 -111872
 -115664
 -119341
 -122338
 -124251
 -124870
 -124145
 -122187
 -119331
 -116023
 -112693
 -109812
 -107789
 -106854
 -107011
 -108208
 -110194
 -112577
 -114977
 -117081
 -118621
 -119333
 -119167
 -118108
 -116285
 -113891
 -111247
 -108742
 -106631
 -105236
 -104751
 -105140
 -106323
 -108197
 -110495
 -112851
 -114877
 -116338
 -117071
 -117006
 -116162
 -114636
 -112678
 -110576
 -108667
 -107187
 -108791
 -141855
 -209218
 -258923
 -267082
 -231389
 -157090
  -55507
   57626
  164389
  247725
  294354
  296774
  254094
  171675
   59862
  -67480
 -194864
 -307032
 -390630
 -436020
 -438616
 -399628
 -325940
 -229072
 -123765
  -25808
   50468
   94362
  100260
   68057
    2930
  -85859
 -186175
 -284663
 -368453
 -426663
 -451853
 -441064
 -396129
 -323387
 -232741
 -136438
  -47139
   24037
   69011
   83799
   68868
   28704
  -29221
  -95318
 -159307
 -211614
 -244427
 -252887
 -235715
 -195327
 -137509
  -70602
   -4281
   51970
   90292
  105593
   96261
   64059
   13752
  -47540
 -111499
 -169822
 -215168
 -241923
 -247103
 -230833
 -196209
 -148901
  -96341
  -46539
   -6926
   16686
   20965
    5462
  -27533
  -73452
 -126054
 -178268
 -223370
 -255560
 -270834
 -267438
 -246156
 -210182
 -164680
 -116013
  -70768
  -34888
  -12786
   -6743
  -16708
  -40523
  -74269
 -112772
 -150314
 -181576
 -202230
 -209477
 -202458
 -182276
 -151898
