-1106117
-1100902
-1097680
-1097590
-1095900
-1094833
-1094920
-1093055
-1092149
-1093522
-1096396
-1100180
-1104534
-1108863
-1112769
-1116571
-1122805
-1130139
-1135172
-1136903
-1135223
-1130231
-1122011
-1111851
-1100939
-1089597
-1078493
-1067963
-1057200
-1048152
-1041984
-1038791
-1039491
-1043976
-1051796
-1062471
-1074801
-1087849
-1100960
-1114039
-1126365
-1135844
-1142396
-1146441
-1146535
-1142570
-1135396
-1125658
-1113976
-1101256
-1088589
-1076913
-1066759
-1058692
-1053290
-1050909
-1051615
-1055315
-1061526
-1069297
-1078168
-1087716
-1097521
-1106716
-1114747
-1121372
-1126120
-1128294
-1127926
-1125592
-1121812
-1116799
-1111001
-1104994
-1099171
-1094016
-1089846
-1087464
-1086809
-1086680
-1086831
-1087776
-1089450
-1091974
-1095069
-1098602
-1102579
-1106899
-1110870
-1114887
-1118730
-1120856
-1120921
-1119762
-1117486
-1114489
-1110965
-1106904
-1102511
-1098019
-1094023
-1090796
-1088246
-1086249
-1085002
-1084506
-1084837
-1086287
-1088407
-1090351
-1092338
-1094455
-1096339
-1098072
-1099165
-1098532
-1096567
-1092995
-1088076
-1085541
-1084142
-1081869
-1078174
-1076885
-1078162
-1080829
-1084846
-1090730
-1098019
-1104855
-1110891
-1116242
-1120589
-1123129
-1123408
-1121875
-1119026
-1115582
-1111857
-1108583
-1105981
-1102718
-1098504
-1093803
-1088638
-1084433
-1081882
-1080873
-1081301
-1083066
-1086090
-1090074
-1094948
-1100459
-1107056
-1112468
-1115903
-1118479
-1120129
-1120474
-1119588
-1117599
-1114660
-1110875
-1106595
-1102136
-1097598
-1093062
-1089318
-1086582
-1084705
-1084220
-1085205
-1087226
-1090397
-1094180
-1098602
-1102882
-1106709
-1110046
-1111695
-1111791
-1110655
-1108474
-1105772
-1102695
-1099250
-1096020
-1093542
-1091304
-1089590
-1089434
-1088930
-1087392
-1085944
-1085454
-1085910
-1088286
-1092849
-1098694
-1106729
-1116529
-1122240
-1122458
-1118843
-1112943
-1105597
-1098548
-1092846
-1087645
-1082656
-1078550
-1076045
-1075629
-1077579
-1081236
-1086136
-1092252
-1098959
-1105651
-1111946
-1117385
-1122355
-1126013
-1127565
-1127554
-1126536
-1124430
-1120914
-1116272
-1111404
-1106517
-1101741
-1097194
-1092872
-1089688
-1088019
-1087480
-1087995
-1089444
-1091613
-1094097
-1096695
-1099395
-1101987
-1104502
-1106449
-1108111
-1109604
-1109812
-1108665
-1106739
-1104440
-1101990
-1099671
-1098272
-1097177
-1096178
-1096579
-1103150
-1114721
-1123078
-1126469
-1125091
-1119954
-1112085
-1101936
-1090525
-1078688
-1067474
-1058018
-1087953
-1251685
-1329174
-1310110
-1265646
-1205764
-1136207
-1061974
 -987739
 -918138
 -857410
 -810124
 -779397
 -767466
 -775858
 -804454
 -851613
 -914449
 -989465
-1072284
-1157090
-1238080
-1309722
-1366984
-1405964
-1424204
-1421516
-1398695
-1358317
-1304761
-1242802
-1177969
-1115601
-1060381
-1016266
 -985794
 -970181
 -968921
 -980638
-1002975
-1032652
-1065564
-1098246
-1127794
-1151952
-1168555
-1176596
-1176417
-1168910
-1155632
-1138271
-1118490
-1098042
-1078754
-1061577
-1047221
-1036123
-1027914
-1022140
-1018857
-1017796
-1018435
-1020998
-1025203
-1031473
-1040233
-1051531
-1065284
-1080644
-1097351
-1114595
-1130840
-1144450
-1154813
-1161346
-1163550
-1161098
-1154142
-1143283
-1129581
-1114863
-1101140
-1089267
-1080459
-1075705
-1075279
-1079047
-1085982
-1095301
-1105813
-1116509
-1125791
-1132634
-1136636
-1137541
-1135096
-1129480
-1121713
-1112908
-1103659
-1094868
-1087602
-1082587
-1080126
-1080135
-1082102
-1085705
-1089989
-1094418
-1098538
-1102053
-1104235
-1105102
-1104921
-1103987
-1103061
-1102718
-1102936
-1103957
-1105826
-1108704
-1112342
-1116133
-1119463
-1121794
-1122417
-1121598
-1119374
-1115631
-1110583
-1104864
-1099594
-1095201
-1091785
-1089633
-1089187
-1090566
-1092708
-1095612
-1099348
-1103336
-1106962
-1110003
-1111638
-1111420
-1109590
-1107014
-1104118
-1099735
-1094086
-1088675
-1084130
-1080663
-1078632
-1078274
-1079024
-1080586
-1082742
-1085803
-1089190
-1092278
-1094924
-1097060
-1098684
-1099312
-1098892
-1098648
-1099100
-1100533
-1102882
-1105804
-1109151
-1112793
-1116477
-1120475
-1124475
-1126562
-1126265
-1124549
-1121970
-1118665
-1114937
-1111155
-1107931
-1105424
-1104238
-1104257
-1105142
-1107208
-1110105
-1112918
-1115069
-1116337
-1117034
-1117489
-1117423
-1116079
-1113392
-1109628
-1105480
-1101952
-1099574
-1097272
-1094729
-1093146
-1092463
-1092260
-1092471
-1092649
-1092519
-1092155
-1091769
-1091481
-1091071
-1090496
-1090115
-1090480
-1091752
-1093213
-1094600
-1096115
-1097212
-1097265
-1097439
-1097752
-1097892
-1097885
-1098037
-1098327
-1098672
-1099362
-1100469
-1101735
-1103141
-1104728
-1106893
-1109676
-1112475
-1114252
-1115103
-1115794
-1116190
-1115986
-1115360
-1114352
-1112810
-1110668
-1108616
-1108338
-1109977
-1112204
-1114492
-1115284
-1114536
-1113066
-1111282
-1108924
-1106076
-1102983
-1099709
-1099948
-1106515
-1105671
-1102168
-1098471
-1095608
-1093143
-1091465
-1090936
-1091871
-1089616
-1090977
-1101578
-1120375
-1135422
-1144670
-1148757
-1148246
-1143563
-1135308
-1124546
-1111299
-1096177
-1080761
-1066579
-1054589
-1045429
-1039989
-1038598
-1041281
-1047796
-1057752
-1070254
-1084279
-1099060
-1113633
-1127112
-1138570
-1146919
-1151893
-1154282
-1153435
-1148428
-1140295
-1130494
-1120121
-1110782
-1102117
-1094008
-1087867
-1084125
-1082356
-1082104
-1083045
-1086264
-1091026
-1096300
-1102151
-1108182
-1113985
-1118820
-1122600
-1125255
-1126028
-1125497
-1124286
-1122852
-1121318
-1119771
-1118404
-1116429
-1111787
-1104590
-1097227
-1090887
-1085816
-1082088
-1080016
-1079636
-1081356
-1084938
-1089937
-1095894
-1102552
-1109395
-1115966
-1121803
-1126381
-1129213
-1129980
-1128945
-1126823
-1126419
-1124011
-1117484
-1109208
-1095435
-1074773
-1065362
-1078081
-1093928
-1106362
-1115589
-1121956
-1125529
-1126016
-1123263
-1117519
-1109461
-1099856
-1089469
-1079314
-1070043
-1062401
-1057435
-1055695
-1057385
-1062194
-1069776
-1079768
-1091548
-1104427
-1117436
-1129452
-1139798
-1147836
-1153011
-1155149
-1153975
-1149998
-1143779
-1135955
-1127455
-1119319
-1112055
-1106083
-1101743
-1099194
-1098013
-1098396
-1100149
-1102676
-1105369
-1108106
-1110549
-1112496
-1113629
-1113876
-1113427
-1112234
-1110619
-1109309
-1108364
-1107472
-1106431
-1105410
-1104414
-1103266
-1101935
-1062850
 -868969
 -566317
 -242677
  -50797
   -6241
  -97843
 -306303
 -607539
 -975050
-1381285
-1797315
-2194035
-2543630
-2821213
-3005836
-3081731
-3040046
-2880938
-2612693
-2251414
-1820835
-1350693
 -874495
 -425839
  -35186
  272525
  479560
  576446
  562879
  447029
  244552
  -23240
 -330987
 -651735
 -959794
-1231988
-1449947
-1602040
-1683595
-1696124
-1646766
-1547774
-1414030
-1261818
-1106979
 -964990
 -848066
 -764850
 -718950
 -709642
 -734208
 -787816
 -863445
 -953935
-1051860
-1151519
-1248404
-1338645
-1419447
-1488902
-1545617
-1588355
-1615969
-1627307
-1621254
-1596703
-1553289
-1491740
-1413424
-1321308
-1219587
-1113587
-1010510
 -917841
 -841980
 -787832
 -759044
 -757067
 -781217
 -827941
 -892141
 -967291
-1045610
-1119029
-1180366
-1224052
-1246674
-1247202
-1226912
-1189109
-1139125
-1083326
-1028058
 -979023
 -941421
 -919233
 -914082
 -925541
 -951314
 -988046
-1031308
-1076350
-1119189
-1156300
-1185598
-1206247
-1218809
-1223602
-1221063
-1213488
-1203157
-1192327
-1182452
-1174395
-1168173
-1163071
-1158274
-1151834
-1141180
-1125818
-1106692
-1084614
-1061066
-1037978
-1017461
-1001435
 -991512
 -989144
 -995279
-1009391
-1029528
-1053164
-1077518
-1099711
-1116982
-1127512
-1130889
-1127382
-1117660
-1103583
-1087161
-1071013
-1057510
-1049098
-1047117
-1052609
-1065634
-1085226
-1109867
-1137251
-1165341
-1191401
-1212219
-1226092
-1233245
-1233548
-1227862
-1217450
-1203972
-1189413
-1175541
-1163438
-1154225
-1148523
-1146391
-1146850
-1149179
-1152175
-1153231
-1150662
-1144090
-1133678
-1120110
-1104282
-1087369
-1070742
-1055990
-1044449
-1037202
-1033917
-1033730
-1035335
-1038476
-1042198
-1045432
-1047520
-1047755
-1045728
-1041910
-1036923
-1031478
-1026550
-1023012
-1021821
-1023739
-1029322
-1038401
-1050783
-1065870
-1082658
-1099712
-1115464
-1128838
-1139228
-1146242
-1150181
-1151389
-1150747
-1149197
-1147596
-1146604
-1147932
-1151304
-1155249
-1159877
-1165495
-1171855
-1177304
-1180966
-1182822
-1182522
-1179613
-1174033
-1166453
-1157992
-1149311
-1141020
-1133741
-1127943
-1123661
-1121191
-1120259
-1120321
-1120825
-1120931
-1120088
-1117779
-1113559
-1107488
-1099996
-1091457
-1082862
-1074768
-1067916
-1062682
-1059120
-1057545
-1057910
-1060019
-1063532
-1067811
-1072181
-1076050
-1079096
-1081231
-1082392
-1082621
-1082186
-1081495
-1081015
-1080761
-1081066
-1082539
-1085381
-1089539
-1094342
-1099331
-1104268
-1108688
-1112584
-1115882
-1118335
-1119333
-1119083
-1118346
-1117514
-1116747
-1116508
-1116568
-1117284
-1118889
-1121429
-1124488
-1127764
-1130851
-1133047
-1134455
-1135171
-1135021
-1134295
-1133140
-1131620
-1129995
-1128845
-1128433
-1129431
-1131545
-1133132
-1133883
-1134303
-1134366
-1133837
-1132261
-1129987
-1127264
-1123637
-1119464
-1115241
-1111322
-1108248
-1105384
-1103169
-1102002
-1101794
-1102450
-1103625
-1104997
-1106663
-1107478
-1107177
-1105811
-1103348
-1099961
-1095970
-1091887
-1088194
-1085170
-1083105
-1081813
-1081688
-1082147
-1082614
-1083564
-1084964
-1086880
-1088822
-1090846
-1092722
-1094277
-1095729
-1096948
-1098087
-1099350
-1100675
-1102360
-1104666
-1107356
-1110271
-1113593
-1117324
-1120962
-1124013
-1126292
-1127719
-1128466
-1128816
-1128986
-1129124
-1129331
-1129143
-1128927
-1129224
-1129758
-1130529
-1131790
-1133329
-1134635
-1135510
-1136035
-1136132
-1135911
-1135151
-1133648
-1131329
-1128516
-1125186
-1121680
-1118282
-1115256
-1112911
-1111074
-1109618
-1108594
-1107780
-1106989
-1106059
-1105179
-1104109
-1102795
-1101288
-1099602
-1097797
-1096288
-1095767
-1095492
-1094673
-1094595
-1094652
-1094294
-1093437
-1092192
-1091294
-1090912
-1090643
-1090270
-1089995
-1090248
-1091386
-1093245
-1095385
-1097573
-1101574
-1108088
-1114861
-1119697
-1121433
-1121262
-1119852
-1117579
-1114606
-1111488
-1108764
-1106637
-1105274
-1105033
-1106000
-1108555
-1112410
-1116863
-1121329
-1121162
-1118670
-1124269
-1130957
-1136489
-1141051
-1144168
-1145366
-1144988
-1143528
-1141021
-1137387
-1133126
-1128702
-1124502
-1120695
-1117525
-1115281
-1113747
-1112721
-1112202
-1111870
-1111721
-1111697
-1111717
-1111504
-1111111
-1110670
-1110404
-1109795
-1108685
-1107529
-1106654
-1105992
-1105202
-1103979
-1102408
-1100963
-1099541
-1098243
-1097212
-1096216
-1095449
-1094447
-1090443
-1087897
-1090450
-1094853
-1100542
-1105641
-1113612
-1127168
-1136654
-1140831
-1140716
-1137137
-1130692
-1122206
-1112749
-1102585
-1092282
-1082548
-1074400
-1068855
-1066591
-1067586
-1071253
-1077715
-1087100
-1099197
-1113005
-1127311
-1140981
-1152818
-1162121
-1168667
-1171970
-1171992
-1168943
-1163076
-1155151
-1145987
-1136303
-1126965
-1118918
-1112510
-1107891
-1105137
-1104018
-1104523
-1106354
-1109238
-1112635
-1115936
-1118905
-1121277
-1123270
-1125002
-1126344
-1126049
-1119386
-1107076
-1100232
-1096867
-1094925
-1093901
-1092994
-1090270
-1080867
-1075121
-1075876
-1079157
-1084708
-1092025
-1100492
-1109597
-1119555
-1129917
-1140115
-1147339
-1150228
-1149217
-1141158
-1129096
-1116929
-1113517
-1107608
-1098782
-1100219
-1094721
-1084794
-1081237
-1081217
-1078808
-1084199
-1092894
-1099437
-1106646
-1115051
-1123133
-1129822
-1134773
-1137831
-1138752
-1137772
-1135417
-1131940
-1127867
-1124758
-1122309
-1118031
-1113764
-1110135
-1108347
-1110641
-1114597
-1116437
-1118108
-1121188
-1123985
-1124746
-1124622
-1123081
-1123362
-1132173
-1145419
-1153271
-1151565
-1140316
-1127502
-1118990
-1111811
-1105970
-1101774
-1098769
-1097115
-1101389
-1103459
-1104138
-1105571
-1107466
-1109083
-1110498
-1111255
-1110810
-1109753
-1109999
-1111318
-1111513
-1109418
-1106107
-1102123
-1097898
-1094265
-1090865
-1087799
-1087523
-1089526
-1094285
-1107468
-1121224
-1131686
-1139521
-1144812
-1147207
-1146816
-1144273
-1140089
-1134634
-1124947
-1111499
-1097759
-1084291
-1073310
-1066209
-1063478
-1065228
-1071259
-1080820
-1093499
-1108605
-1125009
-1141156
-1155168
-1166135
-1173582
-1176807
-1176067
-1171718
-1164355
-1154663
-1143114
-1131160
-1119742
-1109255
-1100615
-1093965
-1089378
-1086831
-1086468
-1088061
-1090769
-1094359
-1098838
-1104216
-1109392
-1114051
-1118496
-1123222
-1124259
-1120464
-1117332
-1115025
-1114072
-1115074
-1118267
-1121697
-1124085
-1125652
-1126629
-1126667
-1125763
-1123742
-1120588
-1116612
-1111817
-1106715
-1102225
-1098551
-1095948
-1094545
-1094359
-1095098
-1096746
-1099427
-1102768
-1107115
-1112678
-1118711
-1124446
-1128851
-1130869
-1128091
-1121221
-1112541
-1104496
-1098322
-1094509
-1092870
-1093596
-1096790
-1102228
-1109609
-1118401
-1127558
-1136676
-1145208
-1152322
-1157712
-1160970
-1161741
-1159815
-1155416
-1148583
-1140018
-1130514
-1120801
-1111805
-1103957
-1097672
-1093597
-1091774
-1092145
-1094391
-1098126
-1095865
 -979722
 -709196
 -481779
 -355664
 -332792
 -404935
 -558678
 -777224
-1041954
-1332798
-1629121
-1909858
-2155356
-2347721
-2472552
-2519603
-2483413
-2363708
-2166538
-1904464
-1595330
-1260653
 -923392
 -606998
 -332704
 -118177
   23981
   87552
   72220
  -15897
 -165510
 -361239
 -584634
 -816040
-1036402
-1229117
-1381485
-1485688
-1538468
-1541754
-1501250
-1425692
-1326454
-1215422
-1104401
-1004046
 -922908
 -866028
 -836006
 -832921
 -853745
 -894172
 -948905
-1013091
-1082346
-1152529
-1220076
-1282713
-1338599
-1386419
-1425626
-1455735
-1475689
-1484750
-1481830
-1465788
-1435987
-1392440
-1336610
-1270497
-1197305
-1121532
-1047963
 -981640
 -927544
 -889469
 -869656
 -869299
 -887179
 -921266
 -968092
-1022802
-1079548
-1132097
-1175655
-1206427
-1221778
-1220835
-1204891
-1176469
-1139345
-1098232
-1057785
-1022397
 -995737
 -980248
 -976980
 -985486
-1004413
-1031278
-1062836
-1095931
-1127128
-1153407
-1173556
-1187126
-1194056
-1195182
-1191839
-1185824
-1178798
-1172100
-1166513
-1162179
-1158966
-1156422
-1153414
-1148973
-1142319
-1132152
-1118098
-1101438
-1083808
-1066671
-1051605
-1040395
-1034414
-1034352
-1040459
-1052172
-1067938
-1086181
-1105129
-1122832
-1137185
-1146624
-1149964
-1147259
-1139070
-1126833
-1112574
-1097841
-1084314
-1074643
-1070287
-1071829
-1079376
-1092417
-1109604
-1129577
-1150679
-1170611
-1187501
-1200113
-1207859
-1210638
-1208893
-1203411
-1195132
-1185571
-1176021
-1167430
-1160345
-1155042
-1151355
-1148700
-1146799
-1144838
-1142032
-1137890
-1132206
-1124576
-1115178
-1104639
-1094065
-1084298
-1075966
-1069614
-1065611
-1064460
-1065627
-1068463
-1072174
-1075872
-1078345
-1079229
-1078537
-1076012
-1071969
-1067423
-1063411
-1060347
-1058636
-1059041
-1062082
-1067853
-1076235
-1086705
-1098496
-1110900
-1122750
-1133197
-1141697
-1147639
-1150950
-1151541
-1149792
-1146799
-1143371
-1140255
-1138448
-1138521
-1140397
-1144003
-1148885
-1154620
-1160543
-1165976
-1170389
-1173114
-1173707
-1172246
-1169207
-1164861
-1159143
-1152745
-1146516
-1140885
-1135816
-1131725
-1128832
-1126705
-1125266
-1124242
-1123061
-1121477
-1118951
-1115135
-1110509
-1105285
-1099885
-1094794
-1090079
-1086269
-1083746
-1082863
-1083834
-1086245
-1089672
-1093915
-1098428
-1102205
-1104917
-1106490
-1107050
-1106564
-1105195
-1103223
-1101134
-1099455
-1098449
-1098440
-1099523
-1101525
-1104440
-1108055
-1112031
-1116298
-1120613
-1124407
-1127180
-1129006
-1129806
-1129655
-1128924
-1127964
-1127020
-1126130
-1125350
-1125089
-1125740
-1127321
-1129592
-1132299
-1134888
-1137056
-1138791
-1139995
-1140593
-1140770
-1140530
-1140224
-1139922
-1139601
-1139147
-1138733
-1138661
-1138491
-1138008
-1137321
-1136352
-1135249
-1133581
-1131413
-1129249
-1126637
-1123843
-1121029
-1118372
-1116078
-1114394
-1113575
-1113616
-1114174
-1115084
-1115989
-1116667
-1117133
-1117508
-1117577
-1117300
-1116413
-1114555
-1113024
-1110930
-1113886
-1112221
-1106355
-1100181
-1093590
-1089091
-1085982
-1084191
-1084024
-1085653
-1088962
-1093436
-1098735
-1104519
-1110451
-1116210
-1121673
-1126777
-1131402
-1134967
-1137323
-1138568
-1138535
-1137423
-1135876
-1133990
-1131834
-1129732
-1133256
-1151421
-1166410
-1172799
-1172365
-1166207
-1156223
-1144136
-1130835
-1117195
-1104173
-1092599
-1083323
-1077094
-1073900
-1073982
-1077752
-1085443
-1096916
-1112016
-1129004
-1145928
-1161513
-1174849
-1184797
-1190585
-1191800
-1188257
-1180323
-1168688
-1154198
-1137797
-1120942
-1104849
-1090168
-1078343
-1070524
-1067005
-1067766
-1072133
-1079504
-1089443
-1100685
-1112069
-1122481
-1131164
-1137511
-1140805
-1141378
-1139863
-1136237
-1130790
-1124643
-1118231
-1112016
-1106554
-1102357
-1099523
-1097827
-1097033
-1097136
-1098306
-1100911
-1104618
-1108557
-1112257
-1115737
-1117076
-1114403
-1113551
-1115724
-1119255
-1125020
-1131203
-1136967
-1143361
-1150977
-1157054
-1160324
-1160747
-1159317
-1155679
-1146317
-1138195
-1135088
-1132537
-1129751
-1128478
-1128025
-1127792
-1127760
-1127587
-1127676
-1128087
-1128664
-1129256
-1129296
-1124753
-1116732
-1108744
-1101299
-1097517
-1098228
-1099784
-1103063
-1108164
-1114657
-1121995
-1129327
-1136001
-1142221
-1147673
-1151678
-1153303
-1152315
-1148297
-1137485
-1118030
-1101310
-1089286
-1081731
-1077872
-1077380
-1080269
-1086605
-1095378
-1105381
-1116228
-1127212
-1137394
-1146107
-1152587
-1156103
-1156385
-1153585
-1147672
-1139426
-1129709
-1119289
-1109373
-1101258
-1095609
-1092599
-1092524
-1095324
-1100337
-1107117
-1114992
-1123569
-1131884
-1139166
-1145319
-1149861
-1152482
-1153354
-1152461
-1150265
-1147332
-1143846
-1139757
-1135557
-1131705
-1128156
-1125161
-1122967
-1121502
-1120387
-1119839
-1119964
-1120278
-1120514
-1120796
-1121379
-1122086
-1122862
-1123882
-1125186
-1126405
-1127373
-1127896
-1128084
-1128013
-1127435
-1126332
-1124538
-1122312
-1119606
-1116859
-1114222
-1111731
-1109636
-1108364
-1108269
-1109225
-1110597
-1112544
-1114946
-1117538
-1120138
-1122759
-1135701
-1282037
-1588109
-1857717
-2012590
-2049552
-1975328
-1803250
-1551302
-1241063
 -896455
 -543834
 -210012
   79770
  303272
  443998
  492380
  444699
  304031
   79464
 -214733
 -559928
 -933933
-1312141
-1670021
-1984056
-2233611
-2403625
-2485778
-2478639
-2388075
-2226481
-2011147
-1762626
-1502503
-1251722
-1029779
 -851878
 -727953
 -662309
 -653432
 -695136
 -776996
 -886204
-1008964
-1132038
-1244066
-1336026
-1401897
-1438506
-1445713
-1425660
-1382479
-1321858
-1249312
-1170202
-1089525
-1011358
 -938652
 -873391
 -817126
 -770859
 -735572
 -712449
 -702616
 -707352
 -727252
 -762704
 -813020
 -876458
 -950772
-1032309
-1116600
-1198530
-1272714
-1333778
-1377307
-1399843
-1400433
-1380385
-1342006
-1289702
-1229243
-1166438
-1107516
-1058561
-1024194
-1007108
-1008200
-1026465
-1058973
-1101307
-1148392
-1195038
-1235901
-1266750
-1284971
-1289274
-1279988
-1258970
-1228824
-1192785
-1154849
-1118726
-1087286
-1062578
-1045740
-1037000
