  525886
  525866
  525811
  525721
  525551
  525435
  525202
  525078
  524914
  524906
  524951
  525074
  525212
  525201
  525083
  524725
  524325
  523920
  523385
  522640
  521804
  520986
  520176
  519454
  518663
  517914
  517266
  516558
  516054
  515452
  514774
  514227
  512450
  508596
  505276
  503252
  502388
  502360
  502761
  503771
  505039
  506271
  507428
  508260
  508672
  508819
  508861
  508824
  508673
  508523
  508471
  508601
  508991
  509771
  510731
  511811
  513058
  514666
  516318
  517781
  519072
  520362
  521531
  522753
  523817
  524630
  525518
  526394
  527258
  528008
  528671
  529334
  529962
  530333
  530359
  530249
  529963
  529473
  528955
  528421
  527766
  527277
  527375
  526468
  523954
  521523
  520009
  518962
  518326
  518066
  518950
  521417
  524541
  526830
  527578
  527137
  525853
  523929
  521537
  518993
  516299
  513896
  511949
  510885
  510367
  510194
  510346
  510879
  511682
  512610
  513172
  513666
  513910
  513798
  513228
  512604
  511958
  511469
  511288
  511261
  511426
  511592
  511950
  512415
  513075
  513659
  514158
  514328
  514295
  514367
  514353
  514583
  515213
  515915
  516899
  517933
  519073
  520370
  521642
  522687
  523404
  523769
  524192
  523765
  521481
  516938
  511481
  507218
  505334
  506333
  509890
  514958
  520272
  525048
  529109
  531983
  532798
  531159
  529806
  528853
  526486
  523804
  521863
  521220
  521711
  522785
  524184
  525907
  527865
  529770
  531220
  534103
  536022
  536910
  539748
  539282
  534473
  520460
  506253
  495448
  488729
  486325
  487505
  491500
  497498
  504222
  510190
  515015
  518585
  520555
  520396
  518102
  513670
  508711
  504512
  501725
  500609
  501263
  503720
  507815
  512887
  518466
  524171
  529482
  534091
  537840
  540084
  540314
  539271
  538043
  536905
  535809
  535084
  534980
  535563
  537376
  539730
  542312
  544585
  545866
  546034
  544794
  542117
  538225
  533297
  527666
  521930
  516801
  512324
  509059
  507424
  507224
  508065
  509800
  512020
  514064
  515754
  516922
  516976
  515854
  513578
  510498
  507433
  504385
  501729
  500170
  509539
  534749
  550452
  549464
  540898
  529615
  518495
  509153
  502519
  498577
  497220
  498130
  501164
  505594
  510530
  515501
  520076
  523659
  525758
  526335
  525893
  524493
  522358
  519878
  517502
  515454
  514187
  513787
  514422
  515498
  516809
  518240
  519387
  520007
  520253
  520075
  519537
  518895
  518669
  518678
  519089
  520238
  522224
  524832
  528033
  531407
  534608
  537298
  539200
  539991
  539597
  538091
  535340
  531994
  528595
  525089
  522079
  519906
  518629
  518352
  519026
  520483
  522343
  524315
  526106
  527457
  527911
  527644
  526307
  524188
  521702
  518936
  516154
  513777
  511967
  510844
  510394
  510648
  511368
  512462
  513819
  515217
  516446
  517117
  517305
  517021
  516388
  515681
  515046
  514757
  514699
  514887
  515424
  516327
  518016
  519744
  521751
  523951
  525788
  528267
  530312
  528435
  522090
  516605
  522892
  548142
  573165
  590477
  599645
  601274
  596462
  586727
  573906
  559514
  545448
  532971
  523140
  516642
  513281
  512484
  513705
  515987
  518430
  520403
  521229
  520203
  517274
  512449
  506152
  499382
  493064
  487699
  483792
  481681
  481345
  482489
  485012
  488271
  491283
  493683
  495212
  495788
  495479
  494507
  493370
  492728
  493112
  495032
  498454
  503974
  510983
  519253
  528346
  537228
  545119
  551586
  556162
  558485
  558424
  556144
  552132
  547045
  541712
  536515
  531966
  528459
  526444
  525951
  526891
  528976
  531644
  534336
  536579
  537798
  537768
  536367
  533657
  530092
  525856
  521521
  517418
  513690
  510840
  509402
  509295
  510322
  512274
  514645
  517103
  519348
  521159
  522181
  522311
  521949
  520867
  519640
  518495
  517823
  518067
  518945
  520589
  523000
  525692
  528560
  531249
  533617
  535388
  536347
  536163
  535310
  533466
  530816
  527703
  524373
  521316
  519068
  517693
  517325
  517771
  518703
  519976
  521417
  522519
  523062
  522914
  522094
  520521
  518444
  515982
  513562
  511155
  509245
  508295
  508030
  508725
  510294
  512562
  515074
  517595
  519858
  521823
  523304
  524109
  524336
  524208
  523971
  523756
  523722
  524124
  525141
  526759
  528954
  531493
  533921
  536149
  537947
  539280
  540183
  540479
  539913
  538754
  537359
  535626
  533828
  532221
  530757
  529604
  528849
  528428
  528203
  528239
  528290
  528223
  526159
  516670
  511624
  510860
  510299
  509936
  510157
  510770
  511643
  512386
  513002
  513455
  513867
  514091
  514250
  514242
  514302
  514501
  514626
  514479
  514299
  514312
  514817
  515984
  523668
  536069
  545501
  551406
  554098
  554115
  552071
  548363
  543764
  538942
  534628
  531156
  528790
  527420
  527144
  527799
  528945
  530001
  530708
  530878
  530365
  528858
  526572
  523611
  520544
  517513
  514990
  513099
  511596
  510986
  511300
  512135
  513223
  514266
  515355
  515935
  516084
  515630
  514821
  514136
  513797
  513617
  513683
  514206
  515484
  517733
  520726
  524295
  528002
  531598
  534594
  536956
  538436
  538898
  538527
  537379
  535614
  533325
  530702
  528194
  526204
  524626
  523953
  524024
  524590
  525613
  526785
  527867
  528547
  529018
  528961
  528039
  526709
  524870
  522902
  520891
  518948
  516982
  515264
  514066
  480925
  205481
 -143093
 -381127
 -505756
 -527847
 -464656
 -337273
 -168655
   17833
  200651
  361643
  487570
  571684
  613261
  617607
  594971
  558709
  522597
  498496
  495083
  516951
  564572
  634041
  719065
  810913
  900281
  978558
 1038222
 1074559
 1086516
 1076096
 1048486
 1011208
  972184
  938274
  914999
  904152
  904840
  913240
  923589
  929105
  922978
  899286
  853741
  785060
  694607
  586894
  469066
  350496
  240852
  149081
   82667
   46369
   41112
   64658
  111500
  174055
  243944
  312234
  370772
  413089
  435530
  437230
  420698
  390601
  353550
  317177
  289228
  275810
  280723
  305034
  347758
  405289
  472256
  542331
  608702
  665420
  707845
  733189
  740944
  732665
  712143
  684032
  653877
  626880
  606802
  596287
  595794
  604100
  618633
  635544
  650242
  658951
  658498
  646832
  623463
  589587
  548147
  503115
  459222
  420808
  392141
  376000
  373430
  383921
  405395
  434365
  466813
  498376
  524870
  543305
  551901
  550307
  539696
  522681
  502596
  483191
  468498
  461665
  464570
  477664
  500418
  530629
  565201
  600402
  632555
  658222
  675108
  681513
  677507
  664036
  643284
  618386
  592464
  568629
  549503
  536606
  530332
  530320
  534970
  541986
  548940
  553301
  552924
  546346
  533066
  513677
  489513
  462510
  435399
  411149
  391650
  378771
  373380
  375654
  384717
  398627
  415407
  432888
  448843
  461375
  469375
  472789
  472104
  468445
  463406
  459007
  457304
  459888
  467827
  481567
  500392
  523494
  549193
  575473
  599988
  621051
  637156
  647217
  650960
  649236
  643354
  634801
  625523
  616762
  610056
  606387
  606022
  608917
  613769
  619186
  624059
  626759
  625937
  621063
  611716
  598043
  580821
  561403
  541196
  521523
  504030
  489695
  479166
  472613
  469635
  469487
  471251
  473486
  475010
  474984
  472805
  468088
  461412
  453276
  444576
  436547
  430260
  426826
  426651
  430209
  437367
  447488
  459696
  472834
  485880
  497756
  507678
  515099
  519783
  522000
  522390
  521703
  520881
  520997
  522616
  526280
  532158
  539894
  549280
  559234
  568752
  577244
  584036
  588382
  589999
  588953
  585505
  580472
  574584
  568643
  563319
  559335
  556995
  556438
  557365
  559369
  562002
  564605
  566575
  567120
  565912
  562976
  558202
  551955
  544717
  537031
  529816
  523470
  518655
  515573
  514330
  514438
  515779
  517989
  520074
  521606
  522092
  521002
  518519
  514618
  509751
  504551
  499513
  495077
  491644
  489604
  488888
  489939
  492075
  495154
  498899
  502364
  505063
  506735
  507334
  506927
  505873
  504162
  502370
  500744
  499755
  499806
  501285
  504840
  509956
  515260
  520681
  526351
  531155
  534229
  536091
  537028
  537472
  537969
  538238
  538074
  537816
  538789
  540818
  542652
  545061
  548191
  551736
  555373
  558735
  561446
  563129
  563678
  563169
  561839
  559825
  557334
  554812
  552507
  550531
  548984
  547894
  547233
  547042
  546904
  546434
  545555
  544142
  542075
  539160
  535577
  531391
  526909
  522488
  518212
  514228
  510784
  508070
  506116
  504777
  503976
  503284
  502723
  502365
  502691
  503245
  503301
  502800
  501828
  499600
  496713
  494301
  492802
  492470
  493243
  495157
  498173
  502018
  506322
  510606
  514563
  518108
  521058
  523378
  525120
  526401
  527497
  528659
  530404
  532535
  535057
  538112
  541599
  545275
  548847
  552039
  554649
  556695
  558159
  558804
  558912
  558544
  557818
  556871
  555781
  554694
  553769
  553330
  553417
  553528
  553449
  553048
  552222
  550959
  549121
  546697
  543395
  539605
  535756
  531860
  528001
  524451
  521493
  519170
  517362
  516056
  515171
  514693
  514377
  514269
  514541
  514166
  513080
  511615
  510134
  508940
  507031
  505113
  503789
  502840
  502451
  502755
  503646
  505263
  507307
  509477
  511671
  513832
  516134
  518055
  519706
  521206
  522570
  523932
  525378
  527649
  529998
  531563
  532976
  534439
  536053
  537812
  539703
  541533
  543109
  544606
  545947
  546879
  547554
  547947
  548190
  548400
  548648
  548995
  549426
  549705
  549724
  549515
  549327
  548956
  548369
  547563
  546426
  545013
  543468
  541625
  539508
  537508
  535493
  533495
  531708
  530024
  528616
  527393
  526378
  525602
  524719
  523877
  522902
  521665
  520260
  518795
  517312
  515912
  514493
  513185
  512087
  511319
  511075
  511213
  511641
  512161
  512810
  513520
  514253
  515015
  515651
  516185
  516902
  517415
  518124
  518972
  519972
  521222
  522806
  524608
  526582
  528861
  531017
  532841
  534492
  535829
  536895
  537692
  538275
  538763
  539205
  539717
  540161
  540784
  541950
  544122
  545857
  546777
  547369
  547444
  547506
  547680
  547402
  546509
  545508
  544573
  543848
  543182
  542416
  541513
  540591
  539713
  538896
  538093
  536908
  535533
  534156
  532901
  531625
  530311
  529179
  528680
  527988
  526463
  524945
  523632
  522403
  521168
  520119
  519153
  518133
  517291
  516677
  516421
  516068
  515800
  515819
  515997
  516158
  516558
  517133
  517772
  518714
  519784
  520952
  522159
  523824
  525423
  526488
  527345
  528170
  528910
  529527
  530314
  531228
  532237
  533179
  534135
  535049
  535879
  536685
  537468
  538341
  539083
  539874
  540666
  541454
  542248
  542722
  542944
  543010
  542892
  542677
  542445
  542162
  542041
  542753
  543502
  543479
  542372
  540823
  539240
  537669
  536104
  534736
  533389
  532394
  531792
  531362
  530998
  530706
  530353
  529851
  529718
  530128
  529982
  528960
  527236
  525346
  523486
  521877
  520507
  519361
  518443
  518068
  518052
  518451
  519097
  519827
  520550
  521127
  521612
  521871
  521923
  522045
  522145
  522337
  522577
  523013
  523858
  525337
  526462
  528246
  530438
  532026
  532233
  532107
  531974
  532070
  533190
  534809
  536036
  536401
  536179
  535792
  535482
  535570
  536191
  537236
  540253
  543961
  541017
  531672
  523281
  517526
  514513
  514058
  515776
  519122
  523400
  528007
  532269
  535861
  538510
  540140
  540565
  540019
  538917
  537569
  536166
  534893
  533985
  533807
  534225
  535104
  536237
  537430
  538665
  539798
  540638
  541099
  543608
  547402
  548084
  546199
  548771
  554092
  557557
  558728
  558417
  555309
  548837
  542085
  535808
  530357
  526065
  522764
  520506
  518967
  518186
  517696
  517447
  517340
  517249
  517057
  516714
  516327
  516100
  516067
  516325
  516926
  517867
  519122
  520643
  525828
  540891
  558760
  571155
  577501
  578198
  573994
  566402
  557034
  547274
  538332
  531188
  526810
  525866
  526194
  515213
  494454
  479793
  474364
  477528
  485694
  496183
  507035
  516823
  524442
  529334
  531464
  531041
  528842
  525394
  521980
  519303
  517896
  518432
  520243
  523156
  526710
  529569
  532140
  534640
  536787
  538453
  539807
  541363
  544080
  547048
  549417
  551487
  554179
  557441
  560921
  564702
  568085
  570400
  571343
  570572
  567846
  563139
  556567
  548858
  540633
  532330
  525340
  520645
  517203
  514447
  513125
  513550
  515586
  518876
  522721
  526458
  530167
  532522
  533764
  533590
  532345
  529684
  526163
  522499
  519494
  517392
  515913
  515621
  516637
  518722
  521635
  525144
  528886
  532368
  535509
  537903
  539371
  540134
  540213
  539695
  538870
  537996
  537303
  536949
  537075
  537892
  539002
  540282
  541380
  542184
  542872
  542364
  540885
  538952
  537001
  534486
  531797
  529643
  527959
  526922
  526820
  527380
  528263
  529557
  531052
  532497
  533756
  535263
  536209
  535960
  534854
  533152
  531326
  529442
  527917
  527024
  526817
  527578
  529109
  531275
  533463
  535620
  537611
  539375
  540832
  541747
  541996
  541576
  540601
  539308
  538030
  536830
  536025
  535666
  535391
  535432
  535892
  536725
  537709
  538421
  538880
  539009
  538725
  537979
  536775
  535222
  533566
  532088
  531684
  531997
  531500
  530631
  530169
  529907
  529767
  529878
  530204
  530969
  531294
  530818
  530232
  529422
  528460
  527625
  526920
  526371
  526137
  526441
  527302
  528555
  529912
  531456
  532910
  534256
  535396
  536198
  536628
  536851
  536893
  536663
  536434
  536351
  536878
  537353
  537850
  538292
  538976
  540040
  541027
  541843
  542357
  542918
  543416
  543574
  543571
  543252
  542632
  541650
  540425
  539156
  538067
  537097
  536423
  536104
  535936
  535777
  535624
  535654
  535561
  535368
  534841
  534005
  533101
  532129
  531025
  529856
  528875
  528147
  527566
  527136
  527050
  527205
  527587
  528164
  528750
  529390
  529973
  530408
  530837
  531286
  531725
  532106
  532660
  533283
  534023
  534790
  535540
  536373
  537151
  537908
  538581
  539318
  540847
  542304
  542470
  541580
  540313
  539064
  537793
  536551
  535612
  535088
  535797
  537266
  537977
  537799
  537653
  537450
  537035
  536374
  535592
  535017
  534499
  534103
  534022
  534194
  534097
  534212
  534465
  534724
  534866
  534951
  535064
  535229
  535223
  535059
  534765
  534600
  534634
  534692
  534641
  534621
  534739
  535054
  535264
  535307
  535368
  536177
  537219
  537827
  537391
  536477
  535634
  534931
  534316
  533863
  533520
  533289
  533188
  533401
  533591
  533822
  534183
  534589
  534857
  535290
  535340
  535484
  535629
  536286
  536484
  535983
  535184
  534273
  533372
  532430
  531622
  531194
  531165
  531661
  532170
  533006
  534005
  534965
  535602
  535957
  536219
  536408
  536644
  536632
  536404
  536041
  536175
  537534
  539245
  540762
  540913
  540321
  539665
  538891
  538294
  537837
  538859
  544003
  556449
  573228
  581963
  576104
  564589
  552729
  541685
  532373
  525284
  520575
  518689
  519292
  521786
  525656
  530216
  535280
  539315
  540695
  539784
  537514
  534155
  530146
  526081
  521850
  518734
  517425
  517632
  518920
  520567
  522965
  525801
  527731
  529359
  530531
  531210
  531228
  530449
  529356
  528486
  528022
  528180
  529301
  531524
  534583
  538133
  542032
  545919
  549723
  553690
  555875
  555677
  554113
  551466
  547962
  544103
  540305
  536919
  534294
  532928
  532614
  533536
  535435
  537952
  540757
  543394
  545361
  546435
  547308
  547911
  546881
  543924
  540189
  536153
  532404
  529849
  529241
  529278
  529163
  529473
  530489
  531642
  532856
  533988
  534794
  535413
  535558
  535153
  534370
  533521
  532600
  531820
  531538
  531647
  532314
  533582
  535205
  536991
  538660
  540011
  541229
  542025
  542128
  541488
  540265
  538763
  537356
  536841
  536838
  536682
  536057
  535681
  535774
  536239
  537001
  537945
  538918
  539659
  540005
  540004
  539573
  538755
  537694
  536582
  535749
  534991
  534235
  533623
  533177
  533314
  534060
  534972
  536054
  537313
  538379
  538946
  539166
  539159
  538805
  538248
  537794
  537548
  537425
  537416
  537752
  538530
  539491
  540391
  541338
  542172
  542878
  543198
  543283
  543140
  542839
  542423
  541664
  540626
  539521
  538476
  537549
  536732
  536127
  535770
  535797
  536177
  536549
  536806
  536805
  536879
  537015
  536998
  536613
  536149
  535746
  535271
  534833
  534583
  534416
  534592
  535218
  535980
  536604
  537370
  538001
  538499
  538702
  538843
  538881
  538649
  538279
  537892
  537530
  537123
  537118
  537463
  537928
  538224
  538483
  539027
  539483
  539686
  539694
  539645
  539418
  539187
  538967
  538869
  538696
  538733
  538909
  539114
  539228
  539400
  539735
  540034
  540301
  540453
  540614
  540837
  541014
  541156
  541144
  540906
  540587
  540347
  539985
  539347
  538919
  538828
  538719
  538790
  538951
  539018
  539151
  539155
  539207
  539038
  539322
  540170
  540709
  540286
  538703
  536857
  535051
  533782
  532997
  532678
  532853
  533610
  534593
  535433
  536630
  538082
  539292
  539033
  531200
  538438
  545504
  535617
  522656
  512153
  505500
  505979
  512042
  529468
  547406
  562611
  573186
  578924
  580128
  577328
  571349
  563450
  554811
  546663
  540017
  535500
  533231
  533220
  535296
  538716
  542726
  546543
  549454
  551003
  551006
  549414
  546120
  541722
  536904
  532149
  528105
  525229
  523901
  524091
  525491
  527645
  530101
  532591
  534413
  535157
  534659
  533010
  530727
  528058
  525329
  522847
  521265
  521082
  522356
  525271
  529628
  534828
  540520
  546156
  551144
  554858
  557026
  557582
  556461
  554032
  550685
  546785
  542894
  539521
  537043
  535627
  535583
  536694
  538712
  541300
  544218
  546879
  548949
  550148
  550208
  549015
  546721
  543668
  540192
  536889
  534155
  532207
  531251
  531426
  532451
  534114
  536074
  537943
  540614
  543940
  544886
  540197
  536290
  534318
  530471
  518443
  513586
  518668
  525656
  533042
  540272
  546902
  552400
  556276
  558203
  558206
  556475
