  492725
  495898
  498697
  500716
  501836
  502420
  503245
  504990
  505952
  505825
  502141
  486346
  453009
  432587
  422294
  421266
  440675
  469204
  499748
  525954
  540680
  536593
  523865
  519392
  511283
  502256
  501495
  502279
  509633
  520939
  531932
  543955
  556518
  567295
  576288
  583050
  586839
  588125
  586971
  583275
  578297
  573002
  567715
  563911
  561800
  561316
  562426
  564818
  567789
  570308
  571805
  571513
  568946
  563980
  557046
  547966
  537130
  526180
  515419
  505137
  496865
  491341
  488228
  487560
  488740
  491014
  495040
  499274
  502542
  504394
  505215
  506022
  505243
  503111
  500867
  499918
  499135
  501459
  505571
  511567
  518901
  523992
  530667
  540134
  548640
  556072
  564565
  580754
  600985
  619099
  634927
  647831
  647882
  625486
  637295
  721637
  842949
  945625
 1011382
 1031450
 1009315
  954781
  878385
  789703
  699054
  615837
  546033
  493046
  458112
  439704
  435752
  442092
  450568
  455811
  455854
  449246
  432126
  404149
  367475
  325147
  280717
  237310
  191774
  132526
   42447
  -50033
  -99861
 -105266
  -77132
  -25130
   42972
  113862
  180050
  232396
  257226
  259888
  267264
  284498
  308541
  343173
  386954
  448618
  527116
  611483
  694391
  770723
  835571
  885370
  917934
  930613
  927179
  911014
  885527
  855417
  825761
  800838
  783842
  776583
  779150
  789325
  803670
  817862
  827158
  827684
  815974
  790137
  749923
  696760
  633985
  565918
  497489
  433660
  379103
  337384
  309932
  296929
  297054
  308017
  326367
  348137
  369740
  388243
  401923
  409880
  411964
  408641
  401803
  396652
  396343
  401633
  412550
  431237
  458035
  490676
  525728
  560383
  591453
  616569
  634816
  644712
  645516
  638499
  625262
  608115
  590416
  574855
  562962
  556110
  554530
  557204
  562565
  568716
  573568
  575126
  571478
  561647
  545611
  524080
  498483
  471021
  444284
  420808
  402868
  391834
  388570
  393125
  404532
  421100
  441054
  462146
  482319
  499834
  513414
  522735
  528260
  530918
  531719
  532377
  534663
  539748
  548677
  561940
  579005
  598986
  620349
  641378
  660048
  674889
  684723
  688859
  687096
  679823
  668240
  653723
  637782
  621973
  607627
  595429
  585723
  578543
  573095
  568348
  563171
  556642
  547781
  535897
  520521
  502065
  481420
  459945
  439042
  420108
  404176
  392271
  384973
  382437
  384208
  389476
  397291
  406353
  415825
  424587
  431914
  437666
  442040
  445430
  448509
  451977
  456923
  464077
  473957
  486483
  501564
  518793
  537285
  555988
  573894
  589979
  603452
  613798
  620908
  624816
  626080
  625312
  623324
  621079
  619179
  617993
  617813
  618631
  620165
  621711
  622687
  622364
  620131
  615566
  608732
  599645
  588539
  576153
  563287
  550525
  538879
  528860
  520624
  514308
  509847
  506925
  505205
  503994
  502791
  501044
  498405
  494821
  490304
  485227
  480001
  475117
  471180
  468485
  467585
  468447
  471089
  475624
  481177
  487288
  493524
  499221
  503954
  507745
  510453
  512026
  512482
  512163
  511554
  511237
  511807
  513240
  515797
  519524
  524388
  529778
  535254
  540502
  545012
  548379
  550884
  552119
  552136
  551348
  550032
  548597
  547554
  547225
  547814
  549480
  552073
  555150
  558545
  562100
  565313
  567717
  569140
  569551
  568941
  567602
  565538
  563217
  560939
  559032
  557683
  556921
  556950
  557446
  557880
  558217
  558238
  557793
  556744
  554802
  551951
  548245
  543934
  539077
  534141
  529285
  524852
  520973
  517706
  515062
  512943
  511402
  509913
  508414
  506832
  505003
  502762
  500070
  497082
  494069
  491286
  489033
  487595
  487270
  487867
  489442
  491740
  494798
  498483
  502462
  506483
  510359
  514095
  517441
  520594
  523346
  525721
  528162
  531006
  534006
  537427
  541184
  545280
  549665
  554213
  558611
  562700
  566324
  569212
  571283
  572742
  573649
  574037
  573912
  573451
  572774
  571986
  571151
  570227
  569396
  568451
  567479
  566375
  564878
  562942
  560426
  557369
  553888
  549792
  545348
  540782
  536430
  532273
  528454
  525146
  522281
  519800
  517562
  515754
  514142
  512577
  511006
  509508
  508053
  506493
  504833
  503175
  501662
  500582
  499826
  499744
  500193
  501191
  502887
  505296
  508015
  510940
  513793
  516621
  519306
  521559
  523634
  525494
  527283
  529125
  531221
  533483
  536007
  538546
  541059
  543542
  546081
  548599
  551236
  553661
  555700
  557202
  558257
  559104
  559505
  559648
  559600
  559580
  559525
  559473
  559485
  559514
  559602
  559598
  559318
  558876
  558324
  557367
  555949
  554152
  552089
  549819
  547324
  544842
  542539
  540414
  538573
  536910
  535454
  534089
  532935
  531885
  530830
  529643
  528229
  526628
  524779
  522869
  521096
  519541
  518349
  517521
  516944
  516562
  516501
  516561
  516773
  517023
  517491
  518053
  518544
  519074
  519569
  520096
  520656
  521401
  522276
  523290
  524503
  525947
  527558
  529429
  531448
  533656
  535714
  537564
  539298
  540866
  542239
  543567
  544774
  546041
  547261
  548372
  549332
  550291
  551333
  552451
  553550
  554607
  555567
  556333
  556826
  557320
  557485
  557411
  557247
  556720
  555859
  554874
  553606
  552266
  550877
  549596
  548508
  547308
  546405
  545398
  544234
  542941
  541547
  540032
  538266
  536358
  534353
  532308
  530293
  528432
  526645
  525078
  523849
  523042
  522463
  522140
  522076
  522131
  522327
  522337
  522300
  522304
  522343
  522367
  522439
  522641
  523098
  523832
  524709
  525651
  526796
  528104
  529426
  530705
  531788
  532852
  534027
  535348
  536592
  537917
  539383
  540842
  542298
  543871
  545446
  546989
  548539
  549980
  551432
  552949
  554209
  555165
  555621
  555784
  555752
  555578
  555152
  554501
  553957
  553466
  553047
  552543
  551945
  551474
  550932
  550143
  549069
  547869
  546841
  545635
  544307
  542919
  541548
  540135
  538613
  537271
  536051
  534860
  533853
  532966
  532068
  531218
  530486
  529794
  529256
  528668
  528168
  527881
  527537
  527302
  527282
  527274
  527438
  527485
  527761
  528476
  529368
  530206
  531119
  531915
  532857
  533738
  534584
  535103
  535405
  536223
  537478
  539736
  542365
  544086
  544618
  544060
  543312
  543707
  545019
  546357
  547563
  548523
  549232
  549625
  549614
  549418
  549046
  548673
  548316
  548031
  547861
  547777
  547798
  547831
  547880
  547879
  547619
  547486
  547204
  546816
  546322
  545780
  545220
  544611
  543989
  543343
  542628
  541935
  541189
  540486
  539806
  539283
  538803
  538307
  537730
  537160
  536517
  535972
  535427
  534771
  534143
  533593
  533260
  532991
  532998
  533045
  533137
  533146
  532664
  532399
  532292
  531489
  530904
  530747
  530446
  529565
  529685
  530904
  531781
  532326
  533759
  535346
  536938
  538644
  539936
  541158
  542269
  543157
  543998
  544845
  545698
  546553
  547878
  549219
  550400
  551519
  552389
  553014
  553512
  553718
  553822
  553987
  554098
  553935
  553751
  553516
  553329
  553100
  552824
  552476
  551965
  551371
  550680
  549763
  548773
  547689
  546496
  545390
  544224
  543110
  542031
  541008
  540203
  539402
  538802
  538345
  537858
  537472
  537113
  536758
  536402
  536023
  535734
  535513
  535105
  534660
  534343
  534122
  534032
  534067
  534153
  534314
  534777
  535412
  536145
  537006
  538001
  539434
  540802
  541949
  542870
  543704
  544339
  544760
  545092
  545278
  545454
  545699
  546040
  546488
  546830
  547202
  547693
  548030
  548250
  548278
  548217
  548163
  548090
  547993
  547862
  547942
  548055
  547916
  547784
  547662
  547657
  547787
  547899
  547745
  547447
  547283
  547060
  546689
  546178
  545790
  545410
  545097
  544890
  544600
  544313
  544181
  544344
  544503
  544633
  544683
  544768
  544694
  544602
  544194
  543741
  543396
  543025
  542492
  541929
  541610
  541452
  541407
  541242
  540982
  540626
  540292
  540160
  540288
  540538
  540758
  541086
  541272
  541367
  541482
  541697
  541813
  542051
  542129
  541999
  541898
  541862
  541859
  541888
  541966
  542174
  542607
  543174
  543663
  544143
  544927
  545762
  546674
  547446
  548008
  548583
  549172
  549563
  549945
  550426
  550761
  551087
  551303
  551588
  551788
  551853
  551938
  552020
  551991
  551812
  551454
  551026
  550554
  550070
  549498
  548942
  548362
  547845
  547229
  546617
  546123
  545770
  545582
  545230
  544599
  543945
  543189
  542473
  541813
  541090
  540342
  539858
  539616
  539477
  539465
  539601
  539830
  540198
  540542
  540875
  541261
  541620
  541853
  542036
  542181
  542337
  542563
  542995
  543450
  544012
  544684
  545414
  546232
  547051
  547925
  548712
  549362
  549952
  550438
  550690
  550770
  550718
  550559
  550406
  550400
  550457
  550501
  550605
  550700
  550779
  550876
  551208
  551346
  550967
  550499
  549945
  549115
  548235
  547636
  547077
  546585
  546062
  546021
  546391
  546931
  547487
  547949
  548883
  549710
  549890
  550244
  551339
  552581
  554475
  555844
  557989
  562617
  569608
  576800
  579982
  577226
  566543
  555184
  547424
  539355
  535486
  536171
  535809
  538100
  551937
  580657
  618795
  652800
  679890
  696586
  697775
  683960
  659477
  628352
  595268
  564192
  538317
  519719
  509361
  506696
  509782
  515580
  519524
  512117
  485070
  448100
  422801
  414668
  414469
  413364
  408783
  404769
  408508
  419712
  433398
  448211
  463006
  476562
  488124
  497249
  503730
  508070
  510786
  512985
  515876
  520577
  527830
  538136
  551518
  567786
  586282
  606214
  626404
  645550
  662180
  675132
  683533
  686787
  684784
  677983
  667292
  653810
  638709
  623022
  607755
  593784
  581734
  571841
  563903
  557531
  552579
  548322
  543987
  539010
  532191
  522682
  511597
  502242
  495962
  492584
  492094
  492652
  490800
  485125
  478109
  473331
  472669
  475705
  481367
  488973
  499308
  510301
  519847
  527505
  533496
  539272
  544905
  550398
  555960
  561733
  567604
  573799
  580189
  586385
  591947
  596587
  599905
  601777
  601867
  599929
  596268
  591240
  585203
  578751
  572466
  566616
  561391
  557232
  553988
  551561
  549761
  548361
  546829
  544709
  541940
  538976
  535515
  531464
  526862
  522035
  517512
  513738
  511157
  510067
  510711
  513139
  517105
  522229
  528333
  534718
  541282
  547574
  553085
  557438
  560757
  563194
  565027
  566517
  567861
  569355
  571192
  573249
  575836
  578872
  581804
  584289
  585950
  586697
  586446
  584985
  582249
  578062
  573438
  568982
  564905
  561439
  558236
  554846
  551465
  548434
  545933
  543964
  541927
  539244
  536008
  532596
  529058
  525716
  522584
  519943
  517923
  516410
  515763
  515966
  517067
  519000
  521362
  524131
  527182
  530452
  533976
  537453
  540755
  543737
  546289
  548540
  550374
  552311
  554441
  556439
  558316
  560631
  563703
  566960
  570044
  572857
  575324
  577138
  578130
  578524
  578209
  577230
  575830
  574100
  572098
  570157
  568263
  566488
  564989
  563359
  561817
  560330
  558623
  556777
  554919
  552870
  550725
  548635
  546599
  544637
  542942
  541598
  540527
  539685
  539132
  538978
  539099
  539511
  540230
  540912
  541429
  541772
  541933
  542037
  542055
  541975
  542080
  542407
  542994
  543639
  544467
  545458
  546656
  548164
  549728
  551364
  552981
  554296
  555231
  555832
  556097
  556091
  555913
  555526
  555108
  554759
  554490
  554283
  554274
  554450
  554668
  554827
  555162
  555444
  555644
  555728
  555680
  555510
  555333
  555109
  555026
  554984
  555174
  555635
  556219
  556785
  557317
  558060
  558714
  559083
  559245
  559210
  559106
  558778
  558247
  557582
  556937
  556583
  556505
  556277
  555845
  555527
  555331
  555078
  554817
  554479
  554093
  553754
  553230
  552649
  551934
  551189
  550396
  549767
  549155
  548510
  547841
  547389
  546966
  546642
  546430
  546178
  545961
  545917
  545831
  545900
  546067
  546147
  546389
  546712
  547152
  547688
  548407
  549124
  549767
  550569
  551488
  552590
  553785
  554853
  555870
  556791
  557617
  558274
  558717
  559255
  559858
  560318
  560706
  561084
  561312
  561565
  561751
  561860
  561871
  562082
  562271
  562230
  562196
  562197
  561951
  561513
  561058
  560478
  559651
  558866
  558117
  557204
  556397
  555580
  554743
  553848
  553053
  552346
  551733
  551288
  550995
  550853
  550761
  550598
  550414
  550127
  549855
  549590
  549227
  548933
  548838
  548774
  548811
  548983
  549189
  549487
  549834
  550518
  551198
  551655
  552034
  552432
  552717
  553139
  553770
  554321
  554681
  554881
  555238
  555566
  555859
  556265
  556628
  556780
  556791
  556749
  556787
  556893
  556961
  557144
  557295
  557495
  557572
  557473
  557405
  557354
  557453
  557650
  557920
  558228
  558455
  558799
  558994
  559039
  558969
  558853
  558643
  558372
  557948
  557560
  557256
  556887
  556449
