 -130796
 -134057
 -136915
 -139269
 -141163
 -142413
 -143052
 -143137
 -142682
 -141484
 -139648
 -137249
 -134366
 -131113
 -127550
 -123695
 -119542
 -115093
 -110321
 -105286
 -100028
  -94620
  -89078
  -83369
  -77653
  -71901
  -66248
  -60760
  -55220
  -49831
  -44808
  -39952
  -35738
  -32674
  -29675
  -26492
  -23258
  -20061
  -17057
  -14340
  -12122
  -10594
   -9861
   -9946
  -10740
  -12191
  -14251
  -16941
  -20167
  -23718
  -27533
  -31531
  -35658
  -39855
  -44194
  -48755
  -53455
  -58134
  -62761
  -67506
  -72362
  -77220
  -82147
  -86905
  -91532
  -95934
 -100060
 -104028
 -107889
 -111559
 -114912
 -117872
 -120456
 -122703
 -124728
 -126532
 -127928
 -128924
 -129593
 -129884
 -129653
 -128775
 -127217
 -125606
 -124160
 -122177
 -119291
 -115884
 -111990
 -107608
 -102523
  -96575
  -90283
  -84345
  -79130
  -74630
  -70674
  -67226
  -64175
  -61318
  -58596
  -55824
  -52876
  -49613
  -46145
  -42676
  -39173
  -35731
  -32641
  -29822
  -27533
  -25714
  -24406
  -23722
  -23730
  -24261
  -25341
  -26843
  -28521
  -30426
  -32527
  -34916
  -37452
  -40256
  -43239
  -46398
  -49761
  -53485
  -57579
  -61871
  -66306
  -70611
  -74763
  -78913
  -82792
  -86392
  -89755
  -92872
  -95898
  -98782
 -101411
 -103961
 -106323
 -108712
 -111391
 -114482
 -117549
 -119622
 -120117
 -118891
 -116145
 -112441
 -108553
 -104792
 -101243
  -98291
  -96363
  -95587
  -94887
  -93922
  -93258
  -92548
  -91258
  -89160
  -86358
  -83089
  -79464
  -75619
  -71657
  -67771
  -64263
  -60485
  -57233
  -54963
  -52372
  -51461
  -52315
  -56666
  -61013
  -63524
  -63799
  -61771
  -57692
  -52097
  -45741
  -39487
  -34283
  -30504
  -28311
  -28030
  -29758
  -33210
  -38226
  -43883
  -49466
  -54435
  -58368
  -61217
  -62963
  -63753
  -63867
  -63771
  -63796
  -64351
  -65577
  -67650
  -70868
  -75320
  -80567
  -86006
  -91218
  -96065
 -100255
 -103509
 -105705
 -106682
 -106784
 -106203
 -105316
 -104612
 -104239
 -104384
 -105308
 -106927
 -108894
 -110969
 -112789
 -113866
 -114062
 -113154
 -110892
 -107293
 -102613
  -97284
  -91520
  -85687
  -80161
  -75228
  -71135
  -67944
  -65784
  -64312
  -63049
  -62025
  -60944
  -59400
  -53980
  -42372
  -34689
  -34089
  -37206
  -41773
  -46349
  -50154
  -52643
  -53632
  -53078
  -51128
  -48014
  -44246
  -40448
  -37075
  -34425
  -32843
  -32631
  -33922
  -36433
  -40040
  -44460
  -49278
  -54105
  -58702
  -62807
  -66368
  -69413
  -72216
  -74863
  -77451
  -80091
  -82922
  -86004
  -89131
  -92253
  -95355
  -98100
 -100422
 -102237
 -103371
 -103717
 -103276
 -102164
 -100591
  -98926
  -97321
  -96020
  -95284
  -95079
  -95453
  -96505
  -97874
  -99098
 -100127
 -100598
 -100251
  -99005
  -96849
  -93793
  -90019
  -85823
  -81467
  -77223
  -73256
  -69875
  -66968
  -64797
  -63416
  -62525
  -61937
  -61342
  -60603
  -59632
  -58371
  -56670
  -54652
  -52561
  -50402
  -48356
  -46547
  -45115
  -44260
  -44024
  -44414
  -45283
  -46475
  -47938
  -49389
  -50757
  -52075
  -53298
  -54414
  -55241
  -56012
  -56811
  -57714
  -58975
  -60296
  -61948
  -65292
  -70470
  -75529
  -76400
  -70047
  -63932
  -61554
  -63319
  -69096
  -78091
  -89378
 -101834
 -114264
 -125454
 -134547
 -140878
 -144010
 -143989
 -141323
 -136652
 -130597
 -123794
 -117030
 -110871
 -105807
 -101831
  -99042
  -97278
  -95815
  -93999
  -91591
  -88223
  -83576
  -77724
  -70974
  -63622
  -56068
  -48883
  -42542
  -37346
  -33367
  -30580
  -28815
  -27700
  -26742
  -25571
  -23855
  -21449
  -18120
  -14126
   -9674
   -5096
   -1047
    1848
    3266
    2866
     359
   -4352
  -11019
  -19303
  -28704
  -38530
  -48279
  -57550
  -65958
  -73187
  -79204
  -84035
  -87871
  -91044
  -93966
  -97055
 -100647
 -104857
 -109765
 -115239
 -121047
 -127002
 -132581
 -137482
 -141511
 -144353
 -145649
 -145347
 -143691
 -140921
 -137377
 -133319
 -129022
 -124681
 -120451
 -116446
 -112643
 -109074
 -105462
 -101586
  -97172
  -91971
  -86149
  -79789
  -72926
  -65688
  -58239
  -51017
  -44264
  -38227
  -33116
  -29040
  -25782
  -23573
  -22339
  -21766
  -21548
  -21547
  -21502
  -21208
  -20696
  -20115
  -19619
  -19264
  -19248
  -19879
  -21275
  -23514
  -26665
  -30729
  -35584
  -40970
  -46575
  -52356
  -57999
  -63058
  -67661
  -71682
  -75046
  -77852
  -80435
  -83006
  -85718
  -88612
  -91805
  -95263
  -98887
 -102517
 -106078
 -109393
 -112175
 -114281
 -115641
 -116264
 -116139
 -115409
 -114193
 -112600
 -110956
 -109367
 -107847
 -106547
 -105494
 -104509
 -103490
 -102496
 -101416
 -100032
  -98182
  -95762
  -92805
  -89475
  -85886
  -82071
  -78188
  -74305
  -71085
  -70786
  -68987
  -65458
  -61952
  -58535
  -54951
  -51214
  -47605
  -44454
  -41784
  -39671
  -37925
  -36535
  -35471
  -34794
  -34375
  -34275
  -34543
  -35220
  -36250
  -37420
  -38611
  -39720
  -38741
  -36205
  -35352
  -36536
  -39633
  -44392
  -50440
  -57355
  -64645
  -71805
  -78393
  -84167
  -88790
  -92297
  -94733
  -96311
  -97346
  -98103
  -98809
  -99669
 -100819
 -102471
 -104606
 -106922
 -108985
 -110764
 -111998
 -112479
 -112264
 -111164
 -109222
 -106697
 -103761
 -100567
  -97186
  -94012
  -91132
  -88588
  -86339
  -84217
  -81947
  -79482
  -76645
  -73416
  -69670
  -65369
  -60637
  -55702
  -50916
  -46292
  -42044
  -38390
  -35580
  -33779
  -32859
  -32854
  -33619
  -35007
  -36813
  -38782
  -40670
  -42391
  -43660
  -44595
  -45220
  -45505
  -45888
  -46529
  -47764
  -49504
  -51687
  -54689
  -58310
  -62476
  -66964
  -71374
  -75510
  -79439
  -82995
  -86113
  -98381
 -195936
 -319670
 -387765
 -395932
 -348683
 -255962
 -131031
   10849
  153878
  283295
  386698
  455189
  484646
  475429
  432578
  364576
  282320
  197044
  118521
   54074
    7587
  -20023
  -30967
  -29654
  -22072
  -14762
  -13864
  -24577
  -50079
  -90937
 -145241
 -208612
 -275041
 -338279
 -392798
 -434323
 -461204
 -474101
 -475753
 -470589
 -463836
 -460592
 -465420
 -481783
 -510875
 -551839
 -601450
 -654542
 -704425
 -743927
 -766526
 -767099
 -742495
 -692352
 -618871
 -526570
 -421591
 -310858
 -201619
 -100483
  -12827
   58191
  111540
  148598
  172687
  188434
  201407
  217209
  239975
  272513
  315650
  368292
  427724
  489715
  549409
  601566
  641594
  666146
  673304
  662776
  635867
  595645
  545988
  491213
  435482
  382071
  333178
  289569
  250733
  214957
  179682
  142119
   99505
   49641
   -8571
  -75004
 -148398
 -226299
 -305426
 -381728
 -451427
 -511046
 -558291
 -592136
 -612683
 -621423
 -620801
 -613817
 -603700
 -593583
 -585587
 -580971
 -580153
 -582166
 -585108
 -586496
 -583545
 -573467
 -554261
 -524801
 -484657
 -434549
 -376392
 -312803
 -246914
 -181834
 -120410
  -64856
  -16755
   23569
   56548
   83433
  106308
  127285
  148461
  171464
  197104
  225507
  256076
  287433
  317718
  344874
  366811
  381683
  388432
  386668
  376776
  359789
  337179
  310912
  283344
  256142
  230953
  208556
  189022
  171850
  155953
  140052
  122627
  102261
   77809
   48766
   15214
  -22274
  -62347
 -103528
 -144032
 -182132
 -216298
 -245315
 -268749
 -286808
 -299882
 -309071
 -315845
 -321699
 -327736
 -334812
 -343662
 -354264
 -365882
 -377725
 -388681
 -397120
 -402055
 -402343
 -397340
 -386989
 -371658
 -352142
 -329515
 -304975
 -279893
 -255366
 -232172
 -210942
 -191681
 -173903
 -156930
 -139910
 -122120
 -102603
  -80872
  -56697
  -30116
   -1676
   27940
   57619
   86132
  112487
  135768
  155411
  171044
  182711
  190819
  196044
  199195
  201052
  202325
  203382
  204602
  205772
  206528
  206301
  204372
  200027
  192697
  181854
  167249
  148930
  127220
  102726
   76232
   48725
   21112
   -5855
  -31630
  -55855
  -78634
  -99945
 -120143
 -139676
 -158989
 -178467
 -198618
 -219500
 -240679
 -261761
 -282197
 -301316
 -318257
 -332489
 -343415
 -350825
 -354509
 -354732
 -351918
 -346343
 -338616
 -329256
 -318768
 -307487
 -295631
 -283488
 -270821
 -257207
 -242451
 -226182
 -208061
 -187935
 -165848
 -141988
 -116804
  -90612
  -63938
  -37675
  -12379
   11498
   33354
   53109
   70746
   86376
  100290
  112639
  123644
  133512
  142608
  151040
  158774
  165414
  170687
  174279
  175540
  174247
  170246
  163454
  154070
  142411
  128617
  113113
   96200
   78496
   60450
   42280
   24480
    7035
  -10409
  -28092
  -46070
  -64615
  -83880
 -103609
 -123506
 -143246
 -162487
 -181030
 -198692
 -215123
 -229613
 -241983
 -252573
 -261052
 -267432
 -271952
 -274704
 -276080
 -276254
 -275316
 -273376
 -270544
 -266686
 -261679
 -255461
 -247790
 -238544
 -227634
 -215180
 -201262
 -186138
 -169930
 -152883
 -135349
 -117677
 -100182
  -82997
  -66291
  -50219
  -34798
  -20079
   -5988
    7501
   20568
   33203
   45324
   56958
   67911
   77929
   86803
   94347
  100382
  105014
  108086
  109259
  108500
  105927
  101345
   95163
   87992
   80094
   71699
   62881
   53674
   44001
   33946
   23323
   12066
     167
  -12597
  -26163
  -40461
  -55366
  -70633
  -85976
 -101124
 -115630
 -129318
 -142097
 -153759
 -164284
 -173755
 -182467
 -190503
 -197777
 -204153
 -209739
 -214629
 -218583
 -221553
 -223428
 -224111
 -223519
 -221609
 -218388
 -213635
 -207440
 -200093
 -191656
 -182426
 -172526
 -162108
 -151345
 -140467
 -129741
 -118934
 -107891
  -96693
  -85332
  -73624
  -61601
  -49421
  -37291
  -25324
  -13448
   -2015
    8757
   18832
   28026
   35867
   42419
   47800
   52065
   55285
   57154
   58021
   58133
   57483
   56170
   54213
   51635
   48534
   44670
   39974
   34385
   27812
   20612
   12495
    3480
   -6314
  -16655
  -27407
  -38388
  -49263
  -60068
  -71070
  -82001
  -92789
 -103178
 -112977
 -122213
 -131021
 -139558
 -147556
 -154832
 -161560
 -167627
 -173032
 -177646
 -181395
 -184200
 -185966
 -186602
 -186271
 -185063
 -183025
 -180137
 -176389
 -171919
 -166891
 -161321
 -155224
 -148467
 -141266
 -133727
 -125678
 -117279
 -108535
  -99324
  -89845
  -80207
  -70470
  -60637
  -50883
  -41433
  -32292
  -23617
  -15650
   -8389
   -1784
    4135
    9397
   13954
   17832
   21140
   23855
   26047
   27678
   28687
   28862
   28362
   27167
   25136
   22252
   18462
   13892
    8751
    2987
   -3215
   -9795
  -16731
  -23772
  -30946
  -38365
  -46001
  -53724
  -61650
  -69772
  -77855
  -85876
  -93806
 -101653
 -109490
 -117040
 -124076
 -130490
 -136408
 -141643
 -145923
 -149071
 -151712
 -154146
 -156057
 -157408
 -158095
 -158044
 -157453
 -156408
 -154703
 -152200
 -149067
 -145355
 -140846
 -135742
 -130135
 -124101
 -117666
 -110842
 -103925
  -96834
  -89624
  -82292
  -74981
  -67757
  -60654
  -53566
  -46798
  -40615
  -34572
  -28685
  -23253
  -18325
  -13746
   -9664
   -6116
   -3115
    -741
    1175
    2574
    3475
    3883
    3749
    3041
    1759
     -85
   -2414
   -5235
   -8556
  -12363
  -16614
  -21024
  -25765
  -31108
  -36885
  -42945
  -49258
  -55661
  -62068
  -68578
  -74936
  -81135
  -87112
  -92957
  -98601
 -103868
 -108818
 -113462
 -117758
 -121540
 -124886
 -127810
 -130245
 -132249
 -133886
 -135177
 -136108
 -136615
 -136548
 -135980
 -134775
 -132774
 -130332
 -127782
 -125180
 -122298
 -118966
 -115214
 -111109
 -106695
 -101987
  -96760
  -90974
  -84935
  -78840
  -72763
  -66637
  -60664
  -54883
  -49207
  -43974
  -39436
  -35549
  -32037
  -28869
  -25944
  -23222
  -20784
  -18668
  -16735
  -15010
  -13545
  -12462
  -11760
  -11541
  -11875
  -12766
  -14381
  -16627
  -19383
  -22638
  -26195
  -29940
  -33797
  -37717
  -41707
  -46120
  -50502
  -54918
  -59685
  -65015
  -70542
  -76094
  -81424
  -86153
  -90482
  -94737
  -98964
 -103092
 -107035
 -110602
 -113543
 -115790
 -117326
 -117654
 -117239
 -118897
 -122637
 -125543
 -126725
 -126123
 -123924
 -120209
 -115272
 -109616
 -103658
  -97966
  -92854
  -88364
  -84638
  -81792
  -79611
  -77877
  -76380
  -74828
  -73026
  -71034
  -68664
  -65898
  -62783
  -59555
  -56345
  -53174
  -50259
  -47748
  -45661
  -43188
  -40452
  -39221
  -39458
  -38462
  -36653
  -35898
  -36347
  -37784
  -40673
  -45068
  -49602
  -53890
  -57609
  -60629
  -63059
  -64793
  -66039
  -66833
  -67400
  -67845
  -68272
  -68847
  -69614
  -70620
  -71798
  -72864
  -73798
  -74594
  -75295
  -75790
  -76085
  -76239
  -75264
  -70857
  -65702
  -63415
  -64406
  -68400
  -74959
  -83091
  -91807
 -100098
 -107033
 -111978
 -114348
 -113901
 -111417
 -111498
 -114179
 -113453
 -108110
  -98541
  -86635
  -73968
  -61850
  -51210
  -42723
  -36756
  -33394
  -32542
  -33639
  -36167
  -39238
  -42220
  -44561
  -45960
  -46749
  -46904
  -46652
  -46678
  -46889
  -47288
  -48163
  -49576
  -51374
  -53320
  -54808
  -56160
  -57552
  -58831
  -59621
  -59987
  -60101
  -59962
  -59972
  -60707
  -62479
  -65406
  -69492
  -74671
  -81033
  -88013
  -95124
 -102016
 -107993
 -112331
 -115343
 -117163
 -117408
 -116047
 -113314
 -109455
 -105029
 -100626
  -96301
  -92605
  -89616
  -87541
  -86221
  -85751
  -85784
  -85755
  -85345
  -84296
  -82666
  -80183
  -76795
  -72738
  -68039
  -62990
  -57898
  -53085
  -48742
  -45133
  -42374
  -40453
  -39171
  -38535
  -38429
  -38621
  -38841
  -38932
  -38736
  -38219
  -37668
  -37250
  -37202
  -37654
  -38437
  -40019
  -42463
  -45580
  -49040
  -52770
  -56582
  -60139
  -63495
  -66480
  -68904
  -70777
  -72204
  -73221
  -74109
  -75076
  -76162
  -77212
  -78586
  -80662
  -83215
  -86151
  -89097
  -91841
  -94179
  -95978
  -97169
  -97571
  -97100
  -95996
  -94584
  -92928
  -91266
  -89656
  -88185
  -86992
  -86000
  -85245
  -84697
  -84161
  -83473
  -82667
  -81565
  -80032
  -78277
  -76216
  -73907
  -71357
  -68667
  -66058
  -63615
  -61487
  -59771
  -58481
  -57554
  -56909
  -56511
  -56086
  -55260
  -54240
  -53624
  -53239
  -52692
  -52080
  -51533
  -50992
  -50586
  -50171
  -50114
  -50731
  -51729
  -53016
  -54479
  -56011
  -57590
  -59214
  -60824
  -62272
  -63274
  -63964
  -64656
  -65244
  -65935
  -66838
  -67994
  -69300
  -70864
  -72505
  -74185
  -75993
  -77759
  -79377
  -80649
  -81677
  -82547
  -83354
  -83889
  -84008
  -84026
  -83963
  -83812
  -83474
  -83066
  -82700
  -82364
  -82156
  -81996
  -81839
  -81646
  -81251
  -80739
  -80178
  -79327
  -78192
  -76864
  -75503
  -74028
  -72381
  -70885
  -69538
  -68506
  -67674
  -66872
  -66103
  -65477
  -64989
  -64468
  -63822
  -63181
  -62586
  -61877
  -61165
  -60403
  -59604
  -58889
  -58293
  -57885
  -57664
  -57488
  -57462
  -57570
  -57785
  -58080
  -58356
  -58548
  -58865
  -59327
  -59793
  -60156
  -60528
  -61079
  -61823
  -62333
  -62820
  -63807
  -65370
  -67263
  -69221
  -71202
  -73057
  -74709
  -76102
  -76866
  -77144
  -77576
  -78204
  -78835
  -79487
  -80133
  -80752
  -81320
  -81799
  -82224
  -82510
  -82401
  -82079
  -81722
  -81156
  -80461
  -79674
  -78849
  -77898
  -76915
  -75937
  -75008
  -74176
  -73542
  -72816
  -71953
  -71029
  -70174
  -69363
  -68515
  -67541
  -66573
  -65583
  -64710
  -63713
  -62725
  -61969
  -61686
  -61656
  -61619
  -61522
  -61411
  -61268
  -61109
  -60876
  -60740
  -60551
  -60376
  -60262
  -60154
  -60129
  -60234
  -60309
  -60572
  -60999
  -61495
  -61943
  -62730
  -63934
  -65458
  -67137
  -68768
  -70379
  -71810
  -73027
  -73896
  -74404
  -74817
  -74958
  -75025
  -75146
  -75471
  -75923
  -76417
  -77007
  -77484
  -77912
  -78422
  -78895
  -79006
  -78449
  -77741
  -77095
  -76976
  -77156
  -77283
  -77367
  -77208
  -76797
  -75817
  -73419
  -68654
  -62418
  -59664
  -62979
  -68959
  -75235
  -81018
  -85445
  -88093
  -88876
  -87681
  -84710
  -80352
  -75159
  -69658
  -64230
  -59739
  -56994
  -55793
  -55777
  -56814
  -58492
  -60371
  -62433
  -63971
  -64430
  -63843
  -62498
  -60803
  -58717
  -56422
  -54649
  -53225
  -52399
  -52249
  -52676
  -53744
  -55314
  -57015
  -58578
  -59848
  -60472
  -60330
  -59626
  -58540
  -57290
  -56055
  -55071
  -54338
  -54675
  -56471
  -59233
  -62826
  -67049
  -71565
  -75933
  -79849
  -83194
  -85746
  -87406
  -87986
  -87679
  -86724
  -85360
  -83957
  -82805
  -82192
  -81943
  -82099
  -83084
  -84969
  -87247
  -89463
  -91311
  -92372
  -92206
  -91265
  -89879
  -87928
  -85346
  -82531
  -79645
  -76847
  -74265
  -71902
  -69980
  -68516
  -67380
  -66254
  -65143
  -63956
  -62577
  -61009
  -59118
  -56983
  -54704
  -52478
  -50350
  -48463
  -47053
  -46152
  -45777
  -46029
  -46912
  -48234
  -49752
  -51082
  -52134
  -53195
  -54382
  -55373
  -56025
  -56539
  -57017
  -57393
  -57793
  -58452
  -59411
  -60775
  -62662
  -64893
  -67449
  -70118
  -72631
  -75019
  -77316
  -79355
  -81088
  -82262
  -82924
  -83486
  -83745
  -83650
  -83522
  -83556
  -83729
  -84017
  -84418
  -84756
  -85016
  -85056
  -84800
  -84265
  -83406
  -82148
  -80664
  -79141
  -77311
  -75404
  -73671
  -72165
  -70820
  -69553
  -68337
  -67373
  -66785
  -66313
  -65785
  -65278
  -64703
  -64043
  -63321
  -62445
  -61421
  -60396
  -59548
  -58897
  -58525
  -58263
  -58119
  -58197
  -58539
  -59059
  -59526
  -60041
  -60679
  -61289
  -61866
  -62296
  -62496
  -62667
  -63016
  -63368
  -63832
  -64280
  -64857
  -65522
  -66318
  -67245
  -68346
  -69377
  -70225
  -71014
  -71722
  -72359
  -72861
  -73320
  -73709
  -73891
  -74127
  -74440
  -74763
  -75136
  -75609
  -75952
  -76256
  -76450
  -76532
  -76519
  -76429
  -76144
  -75748
  -75185
  -74524
  -73825
  -73009
  -72191
  -71457
  -70789
  -70239
  -69693
  -69160
  -68740
  -68333
  -67809
  -67372
  -67118
  -66872
  -66516
  -65974
  -65347
  -64808
  -64451
  -64080
  -63750
  -63482
  -63433
  -63371
  -63212
  -63240
  -63699
  -64529
  -65423
  -66393
  -67143
  -67595
  -67788
  -67668
  -67182
  -66543
  -65973
  -65312
  -64637
  -64109
  -64245
  -67413
  -65518
  -63021
  -67316
  -72768
  -76970
  -79327
  -78210
  -74561
  -66183
  -57731
  -51020
  -47028
  -45986
  -47875
  -52364
  -58812
  -66363
  -74046
  -81032
  -86673
  -90481
  -92248
  -91977
  -90041
  -86993
  -83312
  -79555
  -76344
  -74013
  -72756
  -72705
  -73836
  -75718
  -77980
  -80071
  -81515
  -81928
  -81109
  -79140
  -76331
  -72970
  -69344
  -65784
  -62792
  -60707
  -59609
  -59539
  -60185
  -61219
  -62391
  -63521
  -63973
  -63445
  -61959
  -59363
  -55867
  -51915
  -47805
  -43926
  -40703
  -38471
  -37569
  -38026
  -39815
  -42699
  -46489
  -50857
  -55301
  -59366
  -62847
  -65475
  -67063
  -67808
  -67844
  -67367
  -66683
  -66306
  -66426
  -67197
  -68766
  -71162
  -74334
  -78043
  -81895
  -85552
  -88673
  -90987
  -92409
  -92895
  -92581
  -91587
  -90164
  -88635
  -86748
  -84609
  -83445
  -84472
  -85542
  -85845
  -86632
  -89998
  -90571
  -86583
  -81253
  -75531
  -69851
  -64504
  -59900
  -56372
  -54296
  -53506
  -53992
