    4185
   17662
   29207
   37738
   42440
   42882
   38990
   31161
   20173
    7069
   -6747
  -17546
  -23302
  -29093
  -30331
  -31850
  -33038
  -30890
  -25733
  -18308
   -9441
     -13
    9063
   16756
   22013
   25058
   25713
   23804
   19535
   13327
    5720
   -2554
  -10648
  -17754
  -23215
  -26508
  -27373
  -25761
  -21728
  -15689
   -8252
    -135
    7902
   15098
   20764
   24374
   25552
   24168
   20383
   14554
    7225
    -936
   -9154
  -16625
  -22678
  -26788
  -28592
  -27910
  -24803
  -19665
  -12950
   -5294
    2550
    9877
   15979
   21033
   25854
   27903
   26467
   22018
   15112
    6459
   -3617
  -15135
  -25551
  -33472
  -38303
  -39660
  -37438
  -31849
  -23384
  -12840
   -1267
   10278
   20723
   29078
   34533
   36581
   35121
   30315
   22589
   12705
    1960
   -9089
  -20658
  -32596
  -40561
  -42335
  -39736
  -34190
  -25247
  -13976
   -1737
   10467
   21454
   30103
   35603
   37442
   35477
   29897
   21238
   10322
   -1700
  -13621
  -24447
  -33212
  -39094
  -41590
  -40440
  -35792
  -28029
  -17871
   -6333
    5557
   16639
   25848
   32252
   35286
   34850
   30978
   24016
   14639
    3828
   -7370
  -17891
  -26739
  -33086
  -36328
  -36144
  -32577
  -26020
  -17123
   -6685
     273
   -1501
    6578
   29227
   47181
   63041
   71215
   70407
   57393
   33077
    6135
  -20995
  -46137
  -67095
  -81894
  -89115
  -88209
  -79215
  -63037
  -41271
  -15943
   10487
   35473
   56659
   72128
   80543
   81260
   74398
   60382
   40396
   16486
   -9062
  -33707
  -55167
  -71527
  -81381
  -83278
  -68657
  -40108
  -12679
    8241
   31021
   47356
   53366
   55081
   51313
   35049
   11729
   -7512
  -18540
  -27097
  -34002
  -38078
  -38758
  -35922
  -29842
  -21215
  -10821
     386
   11302
   20942
   28371
   32857
   33969
   31650
   26163
   17998
    7884
   -3221
  -15612
  -31538
  -44847
  -52846
  -55819
  -56523
  -46447
  -29199
  -10490
    8535
   26311
   41278
   52019
   57481
   57178
   51285
   40443
   25615
    8230
   -9854
  -26796
  -41114
  -51622
  -57449
  -58043
  -53280
  -43572
  -29902
  -13610
    3699
   20378
   34933
   46015
   52617
   54089
   50305
   41657
   28979
   13407
   -3597
  -20373
  -35297
  -47102
  -54686
  -57236
  -54637
  -47208
  -35634
  -21019
   -4723
   11693
   26888
   39205
   47202
   50251
   48380
   41879
   31219
   17351
    1679
  -14212
  -28767
  -40654
  -48808
  -52496
  -51395
  -45530
  -35529
  -22416
   -7398
    8112
   22673
   34953
   43781
   48242
   48015
   43212
   34296
   22002
    7510
   -7759
  -22285
  -34670
  -43807
  -48895
  -49442
  -45454
  -37407
  -25797
  -10285
    4912
   18245
   29894
   38729
   43642
   44034
   40005
   32122
   21038
    7714
   -6545
  -20329
  -32295
  -41380
  -46847
  -48133
  -45042
  -37970
  -27608
  -14938
   -1168
   12362
   24440
   33913
   39846
   41766
   39664
   33702
   24397
   12637
    -397
  -13425
  -25233
  -34629
  -40696
  -43032
  -41426
  -36051
  -27527
  -16702
   -4381
   14058
   44222
   68473
   82965
   88143
   84081
   71420
   51459
   26163
   -2022
  -30429
  -56351
  -77313
  -91349
  -97137
  -94154
  -82696
  -63858
  -39483
  -11877
   16339
   42543
   64281
   79538
   86927
   85808
   76339
   59509
   36949
   10855
  -16250
  -41799
  -63348
  -78860
  -86884
  -86678
  -78262
  -62651
  -45244
  -29475
  -10611
    9855
   29540
   46424
   58858
   65701
   66308
   60569
   48984
   32658
   13171
   -7593
  -27704
  -45323
  -58751
  -66720
  -68559
  -64149
  -53960
  -39015
  -20754
    -958
   18487
   35699
   49002
   57209
   58607
   45601
   23860
    2737
  -12107
  -21517
  -34942
  -47033
  -53970
  -55610
  -51971
  -43469
  -30903
  -15458
    1373
   17973
   32795
   44463
   51863
   54299
   51612
   44129
   32539
   17950
    1792
  -14458
  -29264
  -41222
  -49247
  -52623
  -51060
  -44740
  -34306
  -20802
   -5531
   10004
   24312
   36021
   43992
   47502
   46201
   40200
   30096
   16824
    1654
  -13952
  -28516
  -40662
  -49281
  -53574
  -53134
  -48020
  -38726
  -26121
  -11384
    4104
   18877
   31583
   41064
   46434
   47256
   43438
   35322
   23741
    9886
   -4895
  -19162
  -31575
  -40964
  -46425
  -47440
  -43959
  -36340
  -25344
  -12025
    2367
   16446
   28870
   38451
   44255
   45696
   42664
   35463
   24771
   11595
   -2821
  -17156
  -30077
  -40366
  -47083
  -49639
  -47812
  -41802
  -32197
  -19907
   -6156
    7727
   20461
   30853
   37911
   41002
   39884
   34714
   25970
   14521
    1480
  -11902
  -24318
  -33894
  -38520
  -39909
  -37904
  -32479
  -24167
  -13654
   -1933
    9932
   20817
   29580
   35392
   37837
   36694
   31953
   24064
   13865
    2297
   -9817
  -21390
  -31010
  -37497
  -40304
  -39187
  -34429
  -26570
  -16338
   -4407
    7892
   18605
   24488
   17400
    7139
   -1288
   -8745
  -15073
  -17069
   -5267
    7355
   11506
   14352
   15852
   15683
   14242
   15195
   16051
   13752
    9336
    3511
   -3041
   -9631
  -15617
  -20451
  -23632
  -24847
  -23968
  -21083
  -16437
  -10494
   -3775
    3112
    9516
   14845
   18609
   20473
   20275
   18053
   14037
    8623
    2332
   -4249
  -10481
  -15780
  -19666
  -21793
  -21973
  -20207
  -16663
  -11700
   -5816
     420
    6400
   11553
   15392
   17539
   17773
   16061
   12567
    7621
    1687
   -4664
  -10834
  -16266
  -20447
  -22976
  -23617
  -22321
  -19195
  -14540
   -8817
   -2586
    3591
    9156
   13615
   16556
   17676
   16911
   14370
   10313
    5153
    -606
   -6395
  -11666
  -15903
  -18725
  -19868
  -19217
  -16824
  -12945
   -7928
   -2262
    3512
    8841
   13226
   16237
   17567
   17111
   14910
   11152
    6192
     476
   -5438
  -10999
  -15697
  -19122
  -20958
  -21060
  -19448
  -16279
  -11835
   -6583
   -1033
    4290
    8876
   12324
   14297
   14595
   13228
   10346
    6234
    1259
   -4098
   -9288
  -13776
  -17158
  -19095
  -19408
  -18044
  -15125
  -10903
   -5756
    -197
    5239
   10030
   13751
   16073
   16769
   15780
   13224
    9359
    4545
    -764
   -6070
  -10861
  -14726
  -17322
  -18404
  -17890
  -15833
  -12463
   -8102
   -3175
    1814
    6386
   10104
   12608
   13655
   13145
   11109
    7768
    3434
   -1488
   -6561
  -11292
  -15226
  -17973
  -19278
  -19039
  -17286
  -14172
   -9979
   -5093
      31
    4916
    9124
   12254
   14021
   14303
   13076
   10460
    6749
    2294
   -2478
   -7091
  -11111
  -14194
  -16088
  -16594
  -15643
  -13253
   -9678
   -5298
    -521
    4167
    8336
   11588
   13600
   14181
   13247
   10899
    7357
    2945
   -1944
   -6860
  -11339
  -14982
  -17431
  -18473
  -18064
  -16235
  -13154
   -9109
   -4468
     302
    4729
    8379
   10944
   12209
   12036
   10469
    7690
    3989
    -292
   -4743
   -8934
  -12469
  -14997
  -16267
  -17720
  -20731
  -21908
  -20709
  -17476
  -12659
   -6728
    -191
    6456
   12427
   17065
   19926
   20696
   19376
   16172
   11403
    5547
    -880
   -7273
  -13056
  -17858
  -21398
  -23463
  -23524
  -21166
  -16785
  -11071
   -4520
    2375
    8823
   14143
   17776
   19397
   18900
   16355
   11950
    6096
    -634
   -7491
  -13841
  -19095
  -22813
  -24711
  -24410
  -22098
  -18149
  -12717
   -6289
     580
    7249
   13051
   17456
   20050
   20632
   19094
   15706
   10775
    4712
   -1749
   -7943
  -13288
  -17331
  -19839
  -20576
  -19411
  -16542
  -12806
  -14079
  -17208
  -16891
  -14199
   -9921
   -4642
    1054
    6618
   11500
   15173
   17254
   17540
   16014
   12814
    8203
    2617
   -3414
   -9321
  -14573
  -18698
  -21262
  -22053
  -21056
  -18351
  -14188
   -8982
   -3221
    2580
    7880
   12167
   15062
   16311
   15805
   13613
    9962
    5213
    -159
   -5650
  -10715
  -14858
  -17686
  -18915
  -18439
  -16316
  -12751
   -8092
   -2729
    2786
    7916
   12201
   15235
   16747
   16579
   14721
   11367
    6827
    1516
   -4077
   -9413
  -13996
  -17437
  -19417
  -19776
  -18492
  -15704
  -11711
   -6877
   -1708
    3314
    7716
   11063
   13048
   13499
   12385
    9813
    6044
    1449
   -3537
   -8431
  -12737
  -16063
  -18070
  -18585
  -17551
  -15060
  -11350
   -6740
   -1659
    3442
    8067
   11763
   14246
   15275
   14764
   12799
    9564
    5359
     588
   -4379
   -9038
  -12904
  -15611
  -16847
  -16616
  -15001
  -12188
   -8502
   -4074
     640
    5023
    8646
   11272
   12519
   12217
   10567
    7749
    3968
    -485
   -5149
   -9588
  -13378
  -16155
  -17674
  -17816
  -16626
  -14159
  -10628
   -6371
   -1794
    2695
    6780
   10176
   12301
   12876
   11947
    9757
    6520
    2551
   -1759
   -6027
   -9857
  -12843
  -14687
  -15213
  -14403
  -12322
   -9158
   -5230
   -1021
    -304
   -6220
  -11606
  -20509
  -33807
  -35367
  -28055
  -19215
   -9144
    1446
   11670
   20588
   27425
   31598
   32684
   30605
   25421
   17617
    8099
   -2285
  -12744
  -22319
  -28894
  -31064
  -30988
  -28657
  -24067
  -17550
   -9730
   -1376
    6749
   13864
   19313
   22594
   23399
   21691
   17640
   11689
    4430
   -3449
  -11201
  -18069
  -23380
  -26635
  -27488
  -25852
  -21906
  -15997
   -8670
    -623
    7379
   14585
   20347
   24125
   25574
   24578
   21234
   15855
    8943
    1150
   -6780
  -14092
  -20146
  -24417
  -26480
  -26181
  -23607
  -19010
  -12853
   -5710
    1699
    8650
   14475
   18602
   20646
   20449
   18004
   13529
    7439
     343
   -7075
  -14132
  -20156
  -24551
  -26911
  -27017
  -24859
  -20636
  -14726
   -7698
    -187
    7126
   13556
   18531
   21596
   22466
   21089
   17622
   12423
    6021
    -972
   -7908
  -14119
  -19007
  -22110
  -23142
  -22048
  -18943
  -14117
   -8043
   -1300
    5452
   11547
   16390
   19513
   20614
   19597
   16502
   11631
    5479
   -1406
   -8409
  -14862
  -20181
  -23895
  -25644
  -25299
  -22894
  -18671
  -13027
   -6498
     290
    6686
   12119
   16086
   18234
   18381
   16535
   12923
    7888
    1928
   -4374
  -10419
  -15621
  -19456
  -21512
  -21683
  -20469
  -17675
  -13177
   -7281
    -441
    6632
   13087
   18085
   21121
   22023
   20807
   17542
   12552
    6289
    -635
   -7538
  -13761
  -18778
  -22154
  -23702
  -23165
  -20750
  -16700
  -11258
   -5120
    1159
    7235
   12474
   16246
   18175
   17976
   15629
   11329
    5571
    -914
   -7486
  -13519
  -18533
  -22126
  -23908
  -23637
  -21366
  -17438
  -12139
   -5834
     947
    7348
   12074
    7492
   -1423
     -61
    3870
    4099
    4892
    6984
    2710
    -356
      -3
    3446
    5803
    7253
    9625
   24258
   31789
   23684
   14137
    3984
   -6428
  -16364
  -24983
  -31525
  -35363
  -36217
  -33994
  -28922
  -21499
  -12391
   -2466
    7346
   16043
   22833
   27096
   28248
   26391
   23236
   19572
   10833
     148
  -10436
  -20207
  -29510
  -40289
  -48571
  -50407
  -46596
  -40898
  -35501
  -27915
  -16694
   -1804
   17611
   35609
   44405
   45091
   42557
   40900
   42264
   40481
   33762
   24012
    9893
   -6619
  -23306
  -36885
  -45985
  -50375
  -48455
  -41731
  -34498
  -25419
  -13453
     358
   13486
   25428
   36603
   43977
   45281
   41751
   33727
   21892
    7553
   -7783
  -22876
  -35743
  -45348
  -51352
  -52970
  -49725
  -42038
  -30642
  -16532
   -1116
   14170
   28111
   39438
   47010
   50404
   49387
   43972
   34499
   21737
    7020
   -8165
  -22170
  -32752
  -37408
  -38234
  -37509
  -36194
  -32902
  -27495
  -20187
  -11085
    -702
    9777
   19083
   26371
   31022
   32598
   30905
   26070
   18441
    8754
   -2101
  -13124
  -23270
  -31552
  -37161
  -39395
  -38088
  -33499
  -26240
  -17008
   -6503
    4325
   14326
   22727
   28770
   31879
   31772
   28570
   22666
   14618
    5237
   -4448
  -13572
  -21344
  -27159
  -30448
  -30818
  -28200
  -22790
  -15175
   -6069
    3667
   13085
   21301
   27464
   30913
   31257
   28599
   23291
   15767
    6509
   -3510
  -13333
  -22020
  -28865
  -33268
  -34861
  -33467
  -29244
  -22718
  -14640
   -5918
    2850
   11022
   17753
   22310
   24325
   23708
   20421
   14562
    6447
   -2876
  -12115
  -20298
  -26712
  -30913
  -32414
  -30963
  -26561
  -19228
  -10145
    -292
    9576
   18662
   25167
   31499
   38314
   40554
   38195
   33457
   25211
   13042
    -688
  -14688
  -27329
  -37314
  -43969
  -47165
  -46823
  -42509
  -34475
  -23736
  -11311
    1801
   14835
   27509
   37832
   43894
   45215
   41816
   33918
   22366
    8404
   -6593
  -21271
  -34239
  -44246
  -50364
  -51928
  -48819
  -41397
  -30386
  -16807
   -1918
   12859
   26145
   36734
   43754
   46563
   44971
   39142
   29607
   17340
    3500
  -10542
  -23499
  -34185
  -41629
  -45133
  -44305
  -39250
  -30503
  -18997
   -5863
    7667
   20324
   30891
   38366
   42052
   41589
   36976
   28675
   17453
    4432
   -9181
  -22147
  -33336
  -41736
  -46532
  -47368
  -44145
  -37172
  -27076
  -14814
   -1463
   11680
   23303
   32391
   38176
   39946
   37669
   31511
   22257
   10975
   -1443
  -13835
  -25025
  -33901
  -39567
  -41517
  -40047
  -35589
  -27805
  -16979
   -4082
    9424
   21996
   32344
   39566
   43052
   42323
   37362
   28808
   17637
    5056
   -7758
  -20144
  -31096
  -39092
  -43407
  -44127
  -41702
  -35850
  -26300
  -13635
    -330
    8778
   11023
   11590
   11625
    8808
    4339
    2090
      -4
   -3828
   -6517
   -7122
   -7579
   -7308
   -6558
   -5174
   -2589
    -219
     445
    1032
    1815
    2876
    4379
    5705
    6278
    5508
    4025
    2316
     509
   -1303
   -3016
   -4514
   -5630
   -6221
   -6224
   -5683
   -4678
   -3321
   -1762
    -230
    1074
    2023
    2450
    2436
    2013
    1194
     127
   -1142
   -2645
   -4225
   -5613
   -6593
   -7253
   -8193
  -10206
  -12976
  -15339
  -16413
  -14400
   -8516
   -1588
    4880
   10336
   14190
   16387
   17161
   16154
   13498
    9617
    4840
    -390
   -5573
  -10198
  -13828
  -16210
  -17141
  -16621
  -14669
  -11357
   -7380
   -2775
    2157
    6852
   10797
   13608
   14999
   14872
   13148
   10054
    5806
     764
   -4640
   -9871
  -14394
  -17813
  -19804
  -20163
  -18860
  -16071
  -12195
   -7502
   -2324
    2827
    7455
   11087
   13425
   14241
   13460
   11320
    8039
    3712
   -1195
   -6054
  -10351
  -13787
  -16045
  -16974
  -16506
  -14546
  -11289
   -7102
   -2382
    2455
    7034
   10907
   13635
   14979
   14836
   13261
   10415
    6511
    1870
   -2999
   -7649
  -11750
  -14888
  -16772
  -17236
  -16216
  -13890
  -10539
   -6465
   -2038
    2362
    6249
    9268
   11131
   11684
   10911
    8828
    5631
    1669
   -2672
   -6926
  -10754
  -13814
  -15787
  -16504
  -15866
  -13943
  -10913
   -7171
   -3207
     640
    4341
    7868
   10411
   11737
   12196
   12031
   10817
    8354
    4737
     493
   -3677
   -7514
  -10836
  -13259
  -14417
  -14264
  -12935
  -10566
   -7417
   -3689
     246
    3950
    7037
    9176
   10281
   10140
    8730
    6303
    2993
    -785
   -4763
   -8592
  -11821
  -14232
  -15545
  -15645
  -14531
  -12297
   -9212
   -5541
   -1590
    2286
    5710
    8367
   10070
   10644
   10011
    8277
    5590
    2285
   -1273
   -4831
   -8066
  -10658
  -12294
  -12884
  -12328
  -10665
   -8192
   -5039
   -1461
    2177
    5546
    8255
   10117
   10999
   10525
    8757
    5995
    2561
   -1194
   -5003
   -8548
  -11520
  -13581
  -14565
  -14429
  -13215
  -11004
   -7936
   -4373
    -686
    2774
    5626
    7715
    8903
    8963
    7907
    5854
    3085
    -174
   -3683
   -7067
   -9974
  -12064
  -13171
  -13252
  -12326
  -10399
   -7622
   -4270
    -695
    2849
    5998
    8514
   10444
   20062
   40270
   53315
   58381
   56640
   48799
   35752
   18759
    -609
  -20408
  -38634
  -53568
  -63814
  -68431
  -67016
  -59791
  -47477
  -31152
  -12334
    7158
   23641
   29634
   30275
   26565
   15076
    3188
   -6585
  -11413
  -14292
  -16431
  -17253
  -16548
  -14334
  -10735
   -6091
    -876
    4403
    9282
   13377
   16225
   17524
   17319
   15449
   12105
    7538
    2138
   -3597
   -9176
  -14038
  -17750
  -20025
  -20718
  -19786
  -17285
  -13489
   -8796
   -3726
    1193
    5605
    9182
   11449
   12145
   11203
    8873
    5433
    1089
   -3707
   -8490
  -12712
  -15934
  -17917
  -18472
  -17582
  -15207
  -11391
   -6651
   -1439
    3817
    8695
   12728
   15533
   16816
   16522
   14746
   11635
    7466
    2640
   -2343
   -7052
  -11070
  -13999
  -15619
  -15627
  -14118
  -11450
   -7955
   -3872
     242
    3976
    7084
    9249
   10273
   10000
    8450
    5898
    2613
   -1367
   -5380
   -9151
  -12575
  -15272
  -16964
  -17482
  -16698
  -14785
  -11838
   -8118
   -3892
     550
    4598
    7873
   10169
   11333
   11325
   10206
    7990
    5053
    1644
   -1668
   -4780
   -7546
  -10055
  -12010
  -12704
  -12165
  -10443
   -7540
   -3797
     288
    4331
    7960
   10731
   12304
   12705
   11963
    9919
    6735
    2640
   -1855
   -6394
  -10664
  -14223
  -16803
  -18171
  -18195
  -16885
  -14376
  -10906
   -6817
   -2519
    1588
    5145
    7822
    9384
    9726
    8761
    6641
    3621
      51
   -3793
   -7527
  -10661
  -12921
  -14066
  -14032
  -12760
  -10234
   -6755
   -2627
    1783
    6069
    9711
   12366
   13874
   14099
   12911
   10486
    7087
    3020
   -1292
   -5519
   -9347
  -12396
  -14329
  -15002
  -14392
  -12608
   -9883
   -6442
   -2647
    1059
    4312
    6803
    8445
    8984
    8215
    6347
    3545
     -16
   -3945
   -7950
  -11516
  -13849
  -15247
  -15975
  -15599
  -14093
  -11519
   -8025
   -3940
     286
    4230
    7613
   10195
   11721
   12056
   11144
    8346
    3157
   -1561
   -4368
   -6623
  -10366
  -17808
  -18626
  -13638
   -8221
   -2466
    3364
    8728
   13115
   16132
   17446
   17016
   14840
   11038
    5950
      35
   -6067
  -11883
  -16868
  -20564
  -22388
  -23512
  -33332
  -41025
  -42484
  -34513
  -18671
   -2211
   12998
   21272
   20508
   28017
   35584
   38472
   37120
   31912
   23489
   12690
     512
  -11311
  -19920
  -26569
  -31448
  -33707
  -32993
  -29335
  -23066
  -14755
   -5199
    4679
   13962
   21809
   27498
   30492
   30491
   27483
   21775
   13906
    4635
   -5181
  -14625
  -22801
  -28992
  -32651
  -33436
  -31313
  -26506
  -19472
  -10891
   -1611
    7485
   15535
   21776
   25631
   26746
   25031
   20657
   14055
    5853
   -3163
  -12130
  -20190
  -26566
  -30660
  -32094
  -30723
  -26659
  -20316
  -12269
   -3242
    5885
   14257
   21139
   25896
   28080
   27532
   24299
   18722
   11353
    2861
   -5962
  -14279
  -21304
  -26367
  -29006
  -29007
  -26374
  -21374
  -14545
   -6517
    1931
    9984
   16903
   21999
   24773
   24981
   22616
   17900
   11254
    3310
   -5140
  -13339
  -20538
  -26070
  -29422
  -30288
  -28639
  -24637
  -18625
  -11168
   -2961
    5232
   12636
   18571
   22500
   24076
   23179
   19930
   14667
    7911
     284
   -7478
  -14614
  -20462
  -24452
  -26205
  -25564
  -22591
  -17574
  -11012
   -3536
    4165
   11347
   17391
   21690
   23769
   23197
   20184
   15131
    8547
    1015
   -6684
  -13802
  -19770
  -24084
  -26375
  -26486
  -27721
  -37072
  -43208
  -42820
  -33913
  -14154
    5946
   23385
   38091
   45380
   48352
   52176
   49949
   42414
   30655
   15863
    -612
  -17403
  -32327
  -43751
  -51388
  -54618
  -52927
  -46513
  -35974
  -22213
   -6535
    9505
   24373
   36689
   45345
   49518
   48847
   43405
   33756
   20877
    5998
   -9261
  -23452
  -35460
  -44316
  -49354
  -48900
  -38029
  -22550
  -10582
    1868
   14503
   25000
   32850
   39071
   42803
   38511
   30561
   19247
    -336
  -22755
  -41310
  -55290
  -63841
  -66356
  -62660
  -53177
  -38845
  -21024
   -1402
   18140
   35784
   49900
   59160
   62713
   60269
   52068
   38912
   22069
    3148
  -15245
  -29053
  -39434
  -46578
  -49521
  -48014
  -42210
  -32692
  -20328
   -6271
    8089
   21374
   32313
   39935
   43558
   42803
   37755
   28890
   17095
    3511
  -10636
  -23963
  -35184
  -43278
  -47494
  -47470
  -43230
  -35205
  -24137
  -11026
    2912
   16305
   27866
   36592
   42091
   44262
   41878
   35273
   25209
   12635
   -1289
  -15208
  -27755
  -37729
  -44250
  -46656
  -44699
  -38707
  -29385
  -17631
   -4379
    9132
   21616
   31870
   38707
   41636
   40555
   35504
   26916
   15637
    2466
  -11022
  -23441
  -33831
  -41316
  -45173
  -44989
  -40840
  -33130
  -22609
  -10285
    2680
   15076
   25729
   33659
   38157
   38818
   35587
   28803
   19136
    7539
   -4901
  -17025
  -27659
  -35811
  -40701
  -41864
  -39227
  -33042
  -23893
  -12654
    -378
   11769
   22641
   31229
   36731
   38624
   36759
   31321
   22845
   12122
     150
  -11948
  -23042
  -32090
  -38259
  -40986
  -40033
  -35539
  -27933
  -17965
   -6594
    5095
   16008
   25123
   31566
   34755
   34398
   30536
   23567
   14158
    3200
   -8260
  -19128
  -28382
  -35165
  -38831
  -39041
  -35777
  -29361
  -20421
   -9780
    1550
   12507
   22054
   29317
   33691
   34765
   32450
   26977
   18880
    8931
   -1916
  -12625
  -22213
  -29819
  -34717
  -36437
  -34838
  -30087
  -22668
  -13309
   -2905
    7540
   17045
   24699
   29860
   32029
   30954
   26774
   19878
   12413
    8624
    3652
   -1261
   -7013
  -15063
  -23382
  -31306
  -37858
  -40258
  -38038
  -32747
  -25268
  -16495
   -7261
    2384
   11437
   19108
   24847
   28047
   28470
   25955
   20774
   13788
    6042
   -1135
   -8061
  -14559
  -19378
  -22472
  -23697
  -22677
  -19542
  -14581
   -8279
   -1286
    5688
   11950
   17042
   20385
   21513
   15522
   -1449
  -16979
  -29005
  -37628
  -42476
  -43258
  -39333
  -25352
   -4795
   14148
   31065
   45472
   55188
   59689
   58570
   51590
   39373
   23079
    4294
  -14962
  -32328
  -46100
  -55551
  -60058
  -59219
  -53171
  -42383
  -27901
  -11128
    6214
   22543
   36452
   46713
   52700
   53495
   48912
   39623
   26444
   10572
   -6429
  -22729
  -36487
  -46505
  -50250
  -45811
  -41759
  -40159
  -34337
  -24263
  -11623
    2133
   15613
   26652
   35882
   48936
   74342
   94399
  100556
   95062
   79453
   55583
   25846
   -6887
  -39494
  -68942
  -92434
 -107780
 -113581
 -109305
  -95379
  -73138
  -44705
  -12735
   19721
   46706
   59358
   64642
   64931
   59550
   49566
   37139
   22006
    4442
  -13524
  -30054
  -43550
  -52770
  -56826
  -55334
  -48469
  -36991
  -21935
   -4628
   13227
   29888
   43801
   53561
   57807
   56127
   50119
   39733
   25519
    8760
   -8937
  -25977
  -40833
  -52143
  -58880
  -60426
  -56670
  -48075
  -35493
  -20144
   -3506
   12849
   27360
   38690
   45804
   48055
   45291
   37807
   26376
   12107
   -3626
  -19290
  -33353
  -44451
  -51517
  -53841
  -51194
  -43807
  -32342
  -17860
   -1716
   14610
   29588
   41832
   50245
   54053
   52927
   46994
   36844
   23429
    8020
   -7976
  -23076
  -35868
  -45203
  -50262
  -50612
  -46310
  -37806
  -25959
  -11954
    2839
   16986
   29112
   38030
   42898
   43260
   39083
   30745
   19014
    5034
   -9878
  -24353
  -37011
  -46643
  -52342
  -53555
  -50155
  -42467
  -31200
  -17377
   -2284
   12704
   26212
   37027
   44167
   47018
   45394
   39501
   29952
   17686
    2575
  -17693
  -37236
  -52342
  -62061
  -65717
  -62885
  -54011
  -40039
  -22187
   -2176
   18024
   36425
   51363
   61421
   65606
   63532
   55412
   41918
   24309
    4221
  -16474
  -35855
  -52192
  -64009
  -70223
  -70272
  -64189
  -52618
  -36708
  -18030
    1664
   20547
   36877
   49167
   56222
   57443
   52808
   42807
   28445
   11098
   -7551
  -25648
  -41500
  -53563
  -60672
  -62077
  -57624
  -47778
  -33430
  -15969
    3042
   21867
   38686
   51919
   60332
   63181
   60281
   51929
   38879
   22354
    3880
  -14820
  -32036
  -46153
  -55986
  -60613
  -59577
  -53159
  -44967
  -38827
  -24838
   -3527
   17237
   35428
   49555
   58398
   61195
   57683
   48226
   33743
   15643
   -4355
  -24439
  -42679
  -57346
  -67039
  -70799
  -68292
  -59752
  -45998
  -28323
   -8288
   12277
   31456
   47446
   58807
   64596
   64329
   58023
   46315
   30388
   11828
   -7643
  -26161
  -42001
  -53657
  -60013
  -60521
  -55148
  -44507
  -29710
  -12136
    6581
   24473
   40042
   51646
   54197
   48498
   56361
   56706
   41776
   23156
    2379
  -18781
  -38396
  -54803
  -66534
  -72503
  -72236
  -65907
  -54008
  -37528
  -18050
    2551
   22367
   39545
   52537
   60120
   61675
   57160
   46899
   29068
    4066
  -20263
  -41741
  -58835
  -70090
  -74525
  -71733
  -61988
  -46216
  -25893
   -2823
   22466
   47650
   68140
   82083
   88276
   86223
   76159
   59019
   36444
   10514
  -16435
  -41911
  -63486
  -79154
  -87552
  -87935
  -80362
  -65705
  -45368
  -21305
    4140
   28546
   49585
   65309
   74221
   75526
   69147
   55740
   36639
   13683
  -10932
  -34895
  -55876
  -71847
  -81283
  -83327
  -77828
  -65235
  -46681
  -23911
     962
   25612
   47783
   65444
   76972
   79663
   68958
   51584
   31108
    8588
  -14142
  -35062
  -52267
  -64176
  -69726
  -68453
  -60540
  -46824
  -28670
   -7827
   13666
   33721
   50427
   62158
   67757
   66673
   58998
   45440
   27205
    6028
  -16129
  -37195
  -55207
  -68526
  -75913
  -76705
  -70859
  -58931
  -42071
  -21861
    -176
   20955
   39578
   53995
   62897
   65510
   61671
   51847
   37034
   18697
   -1358
  -21203
  -38934
  -52811
  -61505
  -64231
  -60714
  -51297
  -36891
  -18865
    1111
   21106
   39244
   53791
   63382
   67106
   64610
   56137
   42434
   24766
    4768
  -15720
  -34819
  -50783
  -62165
  -67955
  -67696
  -61487
  -49974
  -34284
  -15967
    3225
   21463
   37029
   48460
   54711
   55213
   49940
   39456
   24794
    7381
  -11121
  -28909
  -44257
  -55694
  -62142
  -62982
  -58108
  -47921
  -33350
  -15735
    3298
   22004
   38646
   51707
   59984
   62751
   59814
   51473
   38528
   22205
    4092
  -14147
  -30831
  -44426
  -53671
  -57739
  -56322
  -49631
  -38355
  -23622
   -6890
   10193
   26001
   39005
   47945
   51938
   50605
   44075
   32927
   18207
    1294
  -16212
  -32686
  -46560
  -56479
  -60713
  -58819
  -51888
  -40703
  -26224
   -9791
    7094
   22907
   36233
   45816
   50810
   50834
   45984
   36764
   24076
    9166
   -6508
  -21354
  -33981
  -43222
  -48211
  -48463
  -43968
  -35159
  -22864
   -8284
    7168
   22020
   34871
   44443
   49772
   50404
   46353
   37993
   25956
   11362
   -4439
  -19990
  -33856
  -44806
  -51896
  -54499
  -52362
  -45825
  -35710
  -22909
   -8595
    5940
   19406
   31047
   40059
   44870
   44858
   40200
   31308
   18996
    4556
  -10461
  -24733
  -37131
  -46380
  -51208
  -51073
  -46224
  -37102
  -24546
   -9696
    6068
   21271
   34508
   44575
   50569
   51969
   48646
   40901
   29488
   15509
     313
  -14745
  -28293
  -39134
  -46284
  -49064
  -47299
  -41198
  -31426
  -18953
   -4976
    9091
   21881
   32175
   39005
   41717
   39982
   33991
   24295
   11802
   -2170
  -16384
  -29525
  -40370
  -47792
  -50960
  -49732
  -44221
  -34947
  -22779
   -8778
    5678
   19265
   30716
   39036
   43601
   44003
   40314
   32892
   22433
    9975
   -3271
  -16052
  -27146
  -35537
  -40393
  -41279
  -38117
  -31209
  -21281
   -9270
    3646
   16235
   27197
   35528
   40459
   41429
   38319
   31400
   21305
    9011
   -4369
  -17615
  -29562
  -39123
  -45390
  -47811
  -46210
  -40797
  -32099
  -20899
   -8294
    4534
   16363
   26076
   32861
   36139
   35609
   31351
   23833
   13835
    2335
   -9549
  -20652
  -29862
  -36219
  -39163
  -38423
  -33979
  -26199
  -15864
   -4103
    7900
   19205
   28844
   35918
   39719
   40149
   37204
   30937
   21767
   10560
   -1631
  -11593
  -16189
  -26372
  -34004
  -38126
  -39065
  -36635
  -30798
  -22436
  -12544
   -2009
    6857
   18381
   31943
   40519
   44018
   42527
   35343
   21536
    5073
  -11917
  -28089
  -41947
  -52191
  -57912
  -58508
  -53884
  -44569
  -31329
  -15381
    1765
   18797
   29181
   32387
   34220
   33894
   30929
   25433
   17895
    9030
    -354
   -9371
  -17186
  -23097
  -26565
  -27295
  -25266
  -20710
  -14093
   -6109
    2453
   10733
   17895
   23224
   26165
   26413
   23881
   18784
   11619
    2983
   -6357
  -15539
  -23726
  -30164
  -34296
  -35737
  -34362
  -30324
  -23973
  -15913
   -6930
    2168
   10579
   17536
   22447
   24889
   24678
   21904
   16898
   10171
    2407
   -5597
  -13036
  -19176
  -23409
  -25320
  -24721
  -21639
  -16360
   -9386
   -1356
    6968
   14799
   21399
   26129
   28519
   28328
   25573
   20476
   13478
    5198
   -3637
  -12207
  -19763
  -25659
  -29352
  -30586
  -29312
  -25712
  -20152
  -13181
   -5497
    2151
    9011
   14447
   17943
   19175
   18056
   14720
    9500
    2924
   -4378
  -11657
  -18194
  -22875
  -21723
  -17524
  -15259
  -11673
   -6974
   -1761
    3537
    8506
   12707
   15721
   17317
   17364
   15947
   13221
    9408
    4853
      20
   -4606
   -8586
  -11619
  -13517
  -14043
  -13148
  -10974
   -7800
   -4009
       9
    3905
    7253
    9659
   10889
   10757
    9285
    6587
    2844
   -1620
   -6344
  -10895
  -14872
  -17977
  -19946
  -20524
  -19640
  -17370
  -14006
   -9863
   -5113
    -229
    4324
    8133
   10874
   12334
   12451
   11242
    8839
    5507
    1619
   -2393
   -6121
   -9254
  -11434
  -12358
  -11935
  -10252
   -7486
   -3882
     195
    4395
    8297
   11525
   19146
   38773
   53194
   53579
   39016
   20692
    1426
  -17621
  -34993
  -49272
  -59226
  -64010
  -63178
  -56934
  -45892
  -31076
  -13909
    4042
   21075
   35589
   46185
   51921
   52324
   47418
   37668
   24056
    7921
   -9171
  -25563
  -39734
  -50341
  -56363
  -57167
  -52679
  -43315
  -29971
  -13914
    3459
   20524
   35647
   47409
   54716
   56995
   54011
   46033
   33817
   18540
    1706
  -15157
  -30542
  -43105
  -51563
  -55113
  -53512
  -47009
  -36327
  -22488
   -6794
    9215
   23926
   35916
   44186
   47955
   46822
   40832
   30526
   16985
    1505
  -14522
  -29577
  -42234
  -51325
  -55940
  -55666
  -50544
  -41035
  -28065
  -12769
    3436
   19006
   32507
   42719
   48774
   50159
   46734
   38876
   27387
   13416
   -1658
  -16419
  -29532
  -39800
  -46148
  -48016
  -45278
  -38238
  -27599
  -14338
     299
   14844
   27882
   38172
   44762
   47016
   44683
   37976
   27487
   14241
    -573
  -15558
  -29354
  -40724
  -48563
  -52189
  -51310
  -46055
  -36959
  -24805
  -10783
    3745
   17391
   28892
   37252
   41713
   41856
   37780
   29867
   18879
    5948
   -7703
  -20755
  -32372
  -42898
  -54396
  -66198
  -69355
  -60183
  -39450
  -15806
    8756
   32303
   52734
   68328
   84266
  105803
   98870
   66255
   30863
   -4489
  -38225
  -67780
  -90646
 -104800
 -109009
 -102987
  -87393
  -63756
  -34404
   -2133
   29961
   58833
   81771
   96610
  101940
   97315
   83211
   60973
   32742
    1187
  -30712
  -59974
  -83875
 -100123
 -107227
 -104565
  -92402
  -71870
  -44911
  -14103
   17690
   47497
   72569
   90602
   99918
   99738
   90145
   72090
   47361
   18307
  -12315
  -41596
  -66783
  -85511
  -96088
  -97552
  -89784
  -73571
  -50488
  -22772
    6950
   35844
   61169
   80552
   92166
   94925
   88544
   73660
   51686
   24682
   -4821
  -34048
  -60273
  -81079
  -94545
  -99454
  -95405
  -82793
  -62851
  -37514
   -9146
   19582
   45968
   67535
   82299
   88934
   86865
   76375
   58506
   34977
    8052
  -19670
  -45568
  -67207
  -82537
  -90115
  -89225
  -79965
  -63226
  -40599
  -14223
   13385
   39647
   62103
   78668
   87778
   88600
   81118
   66043
   44820
   19426
   -7763
  -34190
  -57391
  -75220
  -86057
  -88978
  -83752
  -70947
  -51800
  -28142
   -2261
   23370
   46332
   64460
   76059
   80089
   76176
   64703
   46814
   24218
    -943
  -26286
  -49401
  -68103
  -80634
  -85812
  -83147
  -72912
  -56105
  -34298
   -9523
   15903
   39623
   59416
   73472
   80501
   79894
   71769
   56938
   36836
   13396
  -11178
  -34559
  -54532
  -69258
  -77404
  -78243
  -71736
  -58564
  -40008
  -17845
    5793
   28654
   48546
   63609
   72403
   74115
   68599
   56372
   38594
   16952
   -6521
  -29653
  -50260
  -66427
  -76682
  -80080
  -76324
  -65771
  -49451
  -28907
   -6095
   16836
   37760
   54738
   66241
   71217
   69265
   60611
   46102
   27170
    5633
  -16439
  -36936
  -53911
  -65771
  -71431
  -70358
  -62652
  -49094
  -30961
   -9981
   11887
   32560
   50074
   62783
   69512
   69644
   63176
   50726
   33480
   13058
   -8645
  -29624
  -47873
  -60449
  -59149
  -42622
  -26780
  -19709
  -15547
   -9091
   -1639
    5733
   12140
   16982
   19827
   20374
   18614
   14695
    8999
    2160
   -5160
  -12239
  -18406
  -23080
  -25791
  -26226
  -24308
  -20205
  -14300
   -7147
     668
    8428
   15388
   20882
   24404
   25704
   24677
   21374
   16103
    9372
    1892
   -5661
  -12629
  -18350
  -22375
  -24333
  -24034
  -21607
  -17351
  -11601
   -4926
    2011
    8469
   13817
   17517
   19231
   18803
   16211
   11667
    5693
   -1152
   -8253
  -14948
  -20629
  -24784
  -26969
  -26954
  -24787
  -20665
  -14970
   -8165
    -853
    6210
   12389
   17227
   20300
   21339
   20235
   17157
   12409
    6476
      14
   -6400
  -12150
  -16718
  -19572
  -14645
    6621
   26252
   39758
   42764
   31136
   16298
    1065
  -13953
  -27588
  -38654
  -46231
  -49652
  -48654
  -43312
  -34159
  -22127
   -8351
    5828
   19117
   30280
   38228
   42199
   41835
   37210
   28819
   17443
    4174
   -9808
  -23452
  -35292
  -43692
  -47975
  -47987
  -43723
  -35535
  -24265
  -10956
    3140
   16763
   28668
   37711
   43072
   44263
   41262
   34315
   24035
   11508
   -2075
  -15397
  -27192
  -36374
  -42175
  -44097
  -41912
  -35821
  -26469
  -14745
   -1867
   10931
   22509
   31771
   37782
   39998
   38316
   30428
   16462
    1585
  -12998
  -26308
  -37221
  -44149
  -44842
  -41134
  -34115
  -24286
  -12550
      15
   12191
   22889
   31188
   36284
   37695
   35277
   29359
   20335
    3062
  -23126
  -45082
  -61033
  -70528
  -73023
  -68424
  -57278
  -40655
  -20136
    2308
   24525
   44478
   60325
   70558
   74228
   70999
   61186
   45705
   26003
    3922
  -18465
  -39052
  -55970
  -67725
  -73314
  -72243
  -64593
  -51098
  -33078
  -12307
    9202
   29411
   46410
   58624
   64923
   64730
   58071
   45613
   28552
    8505
  -12607
  -32774
  -50071
  -62888
  -70025
  -70792
  -65136
  -53608
  -37265
  -17643
    3422
   23953
   42056
   56080
   64740
   67242
   63379
   53603
   38859
   20548
     407
  -19657
  -37773
  -52243
  -61715
  -65345
  -62826
  -54466
  -41089
  -23986
   -4817
   14585
   32371
   46849
   56664
   60880
   59100
   51504
   38797
   22169
    3183
  -16350
  -34595
  -49881
  -60803
  -66343
  -66011
  -59849
  -48453
  -32912
  -14687
    4517
   22894
   38734
   50575
   57381
   58548
   54030
   44315
   30310
   13371
   -4869
  -22653
  -38299
  -50327
  -57594
  -59420
  -55653
  -46683
  -33345
  -16910
    1057
   18845
   34865
   48902
   59782
   64731
   63303
   55801
   43016
   26144
    6692
  -13441
  -32304
  -48265
  -59932
  -66213
  -66488
  -60762
  -49696
  -34397
  -16315
    2876
   21364
   37361
   49396
   56377
   57684
   53238
   43477
   29385
   12261
   -6239
  -24290
  -40200
  -52473
  -59985
  -61973
  -58218
  -49201
  -39142
  -29322
   -9918
   11585
   31339
   47875
   59678
   65824
   65850
   59716
   48034
   31944
   12953
   -7136
  -26445
  -43167
  -55846
  -63263
  -64684
  -60114
  -50206
  -35876
  -18399
     534
   19109
   35532
   48207
   55986
   58189
   54561
   45464
   31800
   14770
   -3782
  -17572
  -22752
  -27763
  -32071
  -34375
  -34168
  -31391
  -26410
  -19609
  -11468
   -2653
    6048
   13843
   19987
   23063
   19490
   12603
    5076
   -2703
   -9377
   -8610
   -3686
    -344
    2200
    4208
    5663
    6472
    6600
    6073
    4936
    3284
    1319
    -793
   -2890
   -4825
   -6501
   -7689
   -8314
   -8388
   -7968
   -7102
   -5877
   -4434
   -2927
   -1519
    -358
     448
     822
     710
      76
    -977
   -2338
   -3867
   -5432
   -6877
   -8049
   -8821
   -9107
   -8833
   -8005
   -6705
   -5027
   -3085
   -1026
     980
    2782
    4231
    5203
    5628
    5517
    4897
    3834
    2430
     811
    -857
   -2425
   -3711
   -4619
   -5090
   -5083
   -4623
   -3767
   -2627
   -1330
      -2
    1197
    2126
    2690
    2789
    2384
    1508
     213
   -1391
   -3172
   -4978
   -6668
   -8106
   -9170
   -9751
   -9820
   -9366
   -8418
   -7065
   -5418
   -3618
   -1824
    -176
    1170
    2126
    2615
    2621
    2190
    1394
     309
    -934
   -2188
   -3309
   -4190
   -4717
   -4806
   -4462
   -3683
   -2519
   -1107
     416
    1928
    3293
    4327
    4916
    5012
    4606
    3715
    2394
     754
   -1161
   -3629
   -5737
   -7280
   -8460
   -9122
   -9270
   -8947
   -8347
   -7795
  -12461
  -18638
  -14872
   -8566
   -2220
    3277
    7831
   11167
   13033
   13320
   12043
    9297
    5351
     642
   -4376
   -9189
  -13335
  -16440
  -18179
  -18338
  -16908
  -14009
   -9890
   -4939
     394
    5616
   10253
   13885
   16163
   16907
   16081
   13773
   10172
    5609
     505
   -4672
   -9432
  -13338
  -16064
  -17382
  -17179
  -15523
  -12585
   -8666
   -4163
     514
    4879
    8472
   10938
   12060
   11737
   10000
    6972
    2936
   -1700
   -6505
  -11016
  -14825
  -17583
  -19007
  -18952
  -17414
  -14529
  -10585
   -5905
    -903
    3926
    8160
   11440
   13496
   14153
   13370
   11248
    8004
    3979
    -429
   -4809
   -8730
  -11836
  -13845
  -14556
  -13926
  -12010
   -8988
   -5173
    -947
    3268
    7084
   10115
   12077
   12757
   12045
   10023
    6876
    2876
   -1615
   -6183
  -10437
  -13998
  -16533
  -17801
  -17723
  -16325
  -13748
  -10226
   -6092
   -1735
    2420
    5979
    8636
   10175
   10471
    9511
    7158
    2594
   -2862
   -7969
  -12385
  -15803
  -17921
  -18456
  -17312
  -14728
  -10866
   -5965
    -556
    4872
    9735
   13601
   16163
   17199
   16614
   14436
   10833
    6147
     883
   -4501
   -9554
  -13844
  -16947
  -18552
  -18547
  -17048
  -14229
  -10349
   -5738
    -860
    3764
    7658
   10457
   11943
   11910
   10428
    7635
    3754
    -800
   -5542
  -10055
  -13968
  -16935
  -18594
  -18644
  -13391
    3613
   19671
   31081
   38312
   41212
   39719
   34072
   24877
   13073
    -625
  -18859
  -38267
  -52975
  -60743
  -61031
  -53658
  -41748
  -26546
   -9164
    8866
   25855
   40235
   50651
   56139
   56223
   50922
   40746
   26683
    9947
  -10224
  -32993
  -52662
  -67239
  -75384
  -76471
  -70548
  -57391
  -36985
  -13538
   10266
   32702
   51696
   65482
   72764
   72884
   65120
   49305
   28479
    4895
  -18479
  -39075
  -56422
  -69804
  -77697
  -78422
  -71865
  -57288
  -31055
    -599
   27848
   52654
   71934
   84020
   87848
   83146
   70439
   50977
   26598
    -355
  -27340
  -51849
  -72191
  -89725
 -100551
 -101555
  -93047
  -76113
  -52482
  -24306
    6257
   38876
   73104
   99628
  115394
  119642
  112283
   94163
   66913
   32287
   -5822
  -43357
  -78526
 -116627
 -147765
 -162056
 -159854
 -142208
 -111121
  -69660
  -21811
   27838
   74615
  115915
  152048
  179272
  192487
  177169
  142311
   95092
   39165
  -20370
  -77865
 -127922
 -165921
 -188414
 -193357
 -180347
 -150581
 -107030
  -53975
    3642
   60571
  111458
  151280
  176205
  184032
  174384
  148396
  108611
   58692
    3194
  -52589
 -103172
 -143891
 -171106
 -182336
 -176521
