 -972101
 -942212
 -917359
 -898210
 -897004
 -898553
 -896703
 -896883
 -878954
 -861062
 -848496
 -829301
 -789536
 -780693
 -814063
 -870713
 -951025
-1051714
-1157962
-1264004
-1364786
-1452414
-1522606
-1571019
-1594288
-1591362
-1561096
-1504860
-1425934
-1328573
-1218866
-1104557
 -993582
 -893493
 -811283
 -752745
 -721676
 -719463
 -745460
 -796203
 -866151
 -948766
-1036379
-1120690
-1193882
-1249435
-1283264
-1293306
-1279731
-1245120
-1194403
-1133239
-1068344
-1006264
 -953102
 -913456
 -890596
 -885784
 -898065
 -925075
 -963136
-1007895
-1055043
-1100488
-1140770
-1173346
-1197079
-1211645
-1217603
-1216394
-1209845
-1199637
-1187392
-1174609
-1162299
-1151137
-1140842
-1130921
-1121219
-1111152
-1100143
-1088698
-1077315
-1067025
-1058846
-1053583
-1052130
-1055036
-1062176
-1073151
-1086931
-1102148
-1117038
-1129986
-1138903
-1142449
-1139890
-1131381
-1117191
-1098552
-1077472
-1056294
-1037416
-1022565
-1013490
-1011305
-1016115
-1027403
-1044064
-1064058
-1085270
-1105701
-1123276
-1136545
-1144337
-1145976
-1142025
-1133621
-1122226
-1109532
-1096962
-1086177
-1078326
-1074051
-1073418
-1076052
-1081169
-1087788
-1094661
-1100234
-1103882
-1105307
-1104369
-1101120
-1096247
-1090693
-1085340
-1081183
-1078588
-1078211
-1080194
-1084104
-1089347
-1094957
-1099800
-1103314
-1105062
-1104718
-1102104
-1097357
-1091414
-1085184
-1079138
-1074244
-1072103
-1072983
-1077034
-1083843
-1092365
-1101734
-1110772
-1118917
-1125218
-1128993
-1130145
-1128647
-1124636
-1118950
-1112366
-1105766
-1099604
-1094667
-1091715
-1091060
-1092548
-1095360
-1098734
-1102492
-1105906
-1108466
-1109353
-1108225
-1105252
-1100540
-1094736
-1088674
-1083106
-1078430
-1075368
-1074390
-1075277
-1077681
-1081145
-1084895
-1088378
-1091433
-1093185
-1093570
-1092705
-1090556
-1087312
-1083902
-1080972
-1078863
-1077850
-1077970
-1079378
-1082008
-1085478
-1089989
-1094770
-1099463
-1103392
-1105987
-1107250
-1107170
-1105887
-1103653
-1100729
-1097713
-1095306
-1094144
-1094708
-1096841
-1100277
-1104663
-1109614
-1114788
-1120017
-1124412
-1127096
-1127321
-1125641
-1122404
-1117574
-1111602
-1105202
-1098979
-1093248
-1088621
-1085380
-1083690
-1083520
-1084433
-1086361
-1089080
-1092077
-1094921
-1097202
-1098883
-1099754
-1099561
-1098328
-1096609
-1094804
-1093193
-1091845
-1090792
-1090596
-1091457
-1092386
-1093036
-1093814
-1094331
-1094185
-1093590
-1092356
-1090780
-1089101
-1087740
-1086989
-1086784
-1087008
-1087854
-1089685
-1092264
-1095453
-1098700
-1101645
-1104107
-1105987
-1107187
-1107571
-1106853
-1105288
-1103642
-1101660
-1099420
-1097555
-1096492
-1096021
-1096100
-1097106
-1098794
-1100804
-1102745
-1104350
-1105813
-1107048
-1108053
-1108817
-1109602
-1110299
-1110451
-1109995
-1108371
-1106022
-1103728
-1101713
-1099493
-1097008
-1094573
-1092261
-1090570
-1089702
-1089311
-1089428
-1089692
-1090285
-1091472
-1093289
-1095422
-1097741
-1100173
-1102992
-1105626
-1107752
-1108976
-1109624
-1109583
-1108403
-1105975
-1102729
-1099145
-1095997
-1093368
-1091169
-1089942
-1089770
-1090378
-1091728
-1093452
-1095232
-1096979
-1098675
-1100034
-1101116
-1102032
-1102298
-1101735
-1100503
-1098955
-1097291
-1095923
-1094738
-1093797
-1092971
-1092669
-1093252
-1094570
-1096372
-1098474
-1100584
-1102550
-1104243
-1105737
-1106977
-1107921
-1108478
-1108959
-1109409
-1109646
-1109468
-1109211
-1108816
-1108030
-1107106
-1106015
-1105194
-1104862
-1104606
-1103934
-1103149
-1102669
-1102192
-1101456
-1100880
-1100718
-1100786
-1100843
-1101114
-1101736
-1102301
-1102661
-1102903
-1103044
-1102835
-1102267
-1101305
-1100122
-1098609
-1096652
-1094514
-1092370
-1090554
-1089308
-1088791
-1088938
-1089733
-1090832
-1092309
-1093963
-1095785
-1097794
-1099796
-1101793
-1103654
-1105269
-1105982
-1106206
-1106366
-1106439
-1106293
-1106124
-1105729
-1105362
-1105164
-1105443
-1106081
-1106604
-1106759
-1106560
-1106081
-1105438
-1104812
-1104210
-1103855
-1103445
-1103224
-1103638
-1104263
-1104865
-1105641
-1106527
-1107016
-1107230
-1107202
-1107028
-1106632
-1106091
-1105340
-1104348
-1103395
-1102177
-1100981
-1100051
-1099397
-1099007
-1098883
-1099073
-1099856
-1100953
-1102285
-1103663
-1104735
-1105581
-1106043
-1106056
-1105637
-1104894
-1104036
-1103295
-1102586
-1101832
-1101448
-1101276
-1101019
-1100685
-1100423
-1100344
-1100588
-1100945
-1101467
-1101852
-1102221
-1102363
-1102587
-1103115
-1103793
-1104639
-1105469
-1106132
-1106565
-1106797
-1106807
-1106569
-1106092
-1105467
-1104934
-1104582
-1104616
-1104814
-1105043
-1105463
-1105900
-1106251
-1106617
-1107248
-1108195
-1108966
-1109311
-1109250
-1108792
-1108082
-1107401
-1106915
-1106309
-1105828
-1105669
-1105494
-1105273
-1105230
-1105256
-1105153
-1104990
-1105010
-1105044
-1105172
-1105298
-1105423
-1105651
-1105866
-1105984
-1105841
-1105579
-1105212
-1104768
-1104112
-1103512
-1103167
-1103162
-1103240
-1103128
-1103161
-1103101
-1102612
-1102003
-1101684
-1101410
-1101330
-1101420
-1101645
-1102090
-1102542
-1102727
-1102765
-1102920
-1103290
-1103945
-1104888
-1105719
-1106328
-1106883
-1107364
-1107667
-1107588
-1107231
-1107135
-1106912
-1106274
-1105813
-1105604
-1105650
-1106107
-1106680
-1107323
-1108161
-1109259
-1110188
-1111016
-1111580
-1111836
-1111713
-1111430
-1111198
-1110937
-1110680
-1109963
-1108826
-1107472
-1105969
-1104661
-1103649
-1102791
-1102093
-1101907
-1102102
-1102784
-1103520
-1104154
-1104915
-1105972
-1106819
-1107517
-1108221
-1108808
-1109272
-1109445
-1109075
-1108568
-1107782
-1106977
-1106201
-1105551
-1105234
-1105147
-1104944
-1104598
-1104105
-1103677
-1103644
-1103781
-1104072
-1104929
-1106486
-1108573
-1110574
-1112191
-1113648
-1114594
-1115140
-1115217
-1114737
-1113719
-1112345
-1110719
-1108634
-1106589
-1104699
-1103093
-1101954
-1101362
-1101180
-1101457
-1102323
-1104043
-1106207
-1108463
-1110346
-1111693
-1112211
-1111603
-1109911
-1107524
-1104914
-1102264
-1099874
-1098161
-1097296
-1097477
-1098472
-1100239
-1102935
-1106342
-1109935
-1113508
-1116790
-1119639
-1121690
-1122878
-1123115
-1122348
-1121018
-1118791
-1115855
-1112656
-1109412
-1106388
-1103940
-1102150
-1101208
-1101190
-1101823
-1102965
-1104499
-1106422
-1108414
-1109890
-1110917
-1111520
-1111764
-1111685
-1111137
-1110243
-1109265
-1108301
-1107320
-1106456
-1105702
-1105313
-1105526
-1105966
-1106237
-1106271
-1106471
-1107011
-1107629
-1108088
-1108375
-1108707
-1109131
-1109599
-1110205
-1110921
-1111962
-1113072
-1114277
-1115284
-1116223
-1116741
-1116810
-1116539
-1115987
-1115132
-1114206
-1112974
-1111315
-1109830
-1108906
-1107967
-1106903
-1105817
-1105261
-1105495
-1105899
-1106615
-1107631
-1108753
-1109699
-1110614
-1111841
-1113020
-1114053
-1114831
-1115159
-1115008
-1114237
-1112910
-1111532
-1110206
-1109101
-1108186
-1107495
-1107515
-1108210
-1109563
-1111440
-1113762
-1116137
-1118405
-1119952
-1120697
-1120771
-1120022
-1118571
-1116352
-1113423
-1109817
-1105648
-1101242
-1097286
-1093899
-1091421
-1090421
-1090730
-1092402
-1095155
-1099058
-1103787
-1108992
-1114226
-1119277
-1123769
-1127273
-1129727
-1131338
-1131787
-1130781
-1128496
-1125228
-1121501
-1117562
-1113257
-1109031
-1105385
-1102538
-1100747
-1099971
-1100206
-1101687
-1104248
-1107470
-1110639
-1113391
-1115495
-1117146
-1118244
-1118790
-1118874
-1118584
-1117960
-1116692
-1115137
-1113618
-1112064
-1110861
-1110120
-1110130
-1110862
-1111961
-1113370
-1114433
-1115144
-1115377
-1115000
-1114077
-1112995
-1111971
-1110998
-1110008
-1109160
-1108508
-1108184
-1108292
-1109008
-1110164
-1111588
-1112918
-1114010
-1114820
-1115233
-1115246
-1115196
-1115489
-1115883
-1116342
-1116681
-1117138
-1117682
-1118344
-1118902
-1119236
-1119376
-1119362
-1119015
-1118502
-1118232
-1118396
-1118766
-1119022
-1119134
-1118607
-1117239
-1115441
-1113362
-1111360
-1109440
-1107525
-1105817
-1104697
-1104305
-1104499
-1105029
-1105853
-1107220
-1109308
-1111378
-1113194
-1114952
-1116659
-1118178
-1119143
-1119620
-1119642
-1119394
-1119020
-1118314
-1117374
-1116445
-1115576
-1114521
-1113166
-1111812
-1110912
-1110532
-1110829
-1111486
-1112009
-1112617
-1113477
-1114423
-1115062
-1115645
-1115845
-1115731
-1115777
-1115616
-1115346
-1115055
-1114960
-1115042
-1115150
-1115224
-1115108
-1114941
-1114978
-1114923
-1114772
-1114515
-1114182
-1114403
-1114978
-1115615
-1116315
-1116822
-1116921
-1116860
-1116569
-1116225
-1116187
-1116023
-1115740
-1115721
-1115826
-1116051
-1116256
-1116199
-1116300
-1116540
-1116925
-1117411
-1117789
-1117924
-1117801
-1117529
-1117267
-1116958
-1116429
-1115837
-1115520
-1115439
-1115400
-1115647
-1116300
-1116813
-1117169
-1117554
-1118033
-1118289
-1118194
-1117857
-1117390
-1116638
-1116084
-1115868
-1116482
-1117715
-1119001
-1119834
-1119964
-1119666
-1119255
-1118624
-1117783
-1116846
-1115771
-1114495
-1113549
-1113174
-1112884
-1112730
-1112951
-1113407
-1113994
-1114345
-1114598
-1115031
-1115842
-1116891
-1118132
-1119633
-1121153
-1122261
-1122886
-1123065
-1123025
-1122594
-1121743
-1120554
-1119271
-1117968
-1116819
-1115893
-1115193
-1114833
-1114870
-1115188
-1115757
-1116627
-1117543
-1118549
-1119377
-1119834
-1120290
-1120486
-1120354
-1120002
-1119611
-1118884
-1117782
-1117126
-1116350
-1114868
-1113882
-1113167
-1112341
-1112898
-1114576
-1116311
-1117979
-1120230
-1122628
-1123709
-1125942
-1130144
-1134385
-1136929
-1136189
-1131897
-1125678
-1118953
-1112338
-1106646
-1101783
-1097106
-1092748
-1091588
-1094241
-1098476
-1101138
-1103281
-1107467
-1112634
-1118476
-1124932
-1132103
-1138394
-1142823
-1145727
-1147235
-1147093
-1145235
-1142223
-1138018
-1132590
-1126777
-1121317
-1116345
-1112180
-1109100
-1106664
-1105368
-1105488
-1106432
-1108099
-1110379
-1113059
-1115845
-1118328
-1120450
-1122080
-1123199
-1123571
-1123137
-1122128
-1121024
-1119750
-1118205
-1116653
-1115611
-1114983
-1114497
-1114551
-1114874
-1115508
-1116633
-1118068
-1119760
-1121403
-1123080
-1125017
-1126805
-1128079
-1129135
-1129685
-1129448
-1128427
-1127070
-1125593
-1124219
-1122948
-1121707
-1120414
-1119336
-1118839
-1118866
-1119009
-1118764
-1118091
-1117590
-1117912
-1118521
-1120560
-1123961
-1126204
-1126769
-1126197
-1125161
-1123200
-1120372
-1117511
-1114365
-1111317
-1108740
-1106952
-1106209
-1106519
-1107690
-1109714
-1112239
-1115486
-1119210
-1123289
-1127654
-1131728
-1135169
-1137662
-1139285
-1145715
-1169828
-1193274
-1202722
-1199493
-1186057
-1164712
-1138025
-1108378
-1078380
-1050538
-1026917
-1009328
 -999094
 -997194
-1003408
-1017498
-1038646
-1065247
-1095436
-1126901
-1157650
-1185923
-1209662
-1226972
-1236993
-1239125
-1233533
-1220709
-1202024
-1179401
-1154399
-1128995
-1105187
-1085214
-1070530
-1061909
-1059640
-1063196
-1071713
-1084075
-1099002
-1114733
-1129612
-1142767
-1153309
-1160114
-1162603
-1160809
-1155760
-1148013
-1138785
-1128965
-1119935
-1112314
-1105555
-1099703
-1094921
-1091910
-1091041
-1092043
-1094472
-1097795
-1101368
-1105195
-1109374
-1113679
-1118197
-1122644
-1126728
-1130585
-1134296
-1137631
-1140416
-1142139
-1142457
-1141377
-1139491
-1136913
-1133679
-1130003
-1126101
-1122363
-1119081
-1116732
-1115616
-1115633
-1116800
-1118855
-1121613
-1124639
-1127798
-1130642
-1132911
-1134724
-1136183
-1135190
-1133518
-1131549
-1127971
-1125221
-1122820
-1120247
-1117897
-1115858
-1114541
-1114271
-1114616
-1115592
-1116544
-1117562
-1118782
-1120544
-1122334
-1123690
-1125216
-1127074
-1129050
-1130754
-1132509
-1134275
-1135579
-1136400
-1136834
-1136629
-1135511
-1133480
-1131029
-1128420
-1125837
-1123702
-1121895
-1120229
-1119459
-1119649
-1120638
-1122515
-1124824
-1127352
-1129366
-1130303
-1129863
-1128248
-1126208
-1123795
-1121511
-1119997
-1119647
-1119121
-1118872
-1119373
-1119137
-1118612
-1117697
-1117067
-1116264
-1115132
-1113742
-1112377
-1111496
-1111369
-1112015
-1113675
-1115804
-1118654
-1122615
-1127034
-1132381
-1138579
-1144704
-1149866
-1152950
-1153446
-1151819
-1150023
-1147842
-1145156
-1141540
-1136406
-1130502
-1124901
-1119714
-1115434
-1112171
-1110004
-1109127
-1110301
-1113197
-1117520
-1122652
-1127677
-1132026
-1135514
-1137566
-1137953
-1136799
-1134610
-1131995
-1128962
-1125807
-1122857
-1120411
-1118251
-1116711
-1116009
-1115701
-1116039
-1117209
-1118746
-1120478
-1122483
-1124173
-1125448
-1126437
-1127068
-1127521
-1127890
-1128813
-1130393
-1131755
-1132319
-1132809
-1133457
-1133703
-1133453
-1132767
-1131574
-1130133
-1128659
-1126985
-1125537
-1124736
-1124011
-1123717
-1123797
-1124062
-1124810
-1125735
-1126664
-1127675
-1128562
-1129559
-1130559
-1131255
-1131458
-1131504
-1131336
-1130706
-1129774
-1128947
-1127992
-1127114
-1126664
-1126138
-1125514
-1125421
-1125787
-1125905
-1126389
-1127719
-1129131
-1130382
-1131263
-1132042
-1133021
-1134018
-1134797
-1135343
-1135216
-1134409
-1133137
-1130932
-1127863
-1125220
-1122973
-1121090
-1119305
-1118198
-1118246
-1119190
-1120712
-1122901
-1125248
-1128015
-1131240
-1133832
-1135879
-1137857
-1139556
-1140405
-1140347
-1139377
-1137651
-1135304
-1132698
-1130033
-1127430
-1125204
-1123579
-1122497
-1121910
-1121945
-1122563
-1123238
-1124444
-1126066
-1127740
-1129602
-1131501
-1133172
-1134488
-1135355
-1135811
-1135744
-1135325
-1134768
-1133944
-1132961
-1132018
-1131064
-1130216
-1129497
-1129149
-1129154
-1129935
-1131491
-1132834
-1133685
-1133940
-1133838
-1133525
-1133062
-1132594
-1132231
-1131925
-1131721
-1131671
-1131514
-1131507
-1131496
-1131529
-1131609
-1131540
-1131329
-1130700
-1129991
-1129418
-1129142
-1128873
-1128564
