   28295
  143707
  262535
  383030
  503011
  620278
  732024
  834313
  923245
  995350
 1046944
 1075140
 1077389
 1052154
  998214
  915512
  805489
  670474
  514400
  341479
  156205
  -35886
 -229247
 -418542
 -598669
 -764750
 -912784
-1039968
-1144050
-1223689
-1278425
-1309213
-1317513
-1305254
-1275363
-1230446
-1173124
-1106312
-1032510
 -953844
 -872256
 -788711
 -703651
 -617712
 -530490
 -441282
 -349355
 -254415
 -155841
  -53168
   52622
  159822
  269913
  383445
  498690
  612850
  722951
  824890
  914045
  986180
 1037445
 1064345
 1064445
 1035982
  977980
  890834
  776321
  637180
  476979
  300198
  112389
  -81207
 -275099
 -463992
 -642876
 -807143
 -952912
-1077444
-1178834
-1255679
-1307784
-1335773
-1341036
-1325642
-1291970
-1242842
-1180973
-1109189
-1029970
 -945359
 -857099
 -766959
 -675371
 -582682
 -489539
 -395459
 -300117
 -203267
 -103878
   -1830
  102577
  209265
  317262
  424972
  530749
  632655
  727737
  812950
  885024
  940456
  976069
  989742
  979716
  944296
  883028
  796388
  685510
  552352
  400262
  233420
   56253
 -126717
 -310214
 -489278
 -658658
 -814312
 -952959
-1071254
-1166858
-1238537
-1286094
-1310254
-1312193
-1293870
-1257324
-1205345
-1141104
-1067012
 -985339
 -898735
 -809018
 -717739
 -625956
 -534225
 -442716
 -351123
 -258855
 -165342
  -70219
   27092
  126754
  228235
  330546
  432244
  531505
  626012
  713001
  789419
  852472
  899225
  926723
  932751
  915621
  874162
  808248
  718619
  606849
  475183
  326621
  164748
   -6145
 -181095
 -355457
 -524688
 -684109
 -829975
 -958762
-1067820
-1155546
-1220686
-1262694
-1282140
-1280174
-1258678
-1220071
-1166984
-1101920
-1027410
 -946060
 -860076
 -771275
 -681209
 -590624
 -499707
 -408905
 -318103
 -226973
 -134915
  -41665
   52846
  148462
  244961
  341379
  436154
  527585
  613444
  691526
  759364
  814042
  852786
  873328
  873585
  851987
  807526
  740282
  650751
  540484
  412017
  268264
  112633
  -50754
 -217673
 -383653
 -544255
 -695509
 -833787
 -955521
-1058251
-1140325
-1200830
-1239445
-1256648
-1253493
-1231514
-1192835
-1139975
-1075290
-1001141
 -919886
 -833522
 -743914
 -652480
 -560079
 -467375
 -374803
 -282546
 -190483
  -97975
   -4933
   88551
  182302
  275897
  368326
  458249
  543887
  623237
  693878
  753260
  798601
  827613
  838606
  830042
  800436
  749305
  676723
  583392
  471154
  342247
  199522
   46127
 -113782
 -275750
 -435737
 -589299
 -732659
 -862088
 -974656
-1068214
-1141292
-1193161
-1223944
-1234078
-1224308
-1196658
-1153539
-1096678
-1028436
 -951233
 -867400
 -779338
 -688826
 -596895
 -504722
 -412551
 -320716
 -229679
 -139451
  -49830
   39033
  127177
  214782
  300865
  384465
  464813
  540228
  608504
  667733
  715674
  750028
  768969
  770834
  754101
  717931
  661910
  585967
  491241
  379660
  253499
  115689
  -30435
 -181338
 -333261
 -482186
 -624331
 -756260
 -874486
 -976671
-1061002
-1126009
-1171111
-1196296
-1201776
-1188713
-1158773
-1114004
-1056413
 -988431
 -912235
 -829995
 -743919
 -655221
 -565047
 -474633
 -384722
 -295699
 -207832
 -120848
  -34549
   50845
  135185
  218363
  299868
  378922
  453967
  523319
  585385
  638454
  680393
  708905
  722452
  719390
  698361
  658763
  600449
  523610
  429277
  318951
  195182
   60921
  -80700
 -226013
 -371333
 -512985
 -647529
 -771382
 -881742
 -976527
-1053778
-1112455
-1152209
-1172657
-1173994
-1157734
-1125539
-1079079
-1020576
 -952202
 -876201
 -794551
 -709044
 -620985
 -531914
 -442803
 -354450
 -266865
 -180235
  -94734
  -10428
   72274
  153253
  232319
  308752
  381830
  450363
  512504
  566960
  612419
  646695
  668190
  675240
  666209
  639939
  596245
  534771
  456214
  361865
  253108
  132664
    3135
 -132805
 -271698
 -410003
 -544334
 -671203
 -787662
 -890932
 -978450
-1048897
-1101055
-1134221
-1148324
-1144003
-1122755
-1086152
-1036068
 -974542
 -903912
 -826250
 -743530
 -657576
 -569962
 -481663
 -393637
 -306617
 -220714
 -136345
  -54038
   26372
  104660
  180372
  253309
  323168
  388797
  449228
  503445
  549803
  586708
  612751
  626448
  626323
  611063
  580114
  533050
  469691
  390632
  297279
  190971
   73806
  -51412
 -181654
 -313949
 -445148
 -571422
 -689754
 -797027
 -890628
 -968924
-1030608
-1074850
-1101565
-1110763
-1103130
-1079733
-1042041
 -992071
 -931333
 -861852
 -785809
 -704738
 -620375
 -534280
 -447523
 -361068
 -275908
 -192233
 -110512
  -31145
   45769
  120092
  191824
  260515
  325674
  386440
  441877
  490647
  531461
  562847
  583423
  591808
  586940
  567608
  533111
  483182
  417787
  337807
  244573
  139463
   24893
  -96220
 -221571
 -348171
 -472409
 -591495
 -702404
 -802278
 -889007
 -960741
-1015994
-1054088
-1074873
-1078849
-1067107
-1040776
-1000837
 -949141
 -887674
 -818107
 -742462
 -662513
 -579749
 -495520
 -410672
 -326428
 -243925
 -163071
  -84138
   -7667
   66087
  136990
  204636
  268914
  329238
  384432
  433580
  475771
  509762
  534284
  548346
  550333
  539057
  514046
  474335
  419979
  351785
  270639
  177843
   74598
  -37095
 -154627
 -274910
 -395392
 -513307
 -625633
 -729806
 -823506
 -904685
 -971521
-1022825
-1057673
-1075902
-1077803
-1063801
-1035037
 -992866
 -938508
 -874223
 -802256
 -723736
 -640487
 -554528
 -467198
 -379878
 -293577
 -209162
 -127331
  -48050
   28289
  101580
  171650
  238094
  300328
  357373
  408587
  452875
  489557
  517451
  535003
  541119
  534717
  514905
  481009
  433089
  371618
  297348
  211162
  114714
    9723
 -101589
 -216701
 -333336
 -448865
 -560622
 -665860
 -761893
 -846589
 -918515
 -976320
-1018877
-1045368
-1055625
-1050541
-1030937
 -997579
 -952089
 -896248
 -831669
 -760064
 -683196
 -602770
 -519868
 -435712
 -351398
 -267510
 -185100
 -104611
  -26569
   48237
  119660
  187453
  251117
  310630
  364968
  413044
  454085
  487019
  510482
  523541
  525322
  514912
  491531
  455108
  405515
  343121
  268592
  183038
   88112
  -14898
 -124053
 -236682
 -350068
 -461840
 -568862
 -668950
 -759875
 -839298
 -905771
 -957993
 -995134
-1017066
-1023828
-1015831
 -993933
 -959305
 -913242
 -857288
 -793223
 -722681
 -647175
 -568867
 -488776
 -408023
 -327487
 -247399
 -168592
  -92247
  -18491
   52266
  119630
  183303
  242894
  297966
  347814
  391479
  427770
  455673
  474494
  483556
  482404
  469590
  444414
  406966
  356894
  294662
  221190
  137083
   43521
  -57007
 -162434
 -270669
 -379000
 -484954
 -585846
 -679237
 -763409
 -836334
 -896389
 -942665
 -974586
 -991779
 -994256
 -982374
 -957028
 -920059
 -873137
 -817127
 -753456
 -684137
 -610387
 -533849
 -455865
 -377419
 -299505
 -222411
 -146932
  -73814
   -3557
   63502
  126799
  186034
  241115
  291286
  335874
  374385
  405784
  429601
  445012
  450635
  445677
  429672
  401913
  362397
  311503
  249326
  176546
   94363
    4119
  -92358
 -193038
 -296018
 -398723
 -498646
 -593522
 -680838
 -758892
 -826093
 -880634
 -921793
 -949451
 -963077
 -961966
 -947205
 -920257
 -882017
 -833756
 -777075
 -713745
 -645297
 -573155
 -498431
 -422117
 -345408
 -269000
 -194025
 -120931
  -50214
   17181
   81024
  141131
  197140
  248675
  295363
  336427
  371097
  398642
  418122
  428724
  429863
  420669
  400613
  369415
  326960
  273207
  208684
  134531
   51878
  -37710
 -132596
 -230759
 -329790
 -427751
 -522320
 -611368
 -692864
 -764906
 -825999
 -875110
 -911448
 -934350
 -943576
 -939127
 -921870
 -892973
 -853037
 -803375
 -745879
 -681799
 -612610
 -539749
 -464705
 -389009
 -313443
 -238564
 -165093
  -94122
  -25976
   38817
   99789
  156538
  208559
  255259
  296226
  331332
  359867
  381314
  394893
  400028
  396304
  383126
  359964
  326528
  282684
  228532
  164779
   92263
   11853
  -75058
 -166725
 -261180
 -356387
 -450419
 -541142
 -626108
 -703385
 -771388
 -828403
 -872930
 -904510
 -922868
 -927970
 -920164
 -899992
 -868744
 -827572
 -777681
 -720358
 -657236
 -589495
 -518271
 -444989
 -370892
 -297155
 -224715
 -154163
  -86278
  -21429
   40397
   98350
  151366
  199478
  242655
  280059
  311362
  336154
  353599
  363102
  364462
  357116
  341061
  315740
  280774
  236289
  182321
  119350
   48103
  -30359
 -114760
 -203037
 -293312
 -383736
 -471917
 -556176
 -634413
 -704264
 -764285
 -813885
 -852168
 -878377
 -892331
 -894508
 -884990
 -864074
 -832869
 -792473
 -743844
 -688488
 -627506
 -562118
 -493848
 -423912
 -353308
 -283106
 -214226
 -147279
  -82893
  -21756
   35701
   89038
  138140
  182536
  221626
  255164
  282696
  303914
  318253
  325193
  324012
  314441
  296354
  269286
  233229
  188367
  134922
   73683
    5587
  -68783
 -147884
 -229923
 -313421
 -396591
 -477816
 -555296
 -627311
 -692349
 -748757
 -795197
 -830512
 -854272
 -866214
 -866353
 -855329
 -833652
 -801765
 -761046
 -713125
 -659005
 -599882
 -537233
 -472291
 -406144
 -339652
 -273730
 -209559
 -147842
  -88321
  -31738
   20963
   69833
  114680
  154986
  190418
  220604
  245133
  263667
  275626
  280512
  278391
  269044
  251462
  225359
  191133
  149003
   98983
   41535
  -22534
  -92377
 -166735
 -244067
 -322676
 -400699
 -476176
 -547666
 -613617
 -672514
 -723052
 -764198
 -795281
 -815944
 -825751
 -824617
 -812972
 -791775
 -761375
 -722962
 -677848
 -627031
 -571539
 -512502
 -450794
 -387903
 -324810
 -262238
 -201066
 -142092
  -85998
  -33109
   16220
   61783
  103080
  139724
  171598
  198275
  219464
  234720
  243524
  245443
  240303
  227637
  207275
  179507
  144025
  100905
   50644
   -6364
  -69152
 -136434
 -207150
 -279939
 -353138
 -425301
 -494936
 -560686
 -620982
 -674294
 -719511
 -755769
 -782432
 -799019
 -805457
 -801752
 -787979
 -764867
 -733666
 -695295
 -650606
 -600366
 -545900
 -488429
 -428929
 -368346
 -308030
 -248666
 -190645
 -134640
  -81266
  -30937
   15754
   58145
   96118
  129451
  157642
  180610
  197921
  208917
  213599
  211741
  202893
  187064
  164311
  134590
   97852
   54051
    4070
  -51153
 -111050
 -174759
 -241172
 -309285
 -377747
 -445071
 -509981
 -571013
 -626494
 -675165
 -716207
 -748521
 -771253
 -784618
 -788408
 -782216
 -766402
 -741816
 -708959
 -669017
 -623312
 -572733
 -518495
 -461559
 -402737
 -343394
 -284332
 -226515
 -170667
 -117198
  -67021
  -20584
   22066
   60663
   94768
  124393
  149522
  169362
  183445
  191907
  194313
  190260
  179599
  162179
  137768
  106757
   69271
   25474
  -24098
  -78800
 -138132
 -201026
 -266173
 -332360
 -398302
 -462485
 -523475
 -580077
 -631057
 -675230
 -711710
 -739948
 -759298
 -769418
 -770073
 -761420
 -743919
 -718203
 -685370
 -646311
 -601711
 -552711
 -500158
 -445083
 -388762
 -332230
 -275958
 -220950
 -167944
 -117340
  -69734
  -25724
   14450
   50646
   82495
  110056
  132995
  150818
  163243
  169992
  170903
  165873
  154225
  135523
  110192
   78721
   41504
   -1344
  -49275
 -101939
 -158572
 -218262
 -279910
 -342369
 -404413
 -464840
 -522265
 -575543
 -623590
 -665266
 -699559
 -725652
 -743038
 -751556
 -751294
 -742347
 -724572
 -698496
 -665064
 -625391
 -580372
 -531049
 -478931
 -425218
 -370708
 -316132
 -262179
 -209628
 -158893
 -110579
  -65329
  -23537
   14504
   48472
   78377
  103761
  124343
  139803
  149947
  154390
  153008
  145801
  132479
  113324
   88216
   56923
   19789
  -22658
  -70039
 -121665
 -176929
 -234908
 -294375
 -354077
 -413097
 -470175
 -523931
 -573262
 -616976
 -654079
 -683908
 -706070
 -719963
 -725353
 -722363
 -711066
 -691941
 -666037
 -634001
 -596495
 -554429
 -508521
 -459623
 -408872
 -356819
 -304467
 -252678
 -202087
 -153689
 -108266
  -65883
  -26919
    8348
   39824
   67021
   89607
  107739
  121285
  129529
  132188
  129727
  121768
  108145
   88932
   63952
   33351
   -2713
  -43941
  -89703
 -139521
 -192669
 -247858
 -304246
 -361290
 -417319
 -470761
 -520907
 -566851
 -607340
 -641567
 -668875
 -688643
 -700557
 -704403
 -700132
 -688082
 -668760
 -642733
 -610472
 -573000
 -531129
 -486086
 -438631
 -389377
 -339326
 -289392
 -240256
 -192604
 -146927
 -103716
  -63352
  -26178
    7311
   36918
   62357
   83333
   99641
  111182
  117866
  119290
  115389
  105888
   90718
   70173
   43844
   12005
  -24414
  -65112
 -110034
 -158458
 -209293
 -261830
 -315600
 -369495
 -422413
 -473446
 -520918
 -563775
 -601422
 -632949
 -657568
 -675126
 -685425
 -688300
 -683658
 -671642
 -652347
 -626343
 -594439
 -557417
 -516351
 -472467
 -426605
 -378948
 -330300
 -281549
 -233609
 -186817
 -142081
 -100058
  -60949
  -25164
    7051
   35268
   59226
   78846
   93697
  103816
  109043
  109287
  104773
   95252
   80486
   60474
   35183
    4719
  -30541
  -70290
 -114208
 -161449
 -210925
 -262218
 -314529
 -366627
 -417683
 -466259
 -511332
 -552408
 -588372
 -618304
 -641550
 -657881
 -666867
 -668244
 -662277
 -649422
 -630003
 -604329
 -573384
 -537753
 -497973
 -455150
 -410209
 -364030
 -317465
 -271284
 -226095
 -182565
 -141099
 -102200
  -66160
  -33349
   -4085
   21559
   43376
   61125
   74599
   83632
   87949
   87345
   81578
   70691
   54743
   33487
    6875
  -24995
  -61505
 -101891
 -145536
 -191835
 -239976
 -289054
 -338447
 -387412
 -434543
 -478641
 -519092
 -554979
 -585554
 -610309
 -628798
 -640178
 -644570
 -642015
 -632727
 -617181
 -595665
 -568577
 -536667
 -500628
 -460850
 -418031
 -373454
 -328159
 -282912
 -237885
 -193879
 -152125
 -113271
  -77102
  -44057
  -14880
   10200
   31207
   48076
   60930
   69850
   74392
   73949
   68837
   59065
   44524
   25326
    1626
  -26439
  -58889
  -95383
 -135331
 -178266
 -223600
 -270343
 -317807
 -365081
 -411113
 -455099
 -495963
 -532858
 -565062
 -591800
 -612188
 -626060
 -633463
 -634535
 -629327
 -617905
 -600636
 -577918
 -550112
 -517775
 -481601
 -442456
 -401218
 -358248
 -314523
 -271094
 -228395
 -187222
 -148392
 -112156
  -78755
  -48523
  -21760
    1433
   21048
   36744
   48271
   55897
   60453
   62232
   60002
   51926
   38713
   22373
   -2272
  -38821
  -85207
 -138740
 -195641
 -253471
 -312599
 -372069
 -429309
 -482267
 -529251
 -570283
 -605292
 -632054
 -648460
 -654897
 -652373
 -641991
 -624938
 -601817
 -573372
 -540739
 -504740
 -466017
 -425665
 -384477
 -342920
 -301274
 -259953
 -219700
 -181175
 -144768
 -110968
  -80645
  -53776
  -30455
  -11172
    3994
   13917
   19055
   22822
   24366
   24358
   25666
   27365
   24167
   12929
   -3555
  -22323
  -45031
  -68451
  -83402
  -99528
 -118243
 -132528
 -140225
 -147419
 -156423
 -168851
 -187103
 -213263
 -247208
 -288722
 -336367
 -388280
 -442205
 -495425
 -545389
 -589342
 -625682
 -652299
 -668139
 -672450
 -665828
 -649626
 -624965
 -593480
 -557008
 -517066
 -475162
 -432405
 -389479
 -346882
 -304939
 -264203
 -224429
 -184638
 -145086
 -106184
  -68128
  -31801
    2441
   33553
   60069
   80764
   95037
  102423
  102660
   95414
   80692
   59635
   33123
    2282
  -31643
  -67701
 -105054
 -142463
 -179275
 -215742
 -251664
 -287052
 -321948
 -355833
 -388974
 -421683
 -453798
 -485026
 -515040
 -543001
 -568548
 -592578
 -614477
 -628111
 -630932
 -622189
 -602370
 -572556
 -532186
 -482314
 -425746
 -364369
 -299170
 -235829
 -181518
 -135534
  -99888
  -74676
  -57679
  -48395
  -45100
  -45971
  -48592
  -51588
  -54126
  -56209
  -58834
  -62780
  -68888
  -77584
  -89813
 -106281
 -127485
 -153479
 -183795
 -217604
 -254257
 -292510
 -331652
 -370869
 -408966
 -445207
 -479339
 -510903
 -539550
 -565371
 -588372
 -608750
 -626669
 -641967
 -654405
 -663508
 -668127
 -667405
 -660630
 -646755
 -624934
 -595075
 -557391
 -512492
 -461414
 -405865
 -347462
 -288068
 -229445
 -173842
 -123332
  -79319
  -42774
  -14530
    5072
   15947
   17967
   11560
   -1963
  -21001
  -44178
  -69776
  -96548
 -123453
 -149630
 -174844
 -198726
 -221736
 -244313
 -266781
 -289757
 -313673
 -338724
 -365268
 -393425
 -423041
 -453586
 -484901
 -516209
 -546561
 -575263
 -601336
 -623491
 -640907
 -652643
 -657642
 -654702
 -642750
 -622921
 -599945
 -574257
 -542838
 -507597
 -469749
 -429088
 -384170
 -332463
 -278004
 -227667
 -185019
 -151194
 -126476
 -110305
 -101092
  -99489
 -103475
 -109830
 -117258
 -124157
 -129323
 -132879
 -134715
 -135187
 -134857
 -134594
 -135156
 -137574
 -142839
 -151480
 -163812
 -180091
 -200268
 -224386
 -252218
 -283040
 -316145
 -351155
 -387270
 -424043
 -460791
 -496307
 -529812
 -560544
 -587614
 -610129
 -627582
 -639019
 -643466
 -640486
 -629754
 -611304
 -585370
 -552315
 -513031
 -469103
 -421816
 -372700
 -323690
 -276771
 -233182
 -194509
 -161852
 -136023
 -117399
 -105884
 -100937
 -101810
 -107364
 -116179
 -127302
 -139700
 -152064
 -163552
 -173668
 -182233
 -189299
 -195134
 -200267
 -205567
 -212099
 -220316
 -231371
 -245921
 -264558
 -287617
 -314965
 -346316
 -380872
 -417768
 -455961
 -493925
 -530551
 -564283
 -593555
 -617218
 -634245
 -643990
 -645304
 -637117
 -618928
 -592545
 -561620
 -528537
 -493230
 -453994
 -410281
 -364762
 -316660
 -264409
 -211460
 -163450
 -123743
  -94210
  -76667
  -71357
  -77878
  -94817
 -120169
 -151380
 -185128
 -218454
 -248983
 -274638
 -294052
 -307172
 -313946
 -314742
 -310653
 -303468
 -295102
 -287463
 -282220
 -280566
 -283337
 -291343
 -304529
 -322640
 -345153
 -370792
 -398387
 -426621
 -454208
 -479795
 -502134
 -519965
 -532736
 -540332
 -542317
 -538439
 -528974
 -513960
 -493817
 -469139
 -440463
 -408417
 -373874
 -337793
 -301215
 -265696
 -232369
 -202192
 -176642
 -156227
 -141365
 -132864
 -130438
 -133738
 -142707
 -156465
 -173960
 -194331
 -216465
 -239168
 -261056
 -281100
 -298401
 -311923
 -321297
 -326644
 -328459
 -327392
 -324599
 -321196
 -318478
 -317407
 -319260
 -325165
 -335765
 -351110
 -370797
 -394504
 -420960
 -448161
 -474307
 -497565
 -516413
 -529720
 -536762
 -536773
 -529410
 -514976
 -493576
 -465398
 -432221
 -395320
 -355651
 -315884
 -280246
 -250037
 -224825
 -204164
 -188526
 -178574
 -173954
 -173628
 -176964
 -183164
 -191335
 -201051
 -211821
 -222839
 -233771
 -244180
 -253556
 -261579
 -268154
 -273353
 -277270
 -279917
 -281722
 -283108
 -284975
 -287733
 -291783
 -297799
 -305840
 -316387
 -330243
 -347363
 -366758
 -387671
 -409378
 -432226
 -456893
 -480969
 -502969
 -523889
 -541901
 -550777
 -549748
 -543181
 -528201
 -494401
 -444826
 -384570
 -304673
 -199262
  -79030
   50132
  175536
  282479
  363481
  418137
  442139
  425641
  369603
  282956
  165991
   29369
 -105553
 -232301
 -348170
 -453656
 -551889
 -639142
 -717504
 -792256
 -866884
 -939591
-1008530
-1071474
-1125513
-1166899
-1192244
-1198907
-1184602
-1148439
-1090834
-1013657
 -919650
 -812299
 -696106
 -575643
 -455557
 -339790
 -231526
 -133186
  -45807
   30576
   96467
  153674
  203580
  246541
  284186
  318685
  350852
  380871
  407788
  429680
  444926
  452237
  449048
  432964
  402077
  354874
  290615
  209683
  112666
    1227
 -121848
 -253326
 -388965
 -524179
 -655093
 -778683
 -891379
 -990612
-1074024
-1139835
-1187520
-1217144
-1228887
-1223804
-1203629
-1169667
-1123325
-1065918
 -999269
 -924817
 -843866
 -757636
 -667098
 -573649
 -478522
 -382744
 -287415
 -193455
 -101864
  -14017
   69045
  146354
  216842
  279745
  334114
  379260
  414868
  440625
  456208
  461538
  456453
  440521
  413372
  375262
  326435
  266705
  196364
  116172
   27195
  -69582
 -173308
 -282602
 -395211
 -508806
 -621041
 -729047
 -830286
 -922322
-1002554
-1069073
-1120391
-1155444
-1173541
-1174782
-1159775
-1129135
-1084298
-1026808
 -958441
 -881402
 -797578
 -709080
 -617781
 -525571
 -433784
 -343712
 -256221
 -172084
  -91628
  -15327
   56341
  123116
  184535
  240095
  289298
  331646
  366701
  393581
  411768
  420644
  419404
  406986
  382780
  346446
  298238
  238768
  168353
   87700
   -2145
  -99561
 -202561
 -309030
 -416839
 -523952
 -628368
 -727763
 -819848
 -902611
 -973936
-1032293
-1076638
-1105774
-1119394
-1118078
-1102183
-1072195
-1029007
 -974093
 -908886
 -834886
 -754147
 -668510
 -579660
 -489348
 -398920
 -309689
 -222704
 -139275
  -60252
   13854
   82733
  145544
  201933
  251373
  293641
  328553
  355779
  374675
  384876
  386081
  377514
  358485
  328903
  288738
  238053
  177420
  107269
   28284
  -58027
 -150640
 -248057
 -348265
 -449369
 -549377
 -645898
 -736865
 -820232
 -894011
 -956470
-1006358
-1042864
-1064984
-1072775
-1066645
-1046727
-1013579
 -968403
 -912549
 -847690
 -775461
 -697511
 -615581
 -531040
 -445432
 -360258
 -276591
 -195403
 -117740
  -44033
   24931
   88506
  146386
  198257
  243740
  282689
  314512
  338418
  354029
  360981
  359029
  347873
  327164
  296358
  255578
  205054
  144688
   75188
   -2645
  -87572
 -178225
 -273114
 -370642
 -468716
 -564565
 -656276
 -742165
 -820254
 -888918
 -946648
 -992098
-1024261
-1042648
-1046964
-1037463
-1014654
 -979402
 -932611
 -875780
 -810512
 -738280
 -660599
 -579153
 -495833
 -411776
 -328303
 -246515
 -167724
  -92715
  -22074
   43410
  103276
  157216
  204953
  246056
  280127
  306784
  325850
  336894
  338994
  332229
  316583
  291813
  258099
  215461
  163871
  103632
   35328
  -40302
 -122036
 -208518
 -298621
 -390662
 -482520
 -572382
 -658415
 -738577
 -811607
 -876245
 -930020
 -971198
 -998258
-1010119
-1006728
 -988563
 -955997
 -909756
 -851478
 -783184
 -706852
 -625022
 -539286
 -451330
 -363580
 -277630
 -194672
 -116030
  -42444
   25670
   87474
  142363
  190212
  231210
  265258
  292039
  311086
  322589
  326486
  322218
  309586
  288659
  259288
  221583
  175899
  122363
   61399
   -6168
  -79619
 -157979
 -240210
 -325227
 -411055
 -496293
 -579731
 -659677
 -734251
 -801954
 -861494
 -911616
 -951120
 -978992
 -994370
 -996680
 -985974
 -962361
 -926507
 -879384
 -822359
 -756665
 -683832
 -605444
 -522938
 -438335
 -353531
 -270257
 -189687
 -112474
  -39989
   26540
   86456
  139323
  184911
  222606
  252364
  274603
  289311
  296523
  295976
  288010
  272813
  250235
  220447
  183573
  139643
   88622
   30800
  -33312
 -103075
 -177417
 -255359
 -335960
 -418026
 -499899
 -579703
 -655899
 -726744
 -791139
 -847228
 -893528
 -929318
 -955254
 -969026
 -966813
 -949938
 -919005
 -875322
 -820491
 -756265
 -684637
 -607732
 -527393
 -445803
 -364953
 -286238
 -210827
 -139644
  -73503
  -13063
   41182
   89228
  131032
  166355
  195235
  217843
  233993
  243494
  246265
  242180
  231229
  213517
  188971
  157654
  120003
   75833
   25488
  -30172
  -90971
 -156242
 -225182
 -296814
 -370047
 -443734
 -516649
 -587665
 -655363
 -718169
 -774933
 -824178
 -864419
 -894622
 -913712
 -920915
 -916268
 -899754
 -871443
 -831992
 -782175
 -723303
 -657138
 -585080
 -508761
 -430320
 -351686
 -273885
 -198687
 -127441
  -60851
    -324
   53340
  100135
  139555
  171535
  196078
  213459
  223914
  227736
  225328
  216942
  202706
  182728
  156876
  125416
   88004
   44717
   -4007
  -57839
 -116203
 -178759
 -245039
 -314450
 -385805
 -457561
 -528474
 -596912
 -661119
 -719901
 -772090
 -816238
 -851266
 -875952
 -889692
 -892294
 -883804
 -864150
 -833754
 -793308
 -743601
 -685900
 -621699
 -552343
 -479382
 -404318
 -328442
 -253703
 -181512
 -113109
  -49576
    8078
   58855
  102263
  138776
  168055
  189831
  204341
  212525
  214247
  209187
  198240
  181417
  158541
  130007
   96202
   57233
   13264
  -35537
  -89189
 -147235
 -208780
 -272983
 -339140
 -406382
 -473769
 -539892
 -603256
 -662662
 -716819
 -764232
 -803970
 -834956
 -855983
 -866887
 -867280
 -856567
 -835222
 -803829
 -762845
 -713315
 -656418
 -593485
 -525786
 -455005
 -383028
 -311212
 -240350
 -172103
 -110517
  -58442
  -12441
   31473
   76954
  127074
  184639
  251036
  326907
  418099
  522225
  625897
  719070
  792691
  839413
  853630
  831467
  771623
  675283
  545790
  388213
  208942
   15095
 -186047
 -387352
 -582741
 -767323
 -936480
-1086964
-1216838
-1324951
-1411179
-1475980
-1519289
-1541481
-1543470
-1525454
-1487882
-1431596
-1356699
-1263630
-1153760
-1029440
 -893621
 -749178
 -599823
 -449357
 -301518
 -159999
  -27941
   92449
  199413
  292295
  371380
  437795
  493012
  538665
  576652
  608699
  635855
  658884
  677404
  690359
  696254
  692840
  676952
  645560
  596435
  527383
  437275
  325697
  192937
   40640
 -128011
 -309166
 -498059
 -688775
 -875141
-1050840
-1210241
-1348355
-1460888
-1544717
-1598014
-1620011
-1611191
-1573588
-1509968
-1423295
-1317374
-1196562
-1065160
 -927217
 -786546
 -646517
 -509733
 -378809
 -255080
 -139303
  -32223
   66127
  156120
  238189
  313049
  381452
  443764
  500215
  551210
  596188
  634174
  664347
  685424
  696079
  694651
  679323
  648799
  601966
  537670
  455507
  355525
  238099
  104207
  -43532
 -202235
 -368612
 -538574
 -707860
 -871964
-1026454
-1166894
-1289451
-1390306
-1466666
-1516620
-1539118
-1534048
-1502309
-1445731
-1366161
-1267188
-1152574
-1025889
 -891349
 -752967
 -614317
 -478766
 -349033
 -227071
 -113765
   -9860
   84272
  168389
  243549
  311018
  371478
  425503
  473605
  516010
  552739
  582931
  605500
  619426
  623762
  617180
  597378
  562751
  512752
  446459
  363102
  262793
  146640
   16057
 -126894
 -279471
 -438238
 -599039
 -757661
 -909953
-1051539
-1178230
-1286233
-1372286
-1434388
-1471116
-1481680
-1466335
-1426222
-1363157
-1279636
-1178669
-1063717
 -938536
 -806988
 -672538
 -538378
 -407638
 -282587
 -164931
  -56353
   42533
  131791
  211319
  281444
  342991
  396772
  443751
  484454
  518839
  546760
  568042
  581912
  587241
  582705
  567549
  540659
  500580
  446415
  377307
  293141
  193888
   80160
  -46709
 -184227
 -329417
 -479158
 -629686
 -777019
 -917228
-1046579
-1161361
-1258233
-1334205
-1387335
-1416492
-1421269
-1401594
-1358625
-1294227
-1211102
-1111773
 -999474
 -877706
 -749938
 -619720
 -490211
 -364017
 -243457
 -130279
  -25843
   69138
  154713
  230948
  297964
  356247
  406420
  449109
  484795
  513462
  535397
  550403
  557983
  557309
  547278
  526476
  494075
  449569
  391857
  320385
  235022
  135944
   24041
  -98783
 -230445
 -368586
 -509995
 -651329
 -788824
 -918833
-1037799
-1142344
-1229471
-1296886
-1342922
-1366032
-1366052
-1343529
-1299248
-1234876
-1152771
-1055819
 -947002
 -829338
 -706269
 -581096
 -456805
 -336030
 -220935
 -113373
  -14275
   75953
  156738
  228313
  291208
  345990
  392941
  432362
  464677
  490118
  508914
  520879
  525297
  521267
  507688
  484087
  449452
  402622
  343136
  270753
  185352
   87458
  -21435
 -139808
 -266005
 -397424
 -531097
 -664131
 -792999
 -913973
-1023793
-1119575
-1198269
-1257445
-1295907
-1312634
-1307645
-1281435
-1234910
-1169721
-1088054
 -992624
 -886602
 -773198
 -655256
 -535636
 -417229
 -302381
 -192571
  -89530
    5545
   91935
  168990
  236922
  296124
  346827
  389613
  425123
  453500
  474770
  489105
  496427
  496406
  488149
  470922
  443752
  405659
  356039
  294903
  222485
  138411
   43050
  -62417
 -176613
 -297568
