 -875494
 -877210
 -879161
 -881397
 -883912
 -886530
 -889642
 -893142
 -896658
 -900246
 -903742
 -907092
 -910100
 -912622
 -914541
 -915930
 -917106
 -917955
 -918334
 -918516
 -918665
 -918785
 -919065
 -919410
 -919554
 -919383
 -919031
 -918941
 -918874
 -918534
 -918171
 -917741
 -916900
 -915533
 -913923
 -912426
 -910678
 -908460
 -906189
 -904003
 -902068
 -900175
 -898048
 -895897
 -893680
 -891453
 -889291
 -886969
 -884645
 -882422
 -880320
 -878558
 -876980
 -875571
 -874676
 -874238
 -874160
 -874241
 -874438
 -874841
 -875256
 -875584
 -876094
 -876665
 -877479
 -878241
 -879052
 -880106
 -881360
 -882629
 -884129
 -885900
 -887780
 -889622
 -891414
 -893325
 -895040
 -896669
 -898345
 -899923
 -900925
 -901396
 -901758
 -901937
 -901957
 -902305
 -903038
 -903932
 -904953
 -906236
 -908036
 -910227
 -912530
 -914819
 -916973
 -918984
 -920620
 -921726
 -922320
 -922479
 -922051
 -920975
 -919422
 -917709
 -915940
 -914110
 -911950
 -909806
 -907614
 -905440
 -903655
 -902127
 -900782
 -899824
 -899098
 -898233
 -897473
 -897142
 -896966
 -896301
 -894722
 -892812
 -890778
 -888453
 -886132
 -883829
 -881847
 -880886
 -880153
 -879509
 -879101
 -879293
 -879872
 -880358
 -880952
 -881088
 -880954
 -880750
 -880809
 -881332
 -882434
 -884603
 -887057
 -888788
 -890398
 -892604
 -895718
 -898658
 -900494
 -901685
 -902654
 -903451
 -904270
 -905431
 -906750
 -907892
 -908614
 -908929
 -909085
 -909512
 -910145
 -911024
 -912063
 -913120
 -914147
 -915185
 -916021
 -916749
 -917377
 -917992
 -918517
 -918752
 -919128
 -919147
 -918803
 -918369
 -917307
 -915584
 -913378
 -910953
 -908326
 -905415
 -902376
 -899344
 -896840
 -895056
 -893517
 -892383
 -891694
 -891356
 -891125
 -890517
 -890021
 -890074
 -890628
 -891567
 -892548
 -893636
 -895191
 -896778
 -897855
 -898058
 -897549
 -896678
 -895488
 -893721
 -891193
 -888260
 -885768
 -884355
 -883435
 -883047
 -883046
 -883479
 -884681
 -886577
 -889110
 -891587
 -894356
 -897644
 -901223
 -904538
 -907553
 -910334
 -913221
 -915956
 -917963
 -919162
 -919312
 -918921
 -917894
 -916382
 -914571
 -912574
 -910436
 -908681
 -907359
 -906389
 -905944
 -905929
 -906346
 -907217
 -908383
 -909685
 -911325
 -912954
 -914346
 -915677
 -916745
 -917371
 -917638
 -917468
 -916562
 -915248
 -913665
 -911680
 -909163
 -906257
 -903159
 -900246
 -897952
 -896163
 -894418
 -892853
 -891771
 -891421
 -891644
 -892161
 -892803
 -893630
 -894424
 -895011
 -895547
 -896031
 -896655
 -897361
 -897943
 -898180
 -898049
 -897565
 -896864
 -896323
 -896057
 -895917
 -895747
 -895681
 -896038
 -896726
 -897818
 -899133
 -900476
 -901591
 -902926
 -903965
 -904770
 -905291
 -905718
 -905949
 -906331
 -907155
 -908141
 -908982
 -909669
 -910570
 -911636
 -912884
 -914251
 -915476
 -916914
 -918527
 -919796
 -920471
 -920558
 -920070
 -919004
 -917270
 -915081
 -912782
 -911100
 -909653
 -908136
 -906431
 -904905
 -903902
 -903566
 -903864
 -904820
 -906386
 -908501
 -910852
 -913271
 -915261
 -916594
 -917654
 -917996
 -916638
 -913659
 -910076
 -906389
 -903052
 -900792
 -899462
 -898458
 -898353
 -900015
 -904540
 -903510
 -897683
 -896884
 -896521
 -895688
 -896723
 -898329
 -896606
 -893368
 -886462
 -873685
 -863906
 -858747
 -859067
 -867012
 -877786
 -888844
 -900377
 -911629
 -922516
 -932351
 -940537
 -946411
 -949648
 -950269
 -948174
 -943751
 -937683
 -930500
 -922558
 -914216
 -906203
 -899414
 -894208
 -891014
 -890154
 -891783
 -895545
 -900575
 -906351
 -912534
 -918538
 -923830
 -927010
 -927670
 -926652
 -923773
 -919689
 -915305
 -911255
 -907635
 -904903
 -903158
 -902160
 -902080
 -902584
 -903755
 -905445
 -907445
 -909609
 -911416
 -912249
 -911824
 -910925
 -909554
 -907686
 -905738
 -903867
 -902289
 -901426
 -901030
 -900986
 -901499
 -902213
 -902724
 -902907
 -902887
 -902916
 -902935
 -902660
 -902256
 -902077
 -901971
 -902241
 -903706
 -904993
 -905767
 -908900
 -911692
 -913785
 -915295
 -916505
 -917514
 -918335
 -919090
 -920113
 -920582
 -920138
 -919207
 -917811
 -916169
 -914463
 -912778
 -911138
 -909685
 -908369
 -907459
 -907248
 -907585
 -908489
 -909953
 -911740
 -913465
 -914908
 -915566
 -916005
 -918013
 -920704
 -922720
 -923737
 -924031
 -923777
 -922644
 -920721
 -917967
 -913593
 -908420
 -903942
 -900703
 -898889
 -898370
 -898871
 -899138
 -897928
 -895944
 -894734
 -899946
 -916132
 -945459
 -983379
-1014506
-1031146
-1033243
-1022388
 -999564
 -966539
 -926990
 -883575
 -839143
 -797106
 -760623
 -732170
 -713416
 -705963
 -710975
 -728468
 -756925
 -794490
 -838956
 -887262
 -935926
 -981175
-1019876
-1049965
-1070285
-1079625
-1077781
-1065730
-1045288
-1019092
 -989030
 -957362
 -927135
 -901328
 -881751
 -868744
 -861950
 -861486
 -867232
 -877966
 -891923
 -906913
 -921358
 -934215
 -944556
 -951586
 -955090
 -955471
 -953024
 -948205
 -941152
 -932233
 -922525
 -912538
 -902817
 -893695
 -885178
 -877676
 -871538
 -866503
 -862754
 -860466
 -860625
 -863300
 -868016
 -874289
 -882236
 -891568
 -901597
 -911877
 -921564
 -930188
 -937069
 -941674
 -943691
 -943322
 -940739
 -936137
 -929875
 -922813
 -915686
 -909454
 -904752
 -901758
 -900816
 -901838
 -904524
 -908771
 -914022
 -919950
 -925579
 -930232
 -933470
 -935034
 -934913
 -933259
 -930165
 -926265
 -922145
 -918246
 -914885
 -911787
 -909446
 -908169
 -908145
 -908555
 -909175
 -909794
 -910350
 -910993
 -911564
 -911704
 -911449
 -911295
 -911909
 -912996
 -914148
 -915561
 -917436
 -919944
 -922520
 -924765
 -926510
 -927524
 -928053
 -927802
 -926903
 -925342
 -923379
 -921396
 -919227
 -917043
 -915163
 -914032
 -913988
 -914698
 -915624
 -916634
 -917627
 -918479
 -919059
 -919211
 -918570
 -917280
 -915664
 -913727
 -911619
 -909637
 -907885
 -906402
 -905204
 -904627
 -904973
 -906754
 -909764
 -911581
 -913263
 -916109
 -919536
 -923052
 -925265
 -925414
 -921531
 -910534
 -894412
 -873517
 -857984
 -845776
 -836253
 -833338
 -839897
 -854539
 -846219
 -832717
 -834081
 -850453
 -879941
 -920073
 -966908
-1016801
-1065656
-1109644
-1145605
-1170902
-1183867
-1182955
-1167884
-1139386
-1099325
-1050347
 -995097
 -936657
 -878955
 -825417
 -778948
 -742013
 -716753
 -704185
 -703974
 -715527
 -737408
 -767164
 -802097
 -839424
 -876239
 -909732
 -937764
 -958724
 -971505
 -976150
 -973217
 -963581
 -949259
 -932157
 -914065
 -896844
 -882121
 -870928
 -864036
 -862223
 -865456
 -872963
 -884130
 -898199
 -914130
 -930674
 -946493
 -961082
 -973604
 -983778
 -991306
 -995635
 -996859
 -995100
 -990914
 -984750
 -976659
 -967020
 -956328
 -945267
 -933932
 -922689
 -912034
 -902707
 -895603
 -891036
 -889004
 -889279
 -891917
 -896723
 -903001
 -910140
 -917226
 -923667
 -929177
 -932979
 -934540
 -933794
 -931054
 -927082
 -921960
 -916296
 -910550
 -905280
 -901368
 -898838
 -898013
 -898836
 -901265
 -905403
 -910648
 -916228
 -921738
 -926894
 -931403
 -934547
 -936401
 -937392
 -937656
 -937171
 -935917
 -934047
 -931825
 -929270
 -926737
 -924223
 -921848
 -919765
 -917665
 -915590
 -913509
 -911335
 -909172
 -907298
 -905953
 -905299
 -905139
 -905359
 -906462
 -909118
 -912548
 -915677
 -919975
 -925061
 -931061
 -936893
 -940750
 -940090
 -933939
 -933106
 -959474
 -984325
 -974778
 -945573
 -912462
 -879185
 -847866
 -814744
 -776826
 -755226
 -761975
 -809193
 -864657
 -916737
 -966450
-1012408
-1052355
-1084104
-1105650
-1115620
-1113593
-1099250
-1073560
-1038603
 -996994
 -951457
 -905202
 -861736
 -824627
 -796450
 -778884
 -772959
 -778955
 -796044
 -822086
 -854450
 -889899
 -925317
 -957840
 -984748
-1003625
-1013121
-1013142
-1004766
 -989438
 -968852
 -945105
 -920761
 -897990
 -878497
 -863416
 -853583
 -849334
 -850013
 -855064
 -863472
 -874046
 -885729
 -897658
 -908979
 -919273
 -928469
 -936560
 -943584
 -949422
 -954169
 -958207
 -961393
 -963408
 -964169
 -963106
 -959922
 -954818
 -948051
 -939819
 -930625
 -921261
 -912451
 -905396
 -900853
 -899027
 -900240
 -904922
 -912616
 -922489
 -933446
 -944465
 -954382
 -962198
 -967216
 -968982
 -967652
 -962917
 -955254
 -945769
 -935304
 -924489
 -914674
 -906689
 -901122
 -898246
 -897939
 -899768
 -903106
 -907744
 -912802
 -917152
 -920329
 -922492
 -923724
 -923924
 -923204
 -922195
 -921191
 -920437
 -920165
 -920436
 -921459
 -923149
 -925072
 -926759
 -927886
 -928462
 -928356
 -927343
 -925680
 -923617
 -921437
 -919220
 -917421
 -916426
 -916378
 -917318
 -919352
 -922263
 -925819
 -929747
 -933339
 -936328
 -938385
 -939554
 -939793
 -938678
 -936724
 -934425
 -931551
 -928682
 -926325
 -924547
 -923770
 -923891
 -924969
 -926898
 -929176
 -931880
 -934588
 -936557
 -937746
 -938220
 -938238
 -937870
 -936942
 -935446
 -933949
 -932513
 -930997
 -929695
 -928920
 -928707
 -928912
 -929180
 -929443
 -929647
 -929312
 -928512
 -927367
 -926208
 -925128
 -923969
 -922789
 -921776
 -921112
 -920803
 -921059
 -922109
 -923254
 -924459
 -925836
 -926994
 -927585
 -927218
 -926276
 -924958
 -923300
 -921472
 -919807
 -918574
 -917778
 -917735
 -918678
 -920228
 -922157
 -924620
 -927295
 -930127
 -932747
 -934638
 -935807
 -936387
 -936246
 -935327
 -933778
 -931870
 -930225
 -929253
 -928990
 -929407
 -930336
 -931881
 -933652
 -935216
 -936661
 -937928
 -938815
 -939252
 -939272
 -938611
 -937402
 -936129
 -934820
 -933677
 -932916
 -932592
 -932441
 -932562
 -932818
 -932996
 -933187
 -933276
 -933547
 -933592
 -933236
 -932665
 -931732
 -930722
 -929584
 -928876
 -929384
 -929500
 -928888
 -928189
 -927262
 -926144
 -925045
 -923794
 -922443
 -921429
 -920827
 -920564
 -920784
 -921353
 -922731
 -925282
 -930645
 -937812
 -942697
 -943643
 -941085
 -934935
 -927477
 -918059
 -911018
 -920162
 -945953
 -968201
 -981273
 -985410
 -982455
 -973966
 -960989
 -944526
 -925505
 -905290
 -885646
 -868173
 -853682
 -842783
 -836680
 -836265
 -841747
 -852804
 -868592
 -888435
 -911444
 -936114
 -960245
 -981917
-1000111
-1014013
-1022637
-1025278
-1021878
-1013184
-1000884
 -985536
 -968385
 -951137
 -935269
 -922076
 -912036
 -905426
 -902547
 -903700
 -908129
 -914706
 -922260
 -930359
 -938237
 -944669
 -949246
 -951598
 -951450
 -949336
 -945763
 -941098
 -935817
 -930449
 -925318
 -920825
 -917006
 -913838
 -911303
 -909436
 -908188
 -907562
 -907574
 -908329
 -909393
 -910679
 -912527
 -914847
 -917856
 -921439
 -925340
 -929718
 -934090
 -938235
 -941773
 -944443
 -946405
 -947256
 -947046
 -945912
 -943947
 -941743
 -939521
 -937172
 -934957
 -933334
 -932451
 -932374
 -933363
 -935304
 -937639
 -940279
 -943152
 -945952
 -948046
 -949167
 -949212
 -948318
 -946655
 -944347
 -941645
 -938943
 -936276
 -933507
 -931072
 -929295
 -928411
 -928414
 -928881
 -929720
 -930865
 -932181
 -933495
 -934721
 -935736
 -936651
 -937084
 -937101
 -937311
 -937848
 -938628
 -939560
 -940285
 -940840
 -941123
 -940990
 -940854
 -940976
 -941961
 -942962
 -943140
 -941620
 -934709
 -913182
 -889562
 -876057
 -868781
 -867563
 -872495
 -882767
 -897493
 -915955
 -936503
 -957614
 -968917
 -950801
 -928903
 -915518
 -910606
 -913924
 -925726
 -944158
 -966766
 -991819
-1016926
-1039849
-1059500
-1074457
-1083066
-1084683
-1078794
-1064994
-1043199
-1014321
 -980393
 -943411
 -905257
 -867794
 -834130
 -807054
 -787874
 -777428
 -776517
 -785021
 -801876
 -825107
 -852935
 -883028
 -913043
 -940353
 -963199
 -980363
 -991004
 -994677
 -991861
 -983890
 -971907
 -957784
 -943280
 -929921
 -919071
 -911843
 -908902
 -909961
 -914253
 -921006
 -929494
 -939242
 -949479
 -960109
 -971838
 -982385
 -989514
 -992747
 -992365
 -989319
 -984439
 -978233
 -971190
 -963872
 -956297
 -948404
 -940327
 -932555
 -925408
 -918883
 -913346
 -909093
 -906388
 -905488
 -906599
 -909510
 -914168
 -920397
 -927555
 -934870
 -941796
 -947576
 -952025
 -954890
 -955654
 -953991
 -950486
 -945746
 -940288
 -934642
 -929353
 -925065
 -922111
 -920666
 -921157
 -923622
 -927639
 -932627
 -938162
 -943874
 -949190
 -953801
 -957084
 -958651
 -958915
 -958024
 -956074
 -953430
 -950281
 -946975
 -944058
 -941435
 -939405
 -938139
 -937230
 -936258
 -934846
 -933660
 -933178
 -933273
 -933403
 -933570
 -933742
 -933895
 -936487
 -943849
 -951844
 -964667
 -991217
-1013697
-1024301
-1023772
-1012647
 -992098
 -964547
 -931912
 -896592
 -861217
 -828269
 -800714
 -781029
 -770463
 -769283
 -778204
 -797532
 -826306
 -862078
 -902317
 -944933
 -986977
-1025119
-1056739
-1080025
-1094529
-1099498
-1094569
-1080637
-1059726
-1034054
-1005697
 -977088
 -950649
 -928445
 -911756
 -901274
 -896662
 -897254
 -902198
 -910630
 -921324
 -932783
 -943404
 -952475
 -959595
 -964245
 -965789
 -964510
 -961087
 -955957
 -949553
 -942399
 -934837
 -927191
 -919717
 -912364
 -905217
 -898778
 -893330
 -889201
 -886397
 -885280
 -886114
 -888936
 -893896
 -901079
 -910152
 -920748
 -932343
 -944010
 -955071
 -964563
 -972115
 -977471
 -979884
 -979407
 -976492
 -971329
 -964638
 -957386
 -950338
 -944253
 -939849
 -937142
 -936059
 -936856
 -939617
 -943808
 -948690
 -953588
 -958088
 -961411
 -963010
 -963138
 -962107
 -960190
 -957408
 -953944
 -950144
 -946042
 -942334
 -939509
 -937505
 -935980
 -934915
 -934407
 -934448
 -934514
 -931807
 -920943
 -898435
 -878993
 -868058
 -865782
 -871620
 -885334
 -905413
 -929782
 -956879
 -985034
-1012040
-1035885
-1054602
-1066799
-1071839
-1068676
-1057256
-1038425
-1013851
 -985626
 -955150
 -924759
 -897146
 -874053
 -856231
 -844603
 -840593
 -843930
 -853144
 -866902
 -884257
 -903865
 -923424
 -941192
 -955758
 -966434
 -973016
 -975188
 -973608
 -969138
 -962230
 -953880
 -945148
 -936946
