 -909940
 -911347
 -912301
 -912624
 -912096
 -911377
 -911063
 -911437
 -912669
 -915093
 -918498
 -922411
 -926586
 -930682
 -934564
 -938942
 -942890
 -943533
 -941127
 -936846
 -931764
 -925952
 -920876
 -918219
 -917312
 -917563
 -917863
 -916158
 -918188
 -930779
 -944288
 -953423
 -959215
 -965375
 -985129
-1048231
-1142667
-1222053
-1262537
-1258754
-1215351
-1137011
-1021964
 -872687
 -709628
 -554584
 -421544
 -319720
 -255978
 -234942
 -258675
 -325891
 -431864
 -569856
 -731042
 -904653
-1078402
-1240774
-1381300
-1490749
-1561696
-1589618
-1573827
-1517610
-1426993
-1310523
-1178353
-1041503
 -911026
 -796616
 -706069
 -644636
 -614875
 -616424
 -645791
 -697506
 -764636
 -839669
 -914456
 -982290
-1037605
-1076371
-1096463
-1097764
-1081966
-1052327
-1012392
 -966499
 -919026
 -873164
 -831932
 -797857
 -772418
 -755946
 -747816
 -747500
 -754059
 -766554
 -784043
 -805804
 -830942
 -858810
 -889130
 -920908
 -953107
 -984205
-1012889
-1037385
-1055801
-1066690
-1069304
-1063764
-1050425
-1030066
-1004055
 -974286
 -943053
 -912966
 -887024
 -867861
 -856831
 -855118
 -862364
 -877171
 -897466
 -921201
 -945844
 -968353
 -985984
 -997491
-1001936
 -998924
 -988962
 -973412
 -954042
 -932836
 -912000
 -893708
 -879356
 -869940
 -865705
 -866333
 -871119
 -879142
 -889171
 -899634
 -909327
 -917691
 -924527
 -929680
 -933329
 -935732
 -937426
 -939492
 -942263
 -945811
 -950103
 -954912
 -959758
 -963969
 -966915
 -967827
 -966996
 -964463
 -960086
 -954072
 -946684
 -938884
 -932420
 -929250
 -930150
 -933851
 -938662
 -944032
 -949333
 -953187
 -954664
 -953055
 -948350
 -940363
 -929117
 -915328
 -900394
 -885447
 -871193
 -858209
 -847310
 -839943
 -837489
 -840556
 -848708
 -861485
 -877998
 -897081
 -917236
 -936396
 -953344
 -967057
 -977297
 -984794
 -988901
 -989294
 -985768
 -979361
 -974755
 -982627
-1013263
-1047960
-1069610
-1075973
-1066829
-1043315
-1008137
 -963586
 -912941
 -860214
 -809598
 -765292
 -730634
 -708255
 -700144
 -707076
 -728809
 -764113
 -810378
 -864447
 -922771
 -980987
-1034670
-1080122
-1114388
-1135271
-1141724
-1133915
-1112915
-1081185
-1041866
 -998582
 -956301
 -918881
 -888516
 -867305
 -855911
 -854469
 -861997
 -877171
 -897772
 -916441
 -929397
 -937404
 -939856
 -935985
 -927344
 -916202
 -904290
 -894314
 -888103
 -885234
 -886338
 -890852
 -896711
 -903593
 -911548
 -920019
 -928606
 -937538
 -945065
 -948637
 -948342
 -945052
 -939653
 -933712
 -928587
 -923622
 -919438
 -916573
 -916501
 -919737
 -925754
 -934175
 -943486
 -951941
 -958574
 -962515
 -963489
 -961304
 -956088
 -948981
 -941384
 -933913
 -927385
 -922601
 -918818
 -915421
 -913427
 -914001
 -916661
 -920897
 -926905
 -933143
 -938078
 -941302
 -942016
 -941211
 -940240
 -939367
 -938468
 -937958
 -937758
 -938312
 -939573
 -941571
 -943971
 -946646
 -949017
 -949981
 -949110
 -946534
 -942737
 -938152
 -932926
 -927424
 -922431
 -918048
 -914856
 -913266
 -913196
 -914720
 -917625
 -921516
 -926023
 -930576
 -934772
 -938376
 -940937
 -941804
 -941164
 -939264
 -936365
 -933232
 -930253
 -927796
 -926075
 -925511
 -925976
 -927185
 -929210
 -931352
 -933398
 -934843
 -935675
 -936273
 -936328
 -935851
 -935362
 -934501
 -933463
 -932655
 -932021
 -931562
 -931471
 -931915
 -933008
 -934203
 -935368
 -936582
 -937433
 -937566
 -936720
 -934132
 -929636
 -924596
 -920420
 -918014
 -917207
 -918586
 -923601
 -930945
 -936900
 -940791
 -947492
 -967008
 -996190
-1019713
-1034889
-1040616
-1036609
-1023111
-1001493
 -973731
 -941991
 -908519
 -876106
 -847377
 -824143
 -807610
 -798781
 -798532
 -806919
 -823221
 -845587
 -872571
 -902399
 -932872
 -961919
 -987376
-1007739
-1022127
-1029944
-1030991
-1025314
-1014146
 -998837
 -980694
 -961188
 -941904
 -924631
 -910694
 -900723
 -895076
 -893890
 -897143
 -904041
 -914308
 -927003
 -939962
 -952017
 -962928
 -971793
 -977444
 -980044
 -979730
 -975973
 -968307
 -957173
 -943863
 -929364
 -915112
 -901966
 -890296
 -880941
 -874775
 -871861
 -872217
 -875970
 -882960
 -892688
 -904737
 -918447
 -933114
 -947508
 -960840
 -972698
 -982374
 -989086
 -992118
 -991562
 -987321
 -979860
 -970173
 -959242
 -947948
 -937040
 -927394
 -920065
 -915402
 -913223
 -913526
 -916260
 -920962
 -927035
 -933847
 -940779
 -946849
 -951398
 -954396
 -955470
 -954715
 -952231
 -948209
 -942743
 -936412
 -930029
 -924397
 -920182
 -917314
 -915371
 -914614
 -915699
 -918256
 -921648
 -925572
 -930026
 -934846
 -939288
 -942959
 -946035
 -948165
 -949490
 -949882
 -949387
 -948205
 -946518
 -944750
 -943049
 -941824
 -940612
 -938303
 -936409
 -934303
 -931836
 -929941
 -929064
 -926980
 -911128
 -896345
 -900838
 -913198
 -927642
 -943049
 -958218
 -971934
 -983054
 -990680
 -994524
 -994640
 -991027
 -983746
 -973508
 -961063
 -946861
 -932004
 -918441
 -908120
 -901670
 -898456
 -897505
 -898721
 -902145
 -907684
 -914372
 -921329
 -928267
 -934703
 -939962
 -943421
 -944773
 -944144
 -942222
 -939112
 -935224
 -931494
 -928605
 -927035
 -926614
 -927744
 -930431
 -934094
 -938611
 -943608
 -948684
 -953545
 -957665
 -960370
 -961696
 -961957
 -961255
 -959534
 -957241
 -954561
 -951964
 -949773
 -948065
 -946615
 -945381
 -944511
 -943910
 -943310
 -942565
 -941728
 -940556
 -938762
 -936858
 -935240
 -933937
 -932867
 -931982
 -931111
 -930101
 -929254
 -929067
 -929655
 -931009
 -933130
 -935730
 -938145
 -940223
 -941535
 -942043
 -941999
 -941540
 -940717
 -939798
 -939034
 -938504
 -938166
 -938186
 -938341
 -938523
 -939023
 -939852
 -940801
 -941615
 -942304
 -942969
 -943420
 -943623
 -943573
 -943436
 -943250
 -942655
 -941532
 -939611
 -937207
 -935067
 -933876
 -933983
 -934730
 -935843
 -938979
 -932564
 -916293
 -914031
 -924974
 -950244
 -975655
 -996670
-1011890
-1020523
-1022271
-1017105
-1005556
 -988534
 -967597
 -944332
 -920143
 -896500
 -875062
 -857501
 -845529
 -839803
 -841198
 -849502
 -863943
 -883655
 -906644
 -930960
 -954988
 -976915
 -993662
-1000830
 -992819
 -966626
 -936041
 -910702
 -894221
 -887287
 -889509
 -900232
 -918815
 -943856
 -973166
-1004139
-1034127
-1060503
-1080924
-1093361
-1096455
-1089564
-1072851
-1047190
-1014596
 -977040
 -937488
 -899345
 -865153
 -837136
 -817637
 -807552
 -806772
 -814620
 -829899
 -850929
 -875221
 -900371
 -923817
 -943881
 -959103
 -968727
 -972753
 -971837
 -966790
 -959013
 -949831
 -940435
 -932199
 -926425
 -923444
 -923184
 -925622
 -929958
 -935167
 -940968
 -946627
 -951572
 -955723
 -959360
 -963174
 -967599
 -971615
 -975729
 -980693
 -985247
 -988231
 -989790
 -989267
 -986052
 -980036
 -971371
 -960639
 -948372
 -935342
 -922433
 -910687
 -901408
 -895256
 -892604
 -893901
 -899020
 -907436
 -918305
 -930959
 -944017
 -956044
 -966418
 -974137
 -978162
 -978242
 -974500
 -967664
 -958954
 -949248
 -939879
 -932028
 -926477
 -923679
 -923791
 -926456
 -931205
 -936918
 -943047
 -948738
 -953134
 -955870
 -956543
 -954993
 -952063
 -948740
 -945301
 -942033
 -939478
 -937900
 -937248
 -937815
 -939579
 -942084
 -944978
 -947710
 -949793
 -950842
 -950537
 -949227
 -947196
 -944253
 -940694
 -937226
 -934407
 -932712
 -932355
 -932970
 -934457
 -936624
 -939301
 -942044
 -944678
 -946708
 -947909
 -948418
 -948370
 -947958
 -946744
 -945194
 -943693
 -942843
 -943353
 -945218
 -947680
 -950150
 -952652
 -954965
 -956294
 -956169
 -954443
 -951483
 -948049
 -944872
 -942613
 -941167
 -941114
 -942995
 -946224
 -951098
 -957794
 -964602
 -971195
 -976863
 -976777
 -964636
 -944137
 -920386
 -902085
 -891097
 -887072
 -890100
 -899850
 -914532
 -932766
 -953035
 -974154
 -994535
-1012614
-1026856
-1035986
-1039014
-1035509
-1025330
-1009136
 -987682
 -962429
 -935670
 -909325
 -885381
 -865669
 -851601
 -844538
 -844565
 -850981
 -863402
 -880697
 -901189
 -922670
 -943379
 -961665
 -976214
 -986236
 -991243
 -991586
 -987990
 -981682
 -973977
 -965933
 -957932
 -950569
 -944663
 -940896
 -939026
 -938850
 -940088
 -941987
 -943943
 -945537
 -946787
 -947671
 -948407
 -949335
 -950388
 -951895
 -954190
 -957346
 -961279
 -965739
 -970119
 -973644
 -975836
 -976329
 -974930
 -971762
 -966714
 -959936
 -952209
 -943950
 -935733
 -928324
 -922760
 -919650
 -918960
 -920474
 -924292
 -930062
 -937135
 -944407
 -950795
 -956107
 -959723
 -961251
 -960655
 -958009
 -953750
 -948384
 -941839
 -934528
 -928287
 -924471
 -923212
 -924609
 -928389
 -934293
 -941635
 -949256
 -956700
 -962938
 -967247
 -969669
 -970262
 -969084
 -966643
 -963028
 -958796
 -954126
 -949591
 -945555
 -942650
 -940845
 -939801
 -939429
 -939695
 -940734
 -942627
 -944996
 -947511
 -949881
 -951774
 -952975
 -953212
 -952081
 -949816
 -946746
 -943371
 -939934
 -936461
 -933489
 -931829
 -931654
 -932758
 -935156
 -938744
 -943381
 -948764
 -954226
 -959536
 -964461
 -969422
 -974899
 -979649
 -981986
 -981181
 -977925
 -972849
 -966680
 -960203
 -953640
 -947559
 -942597
 -939607
 -938768
 -939371
 -940653
 -942601
 -945097
 -948070
 -951225
 -953939
 -955802
 -956899
 -957251
 -956644
 -955098
 -953194
 -954301
 -951905
 -937544
 -916866
 -897265
 -884574
 -879745
 -882658
 -892437
 -907980
 -927540
 -949596
 -972367
 -993980
-1013263
-1028865
-1039359
-1043793
-1042024
-1034462
-1021524
-1004379
 -983968
 -961959
 -939944
 -919632
 -902315
 -888935
 -880353
 -876754
 -878054
 -884185
 -894174
 -906798
 -921264
 -936434
 -950920
 -963690
 -974245
 -981690
 -985289
 -985890
 -983768
 -979261
 -973018
 -965592
 -957549
 -949694
 -942785
 -937283
 -933709
 -931895
 -932138
 -934290
 -937943
 -942367
 -947095
 -952425
 -958212
 -963883
 -968751
 -972426
 -976276
 -983047
 -984424
 -973020
 -959033
 -946960
 -937586
 -931004
 -927327
 -926635
 -928723
 -933230
 -939796
 -947795
 -956581
 -965350
 -973672
 -980989
 -986591
 -989729
 -990255
 -988050
 -983222
 -976187
 -967636
 -957988
 -947514
 -937057
 -927287
 -919315
 -913773
 -910870
 -910876
 -913785
 -919389
 -926773
 -935271
 -944395
 -953422
 -961590
 -968214
 -972730
 -974773
 -974303
 -971884
 -968023
 -963111
 -957518
 -951947
 -946950
 -942864
 -939998
 -938898
 -939588
 -941687
 -944731
 -948130
 -952005
 -956039
 -959721
 -962615
 -965026
 -966953
 -967990
 -969542
 -982425
-1014971
-1052498
-1077129
-1086238
-1079977
-1059407
-1026568
 -984254
 -936180
 -886050
 -837875
 -794823
 -759830
 -735699
 -724674
 -727836
 -745090
 -775654
 -817794
 -868502
 -923724
 -979636
-1032653
-1079284
-1116143
-1141207
-1153189
-1151801
-1138092
-1114174
-1082232
-1045097
-1006059
 -968419
 -934955
 -907820
 -888405
 -877584
 -875137
 -880300
 -891983
 -908345
 -927017
 -946531
 -965734
 -983703
 -998863
-1009272
-1014344
-1014063
-1008847
 -999135
 -985794
 -969731
 -951771
 -933355
 -915787
 -899348
 -884803
 -873255
 -865188
 -861176
 -861382
 -865750
 -874004
 -885978
 -901249
 -919276
 -938969
 -958721
 -977601
 -994507
-1008230
-1018033
-1023311
-1023962
-1020234
-1012275
-1000940
 -987170
 -972559
 -958290
 -946051
 -936831
 -931041
 -929065
 -930692
 -935487
 -943007
 -951954
 -961566
 -970793
 -978369
 -983525
 -986065
 -985622
 -982527
 -977344
 -970122
 -961972
 -954107
 -946842
 -940493
 -935419
 -932349
 -931316
 -932161
 -934535
 -937871
 -941305
 -944612
 -947766
 -950556
 -953201
 -955651
 -957876
 -959550
 -961086
 -962777
 -964102
 -965191
 -966281
 -966899
 -967167
 -967155
 -966547
 -965012
 -962759
 -960220
 -957670
 -955420
 -953773
 -952933
 -952793
 -953532
 -954856
 -956846
 -959447
 -962265
 -964853
 -966723
 -967699
 -967712
 -966751
 -964529
 -961196
 -956978
 -952057
 -947297
 -943296
 -940087
 -937850
 -936256
 -934896
 -933609
 -932895
 -933726
 -936302
 -940441
 -945429
 -950947
 -956801
 -962704
 -968256
 -972977
 -976610
 -979038
 -980118
 -980032
 -978856
 -976950
 -975308
 -975380
 -976793
 -977521
 -976962
 -974701
 -970541
 -964840
 -957927
 -950453
 -943424
 -937266
 -932523
 -929468
 -927917
 -928046
 -930323
 -934213
 -939228
 -945313
 -951897
 -958513
 -964813
 -970184
 -974484
 -977800
 -979821
 -980564
 -980192
 -978704
 -976302
 -973374
 -969850
 -965698
 -961286
 -957089
 -953404
 -950483
 -948176
 -946478
 -945452
 -945219
 -945725
 -946766
 -947978
 -949536
 -951420
 -953304
 -954880
 -956243
 -957209
 -957945
 -958354
 -958107
 -957243
 -956161
 -954990
 -954093
 -953254
 -952443
 -951999
 -951903
 -952268
 -953260
 -954620
 -956413
 -958302
 -960242
 -962273
 -964130
 -965732
 -967273
 -968604
 -969506
 -969884
 -969546
 -968974
 -968770
 -968695
 -968201
 -967507
 -966537
 -965406
 -964061
 -962246
 -960220
 -958211
 -956370
 -954839
 -953824
 -953469
 -953775
 -954720
 -955854
 -956988
 -958072
 -958758
 -959335
 -959973
 -960654
 -961329
 -961871
 -962039
 -961697
 -960834
 -959604
 -957997
 -956209
 -954406
 -952787
 -951498
 -950646
 -950315
 -950832
 -952232
 -954226
 -956374
 -958490
 -960516
 -962104
 -963347
 -964000
 -964171
 -964242
 -964126
 -963826
 -963310
 -962458
 -961485
 -960327
 -959475
 -959179
 -959180
 -959779
 -960944
 -962209
 -963587
 -965220
 -966746
 -967808
 -968661
 -968710
 -967869
 -965929
 -962175
 -957219
 -952787
 -950060
 -949135
 -950175
 -952946
 -956876
 -961347
 -965665
 -970241
 -974032
 -976009
 -976873
 -977112
 -976184
 -973526
 -969953
 -966252
 -962459
 -958640
 -954808
 -951268
 -948706
 -947258
 -946796
 -947312
 -948849
 -951274
 -954378
 -957552
 -960678
 -963702
 -966137
 -967636
 -968145
 -967937
 -966863
 -965304
 -963447
 -961278
 -959186
 -957426
 -956183
 -955458
 -955090
 -955355
 -956418
 -957947
 -960306
 -964047
 -967994
 -970863
 -972482
 -972460
 -970890
 -967580
 -962710
 -956959
 -951073
 -945649
 -941378
 -938452
 -937065
 -937258
 -939090
 -942591
 -947541
 -953532
 -960057
 -967015
 -973715
 -979814
 -984976
 -988746
 -990775
 -991137
 -989926
 -987319
 -983400
 -978832
 -973964
 -968650
 -963214
 -958071
 -953963
 -951307
 -949701
 -949107
 -949446
 -950550
 -952111
 -953981
 -956211
 -958476
 -960383
 -962063
 -963347
 -964068
 -964391
 -964000
 -963387
 -962984
 -962492
 -961569
 -960848
 -960200
 -959527
 -959293
 -959265
 -959313
 -959621
 -960332
 -961127
 -961903
 -962931
 -964236
 -965481
 -966553
 -967410
 -968180
 -968826
 -969205
 -969304
 -969040
 -968531
 -967845
 -966803
 -965624
 -964244
 -962379
 -960498
 -959011
 -958230
 -957734
 -957231
 -956934
 -956852
 -956552
 -955627
 -954921
 -955540
 -957941
 -961908
 -967097
 -972073
 -975363
 -971467
 -975006
 -983113
 -985753
 -986373
 -985125
 -982293
 -978203
 -973381
 -968011
 -962692
 -957715
 -953090
 -949135
 -946053
 -944157
 -943735
 -944548
 -946506
 -949325
 -953080
 -957820
 -963102
 -968110
 -972748
 -976589
 -979350
 -980919
 -981121
 -980024
 -977626
 -974121
 -970260
 -966260
 -962369
 -959064
 -956602
 -954862
 -953720
 -953670
 -954708
 -956504
 -958578
 -960772
 -963009
 -965081
 -966878
 -968201
 -969081
 -970002
 -970807
 -971066
 -971123
 -970314
 -969309
 -972693
 -987128
-1008349
-1023564
-1030673
-1029628
-1020687
-1005095
 -984387
 -960061
 -934273
 -908884
 -885894
 -866885
 -853346
 -846445
 -846941
 -855055
 -870214
 -891519
 -917453
 -946241
 -975970
-1004484
-1029932
-1050753
-1065772
-1074013
-1074893
-1068365
-1055379
-1037418
-1016257
 -993249
 -970597
 -950384
 -934081
 -922998
 -917638
 -916873
 -920159
 -927281
 -937121
 -948615
 -960827
 -972320
 -981986
 -989084
 -993531
 -995275
 -994179
 -990678
 -985464
 -978991
 -972019
 -964949
 -958257
 -952331
 -947222
 -942898
 -939775
 -937930
 -937362
 -937682
 -938683
 -940584
 -943596
 -947502
 -952033
 -957479
 -963182
 -969016
 -974904
 -979816
 -983408
 -986054
 -988070
 -988608
 -987517
 -984682
 -980232
 -974968
 -969502
 -964070
 -959063
 -955284
 -953183
 -952760
 -953920
 -956598
 -960486
 -965376
 -970659
 -975844
 -980206
 -983424
 -985416
 -986003
 -985376
 -983308
 -979499
 -974768
 -969809
 -965166
 -960957
 -957469
 -955121
 -953950
 -953817
 -954395
 -955775
 -957820
 -960026
 -962268
 -964438
 -966095
 -967455
 -968746
 -969813
 -970561
 -971288
 -971980
 -972195
 -972012
 -971621
 -971201
 -970685
 -969942
 -968898
 -967761
 -966745
 -966150
 -966026
 -966200
 -966292
 -966203
 -966036
 -965536
 -965161
 -964714
 -964480
 -965145
 -966601
 -968636
 -971221
 -973481
 -975231
 -976727
 -977658
 -977775
 -977195
 -975842
 -974353
 -972625
 -970667
 -968598
 -966635
 -964886
 -963023
 -961132
 -959432
 -958211
 -957529
 -957416
 -958049
 -959201
 -960980
 -963192
 -965431
 -967635
 -969677
 -971629
 -973281
 -974472
 -975068
 -975202
 -974882
 -974160
 -973170
 -971792
 -970116
 -968518
 -967438
 -966953
 -967115
 -967804
 -969042
 -970713
 -972431
 -974031
 -975644
 -976705
 -976974
 -976401
 -974740
 -972369
 -970161
 -968158
 -966265
 -964864
 -964112
 -963974
 -964623
 -966438
 -968975
 -971579
 -973816
 -975810
 -977229
 -977760
 -977676
 -977291
 -976688
 -975198
 -968140
 -955071
 -950666
 -950831
 -953166
 -957543
 -963542
 -970393
 -977289
 -984045
 -990316
 -995591
 -999571
-1001231
 -999744
 -995212
 -988032
 -979060
 -969081
 -958640
 -948740
 -940049
 -933521
 -929512
 -928133
 -929802
 -934568
 -941635
 -950153
 -959496
 -969130
 -978120
 -985868
 -992036
 -996432
 -998551
 -998309
 -996223
 -992779
 -988345
 -983351
 -978291
 -973444
 -969251
 -965830
 -963262
 -961800
 -961823
 -963274
 -965397
 -967731
 -970135
 -972391
 -974405
 -976138
 -977555
 -978740
 -979516
 -979881
 -979933
 -979435
 -978588
 -977530
 -976427
 -975039
 -973392
 -971352
 -968762
 -965979
 -963195
 -960426
 -958196
 -957064
 -957153
 -958522
 -960893
 -963799
 -966743
 -969810
 -972574
 -974713
 -976153
 -976972
 -977037
 -976344
 -975240
 -973715
 -971976
 -970406
 -968903
 -967382
 -965997
 -965450
 -966232
 -967678
 -969243
 -971116
 -972956
 -974534
 -975943
 -976852
 -977443
 -977441
 -977021
 -976152
 -975022
 -973943
 -972981
 -972116
 -971650
 -971215
 -970661
 -970145
 -969967
 -969756
 -969401
 -968754
 -967668
 -966307
 -965335
 -965006
 -965215
 -966150
 -967694
 -969550
 -971749
 -974425
 -977548
 -980756
 -983492
 -985746
 -987443
 -988287
 -988155
 -987280
 -986039
 -984551
 -982730
 -980054
 -976177
 -971305
 -965996
 -960849
 -956302
 -952701
 -950294
 -949130
 -949446
 -951137
 -953955
 -957558
 -961802
 -966266
 -970706
 -974791
 -978373
 -981553
 -984030
 -985706
 -986599
 -986774
 -986151
 -984937
 -983428
 -981395
 -978601
 -975797
 -973092
 -970943
 -969169
 -967702
 -966636
 -966360
 -966869
 -968203
 -970090
 -972463
 -975123
 -977868
 -980242
 -981969
 -983081
 -983674
 -983487
 -982594
 -981220
 -979301
 -976740
 -973786
 -970800
 -968101
 -966020
 -964749
 -964162
 -963889
 -964238
 -965244
 -966874
 -968907
 -970708
 -972388
 -974214
 -975939
 -977265
 -978041
 -978472
 -978665
 -978397
 -977700
 -976872
 -976273
 -975888
 -975670
 -975158
 -974285
 -973561
 -973193
 -972957
 -972698
 -972556
 -972294
 -971999
 -971983
 -972197
 -972598
 -973309
 -973841
 -974303
 -975021
 -976144
 -977288
 -978019
 -978542
 -978830
 -978384
 -977426
 -976464
 -975453
 -974835
 -974304
 -973746
