 -203443
 -186065
 -167974
 -149396
 -130594
 -111574
  -92455
  -73433
  -54566
  -36020
  -17977
    -500
   16327
   32326
   47273
   61100
   73822
   85184
   95120
  103642
  110745
  116319
  120310
  122691
  123494
  122814
  120567
  116769
  111541
  104840
   96905
   87879
   77789
   66600
   54490
   41438
   27630
   13013
   -2207
  -17932
  -34050
  -50460
  -67143
  -83776
 -100235
 -116595
 -132635
 -148092
 -162885
 -177000
 -190249
 -202449
 -213556
 -223519
 -232234
 -239792
 -246160
 -251203
 -254812
 -257014
 -257778
 -257130
 -255213
 -252055
 -247541
 -241643
 -234501
 -226207
 -216774
 -206365
 -195017
 -182821
 -169919
 -156456
 -142483
 -127995
 -113241
  -98330
  -83443
  -68784
  -54401
  -40447
  -27021
  -14088
   -1712
    9932
   20904
   31080
   40323
   48846
   56622
   63302
   68816
   73279
   76629
   78733
   79528
   79159
   77561
   74732
   70663
   65300
   58906
   51605
   43519
   34664
   25075
   14837
    4031
   -7270
  -18983
  -31083
  -43475
  -56048
  -68778
  -81778
  -94750
 -107304
 -119542
 -131538
 -143255
 -154377
 -164765
 -174449
 -183322
 -191353
 -198377
 -204074
 -208748
 -212530
 -215435
 -217450
 -218347
 -218194
 -216970
 -214867
 -211932
 -207955
 -202920
 -196732
 -189237
 -180390
 -170843
 -160989
 -150637
 -139744
 -128429
 -117086
 -105939
  -94777
  -83663
  -72722
  -61874
  -50991
  -40158
  -29577
  -19331
   -9458
      96
    9077
   17383
   24883
   31401
   36880
   41277
   44569
   46777
   47910
   48098
   47406
   45932
   43691
   40818
   37225
   32723
   27434
   21182
   14070
    6070
   -2713
  -12179
  -22186
  -32603
  -43171
  -53723
  -64143
  -74432
  -84468
  -94250
 -103766
 -112893
 -121826
 -130487
 -138704
 -146340
 -153325
 -159602
 -165114
 -169754
 -173775
 -177146
 -179866
 -182084
 -183555
 -184252
 -184212
 -183497
 -182015
 -179495
 -175818
 -171213
 -165726
 -159502
 -152881
 -145802
 -138246
 -130199
 -121940
 -113490
 -104713
  -95752
  -86689
  -77539
  -68491
  -59433
  -50421
  -41724
  -33468
  -25828
  -18863
  -12512
   -6630
   -1423
    2954
    6542
    9473
   11824
   13663
   14998
   15875
   16163
   15737
   14751
   13226
   11168
    8523
    5209
    1158
   -3724
   -9358
  -15523
  -22172
  -29276
  -36711
  -44284
  -51914
  -59645
  -67460
  -75336
  -83147
  -90801
  -98176
 -105372
 -112327
 -118986
 -125235
 -131095
 -136427
 -141180
 -145310
 -148858
 -151896
 -154338
 -156177
 -157492
 -158171
 -158184
 -157649
 -156511
 -154720
 -152376
 -149535
 -146156
 -142269
 -137986
 -133364
 -128356
 -122833
 -116893
 -110554
 -103772
  -96768
  -89650
  -82743
  -75893
  -69014
  -62165
  -55442
  -48840
  -42318
  -35897
  -29897
  -24425
  -19475
  -15006
  -10925
   -7332
   -4381
   -1898
     220
    1700
    2346
    2183
    1251
    -430
   -2977
   -6297
  -10208
  -14227
  -18439
  -22959
  -27859
  -32982
  -38169
  -43304
  -48495
  -53861
  -59437
  -65263
  -71183
  -77120
  -83155
  -89348
  -95404
 -101326
 -107224
 -113017
 -118345
 -123018
 -126839
 -129628
 -131664
 -133324
 -134571
 -135072
 -134673
 -136108
 -139003
 -139889
 -140287
 -140369
 -139180
 -137118
 -135337
 -133239
 -131698
 -131393
 -129281
 -125125
 -118906
 -110000
 -100329
  -91197
  -82720
  -75172
  -68597
  -62980
  -58189
  -54118
  -50789
  -47817
  -44714
  -41397
  -37676
  -33646
  -29488
  -25364
  -21578
  -18177
  -15295
  -13217
  -12076
  -11769
  -12271
  -13577
  -15452
  -17785
  -20472
  -23170
  -25893
  -28804
  -31587
  -34457
  -37490
  -40617
  -43902
  -47583
  -51855
  -56655
  -62069
  -68128
  -74536
  -80926
  -87122
  -92943
  -98081
 -102569
 -106590
 -110085
 -112769
 -114884
 -116591
 -118042
 -119446
 -120908
 -122340
 -123774
 -125314
 -126703
 -127942
 -128849
 -129234
 -128903
 -127593
 -125362
 -122525
 -119096
 -115081
 -110721
 -106107
 -101128
  -96608
  -92636
  -88229
  -84373
  -80965
  -77791
  -74705
  -71411
  -67782
  -63716
  -59211
  -54578
  -50160
  -45936
  -42041
  -38723
  -35947
  -33659
  -32003
  -31076
  -30538
  -30273
  -30343
  -30565
  -30879
  -31342
  -31762
  -32246
  -32918
  -34042
  -35457
  -36538
  -37720
  -39675
  -42339
  -45580
  -49413
  -53732
  -58404
  -63293
  -68622
  -74022
  -78910
  -82933
  -85901
  -88119
  -89917
  -91878
  -94471
  -97376
 -100191
 -100809
  -97741
  -90478
  -80966
  -74887
  -74826
  -80253
  -90090
 -103138
 -117858
 -132300
 -145058
 -155075
 -161421
 -163706
 -161955
 -156886
 -149134
 -139475
 -129028
 -119026
 -110244
 -102940
  -97093
  -92530
  -89068
  -86240
  -83292
  -79360
  -74264
  -68010
  -60592
  -52154
  -43153
  -34391
  -26621
  -20110
  -14973
  -11401
   -9339
   -8608
   -8563
   -8567
   -8212
   -7115
   -5051
   -1744
    2755
    7971
   13316
   18125
   21659
   23273
   22560
   19044
   12577
    3451
   -7739
  -20343
  -33696
  -47234
  -60171
  -71806
  -81707
  -89751
  -96183
 -101207
 -105273
 -108935
 -112864
 -117405
 -122786
 -129114
 -136341
 -144124
 -151921
 -159262
 -165754
 -171031
 -174633
 -176187
 -175651
 -173165
 -169216
 -164300
 -158587
 -152500
 -146457
 -140693
 -135364
 -130351
 -125374
 -120253
 -114717
 -108418
 -101161
  -92812
  -83428
  -73175
  -62437
  -51581
  -40969
  -31132
  -22374
  -14911
   -9143
   -4986
   -2089
    -188
     804
    1303
    1708
    2209
    2924
    3806
    4705
    5537
    5971
    5874
    4816
    2482
   -1122
   -6045
  -12164
  -19421
  -27365
  -35659
  -44019
  -52054
  -59542
  -66307
  -72335
  -77705
  -82394
  -86804
  -91243
  -95698
 -100243
 -105138
 -110330
 -115777
 -121231
 -126329
 -130763
 -134475
 -137333
 -139170
 -139990
 -139735
 -138562
 -136699
 -134362
 -131686
 -128882
 -126153
 -123495
 -121043
 -118557
 -115783
 -113395
 -110668
 -107086
 -102814
  -97795
  -92577
  -87585
  -83460
  -81386
  -80758
  -81710
  -80490
  -77989
  -74420
  -68655
  -60089
  -49423
  -48085
  -49409
  -45856
  -37561
  -25143
   -9552
    7703
   25096
   40931
   53669
   62345
   66551
   66270
   61688
   53313
   42040
   29020
   15364
    1825
  -10900
  -22283
  -32319
  -41178
  -49181
  -56807
  -64518
  -72840
  -82003
  -92079
 -103072
 -114826
 -126861
 -138735
 -150182
 -160770
 -170214
 -178516
 -185640
 -191847
 -197249
 -202104
 -206750
 -211192
 -215538
 -219897
 -224028
 -227544
 -229775
 -230181
 -228245
 -223593
 -215871
 -205026
 -191553
 -175909
 -158606
 -140264
 -121494
 -103001
  -85533
  -69543
  -55069
  -42046
  -30411
  -19827
   -9746
     119
   10131
   20373
   30855
   41686
   52524
   63045
   72936
   81512
   88266
   92859
   95132
   95048
   92705
   88184
   81907
   74262
   65554
   56109
   46150
   35829
   25258
   14284
    2887
   -9005
  -21527
  -34744
  -48711
  -63383
  -78597
  -94020
 -109252
 -123986
 -138014
 -150855
 -162276
 -172087
 -180343
 -187092
 -192432
 -196614
 -199845
 -202242
 -204013
 -205180
 -205903
 -206123
 -205798
 -204594
 -202301
 -198892
 -194186
 -187924
 -180150
 -171015
 -160555
 -148987
 -136742
 -124223
 -111665
  -99414
  -87559
  -76179
  -65539
  -55176
  -45164
  -35240
  -25643
  -16892
   -9591
   -4083
    3390
   20389
   35629
   37089
   30566
   21888
   12626
    3937
   -5265
  -15746
  -19844
  -13821
    5679
   25691
   41105
   51696
   56812
   55903
   48930
   36508
   19968
     890
  -18950
  -37740
  -54163
  -67091
  -76277
  -82029
  -84843
  -85633
  -85634
  -86169
  -87982
  -91802
  -97869
 -105881
 -115303
 -125357
 -135028
 -143264
 -149325
 -152715
 -153251
 -151269
 -147293
 -142050
 -136612
 -131971
 -128968
 -128044
 -129419
 -132955
 -138040
 -143731
 -148881
 -152551
 -153820
 -152085
 -147025
 -138416
 -126725
 -112916
  -98032
  -83073
  -69132
  -57110
  -47665
  -41186
  -37613
  -36532
  -37100
  -38495
  -39908
  -40459
  -39353
  -36379
  -31463
  -24849
  -17008
   -8589
    -467
    6449
   11561
   14591
   15222
   13430
    9556
    4166
   -2121
   -8653
  -14730
  -19877
  -23877
  -26791
  -28696
  -30101
  -31639
  -33824
  -37033
  -41734
  -48178
  -56138
  -65410
  -75699
  -86428
  -96800
 -106057
 -113824
 -119978
 -124201
 -126618
 -127523
 -127267
 -126387
 -125571
 -125312
 -125874
 -127470
 -129927
 -132890
 -136050
 -138987
 -141303
 -142475
 -142075
 -139807
 -135611
 -129734
 -122553
 -114540
 -106123
  -97896
  -90312
  -83628
  -77987
  -73435
  -69781
  -66647
  -63706
  -60485
  -56870
  -52688
  -47821
  -42309
  -36252
  -29951
  -23770
  -18032
  -13106
   -9227
   -6728
   -5670
   -6023
   -7525
   -9852
  -12564
  -15433
  -18200
  -20555
  -22546
  -24158
  -25483
  -26753
  -28336
  -30331
  -33065
  -36761
  -41427
  -47082
  -53539
  -60515
  -67628
  -74525
  -80875
  -86499
  -91295
  -95237
  -98258
 -100588
 -102428
 -104024
 -105650
 -107395
 -109386
 -111729
 -114296
 -116989
 -119657
 -122085
 -124084
 -125403
 -125889
 -125343
 -123853
 -121508
 -118333
 -114601
 -110541
 -106434
 -102442
  -98694
  -95216
  -91930
  -88888
  -86075
  -83191
  -80075
  -76673
  -72878
  -68733
  -64192
  -59344
  -54311
  -49253
  -44415
  -40025
  -36374
  -33465
  -31300
  -29803
  -28825
  -28180
  -27723
  -27393
  -27020
  -26631
  -26230
  -25954
  -25862
  -25883
  -26147
  -26849
  -28088
  -30029
  -32654
  -35940
  -39820
  -44138
  -48686
  -53287
  -57771
  -61969
  -65938
  -69583
  -72762
  -75590
  -78214
  -80578
  -82736
  -85388
  -88492
  -91863
  -95310
  -98830
 -102274
 -105494
 -108487
 -110823
 -112246
 -112918
 -112948
 -112309
 -111006
 -109178
 -106301
 -102831
 -100394
  -99669
 -100389
 -102386
 -104376
 -106407
 -106846
 -100661
  -87890
  -76321
  -68328
  -64255
  -63400
  -64919
  -68307
  -72924
  -78097
  -82908
  -86347
  -87683
  -86722
  -83541
  -78475
  -71778
  -64040
  -56073
  -48628
  -42147
  -36873
  -33021
  -30666
  -29824
  -30046
  -30605
  -31250
  -31791
  -31936
  -31283
  -29888
  -28061
  -26021
  -24039
  -22452
  -21763
  -22161
  -23616
  -26119
  -29365
  -33001
  -36774
  -40396
  -43488
  -45811
  -47410
  -48379
  -48842
  -49117
  -49523
  -50464
  -52352
  -55406
  -59675
  -65174
  -71817
  -79218
  -87002
  -94740
 -101949
 -108157
 -113063
 -116501
 -118526
 -119313
 -119233
 -118534
 -117479
 -116348
 -115650
 -115518
 -115853
 -116605
 -117650
 -118661
 -119395
 -119472
 -118502
 -116345
 -113098
 -108784
 -103575
  -97717
  -91474
  -85098
  -79065
  -73630
  -68805
  -64489
  -60605
  -57034
  -53662
  -50379
  -47032
  -43448
  -39651
  -35561
  -31337
  -27096
  -23115
  -19518
  -16378
  -14147
  -13091
  -13220
  -14297
  -16081
  -18538
  -21478
  -24633
  -27743
  -30699
  -33498
  -36093
  -38493
  -40798
  -43193
  -45837
  -48903
  -52427
  -56356
  -60721
  -65606
  -70866
  -76189
  -81494
  -86415
  -90515
  -93687
  -96205
  -98420
 -100832
 -104548
 -112933
 -121357
 -125495
 -127061
 -126119
 -122735
 -117583
 -111195
 -104008
  -96801
  -90154
  -87745
  -95923
 -104565
 -108650
 -107798
 -101801
  -90728
  -75886
  -58892
  -41341
  -25006
  -11409
   -1542
    3991
    5062
    2099
   -3904
  -11991
  -21149
  -30256
  -38324
  -44542
  -48617
  -50633
  -50801
  -49703
  -48427
  -47907
  -48659
  -51255
  -55900
  -62635
  -71086
  -80605
  -90322
  -99687
 -108073
 -114810
 -119757
 -122924
 -124546
 -125088
 -125206
 -125389
 -126190
 -127913
 -130697
 -134489
 -138836
 -143255
 -147012
 -149516
 -150079
 -148260
 -143671
 -135955
 -124959
 -112016
  -98668
  -85922
  -74433
  -64596
  -56550
  -50409
  -45993
  -42993
  -40873
  -38883
  -36441
  -33384
  -29316
  -24054
  -17754
  -10720
   -3404
    3707
    9978
   14943
   18153
   19330
   18400
   15526
   11008
    5194
   -1465
   -8393
  -15115
  -21355
  -26992
  -32032
  -36569
  -40852
  -45350
  -50239
  -55606
  -61709
  -68764
  -76625
  -84947
  -93412
 -101730
 -109513
 -116130
 -121306
 -125192
 -127770
 -129019
 -129162
 -128526
 -127436
 -126320
 -125405
 -124848
 -124682
 -124731
 -124840
 -124742
 -124402
 -123651
 -121918
 -118915
 -114454
 -108839
 -102359
  -95194
  -87634
  -79394
  -70139
  -61789
  -52919
  -40508
  -31378
  -28024
  -29668
  -35314
  -43768
  -53485
  -63026
  -71024
  -76501
  -78990
  -78266
  -74421
  -68202
  -60791
  -53191
  -45957
  -39948
  -35894
  -34029
  -34146
  -35601
  -37998
  -40696
  -42807
  -43789
  -43559
  -42094
  -39648
  -36559
  -33242
  -30351
  -28349
  -27509
  -28135
  -30113
  -33360
  -37589
  -42120
  -46374
  -49755
  -51751
  -52049
  -50661
  -47815
  -43871
  -39531
  -35499
  -32611
  -31322
  -32040
  -35157
  -40715
  -48383
  -57547
  -67526
  -77648
  -87142
  -95305
 -101683
 -106198
 -109061
 -110425
 -110589
 -110022
 -109354
 -109055
 -109554
 -111056
 -113305
 -116245
 -119748
 -123306
 -126250
 -128185
 -128885
 -128223
 -125957
 -122109
 -117013
 -111030
 -104519
  -97911
  -91556
  -85810
  -80786
  -76400
  -72490
  -68753
  -65049
  -61022
  -56472
  -51237
  -45420
  -38994
  -31933
  -24598
  -17496
  -11158
   -5901
   -1858
     732
    1767
    1176
    -767
   -3749
   -7182
  -10509
  -13672
  -17575
  -23740
  -33192
  -40695
  -44471
  -44798
  -42558
  -38440
  -33636
  -29573
  -27159
  -26943
  -29274
  -34216
  -41632
  -50832
  -60925
  -71326
  -81425
  -90459
  -97846
 -103422
 -107501
 -110137
 -111822
 -113063
 -114420
 -116166
 -118405
 -121281
 -124835
 -128724
 -132358
 -135247
 -137099
 -137621
 -136600
 -133950
 -129804
 -124604
 -118779
 -112900
 -107638
 -103377
 -100264
  -98336
