-1047408
-1043692
-1039691
-1035747
-1032431
-1030215
-1029543
-1031143
-1032726
-1033154
-1029417
-1012299
 -974682
 -947994
 -932314
 -926494
 -943797
 -974048
-1009902
-1044963
-1071763
-1081558
-1082992
-1092915
-1098310
-1098394
-1101501
-1099447
-1096373
-1089941
-1076338
-1058477
-1038326
-1015920
 -993954
 -974327
 -957585
 -945351
 -937726
 -934300
 -935282
 -939706
 -946746
 -956087
 -966473
 -976709
 -986240
 -994460
-1001238
-1006480
-1010353
-1013078
-1015220
-1016990
-1018615
-1019928
-1021070
-1022702
-1024258
-1025033
-1025413
-1026030
-1026670
-1027011
-1027131
-1027201
-1028319
-1030261
-1032663
-1035378
-1038980
-1043883
-1048419
-1051535
-1053782
-1055812
-1055378
-1054795
-1052928
-1050032
-1046259
-1038427
-1030908
-1026880
-1022978
-1019699
-1019775
-1030140
-1047427
-1064212
-1078770
-1088816
-1084351
-1052437
-1049343
-1117648
-1223858
-1306348
-1342587
-1322433
-1249148
-1133960
 -989771
 -829245
 -666402
 -515847
 -389530
 -296712
 -245171
 -239572
 -281592
 -369898
 -496310
 -652693
 -831480
-1022988
-1212428
-1386376
-1533895
-1645157
-1713134
-1733542
-1699910
-1602021
-1427293
-1212955
-1021637
 -873625
 -773130
 -722646
 -724138
 -769518
 -851906
 -958614
-1067278
-1170231
-1280539
-1389813
-1479925
-1542068
-1567030
-1560703
-1525498
-1457065
-1358108
-1236714
-1102783
 -966334
 -837174
 -721361
 -627518
 -560474
 -520588
 -506381
 -515209
 -542603
 -583932
 -634710
 -690848
 -749230
 -806922
 -861767
 -912380
 -958489
 -999726
-1035717
-1066365
-1091240
-1110062
-1122365
-1127983
-1126934
-1119427
-1106818
-1090659
-1072784
-1055260
-1040881
-1031920
-1030374
-1037250
-1052596
-1075808
-1104909
-1136944
-1167347
-1192135
-1210349
-1219568
-1216601
-1199518
-1170364
-1132657
-1088718
-1041214
 -993954
 -950408
 -914264
 -889101
 -875758
 -873684
 -882059
 -898870
 -921005
 -946251
 -972401
 -995995
-1015149
-1028866
-1036731
-1039395
-1037857
-1033875
-1029460
-1026289
-1025785
-1028661
-1034926
-1044013
-1055088
-1066935
-1078247
-1087859
-1094859
-1098216
-1098130
-1095056
-1089347
-1082137
-1074143
-1066525
-1060079
-1055130
-1051680
-1049733
-1048467
-1046867
-1043740
-1038087
-1029110
-1016442
-1000758
 -982764
 -963584
 -944484
 -926906
 -912017
 -900955
 -894942
 -894313
 -898763
 -907360
 -919151
 -933339
 -948325
 -963016
 -976081
 -986529
 -994179
 -999200
-1002196
-1004129
-1006031
-1008972
-1013655
-1020385
-1029807
-1041583
-1055270
-1070370
-1085850
-1100399
-1112900
-1122608
-1129210
-1132557
-1132841
-1130328
-1125875
-1120352
-1114626
-1109334
-1104700
-1100747
-1097439
-1094626
-1091558
-1087817
-1082814
-1076281
-1067870
-1057333
-1044889
-1031087
-1016854
-1003083
 -990398
 -979567
 -971050
 -965136
 -961761
 -960360
 -960549
 -961967
 -963781
 -965119
 -965783
 -965531
 -964358
 -962426
 -960379
 -958366
 -956873
 -956623
 -958038
 -961010
 -965935
 -972678
 -980987
 -990592
-1000905
-1011238
-1020926
-1029523
-1036465
-1041738
-1045379
-1047563
-1048747
-1049447
-1050162
-1051311
-1052910
-1055280
-1058659
-1062675
-1066749
-1070537
-1073541
-1075391
-1075841
-1074691
-1071984
-1068475
-1064638
-1060599
-1056987
-1053724
-1050877
-1048835
-1047723
-1047215
-1046810
-1046281
-1045394
-1044158
-1042478
-1040234
-1037371
-1034429
-1031233
-1027810
-1024423
-1021492
-1019263
-1018030
-1017776
-1018586
-1019630
-1020719
-1021892
-1022548
-1022347
-1021541
-1019988
-1017638
-1014859
-1011438
-1007909
-1004824
-1002472
-1000885
-1000054
-1000039
-1000770
-1002311
-1004420
-1006456
-1008675
-1010621
-1011924
-1012900
-1013555
-1013574
-1012906
-1012251
-1011772
-1011517
-1011600
-1012358
-1014309
-1017078
-1020604
-1025051
-1029795
-1034371
-1038648
-1042488
-1045506
-1047843
-1049667
-1050943
-1051827
-1052595
-1053685
-1054810
-1055619
-1056241
-1057006
-1058095
-1059355
-1060605
-1061734
-1062441
-1062625
-1062553
-1061810
-1060481
-1058675
-1056380
-1053793
-1050991
-1048257
-1045894
-1043617
-1041519
-1039490
-1037278
-1034882
-1032148
-1029139
-1025927
-1022446
-1018827
-1015357
-1012135
-1009212
-1006843
-1004848
-1003435
-1002614
-1002305
-1002345
-1002950
-1004054
-1005367
-1006640
-1007854
-1008747
-1009750
-1010792
-1011753
-1012722
-1013678
-1014780
-1015909
-1016980
-1018332
-1020189
-1022676
-1025578
-1028427
-1031348
-1034559
-1037888
-1041009
-1043660
-1045728
-1047381
-1048776
-1050163
-1051738
-1053396
-1055035
-1056632
-1057675
-1057937
-1057979
-1057849
-1057478
-1057063
-1056462
-1055681
-1054851
-1053989
-1053195
-1052435
-1051673
-1050856
-1049791
-1048570
-1047293
-1045782
-1044274
-1042733
-1041063
-1039212
-1037002
-1034406
-1031515
-1028050
-1024259
-1020977
-1018253
-1015882
-1014242
-1013425
-1013307
-1013940
-1014985
-1016020
-1017158
-1018116
-1018762
-1019305
-1019832
-1020341
-1020644
-1020601
-1020521
-1020689
-1021013
-1021155
-1021227
-1021350
-1021796
-1022682
-1023862
-1025063
-1026372
-1027992
-1029739
-1031534
-1033329
-1035066
-1036861
-1038651
-1040427
-1041930
-1043240
-1044454
-1045912
-1047205
-1048420
-1049581
-1050799
-1052107
-1053044
-1053509
-1053459
-1052670
-1051112
-1049580
-1048201
-1046958
-1046004
-1045393
-1045150
-1045163
-1045361
-1045554
-1045839
-1046200
-1046253
-1045801
-1044781
-1043452
-1042060
-1040606
-1038908
-1037036
-1035258
-1033571
-1031991
-1030497
-1029194
-1028074
-1027251
-1026446
-1025358
-1024437
-1023620
-1022999
-1022624
-1022388
-1022210
-1022225
-1022466
-1022870
-1023331
-1023943
-1024781
-1025731
-1026732
-1027429
-1027712
-1027908
-1027900
-1027790
-1028102
-1028747
-1029562
-1030838
-1032467
-1034219
-1036218
-1038211
-1040221
-1042053
-1043328
-1044232
-1044913
-1045159
-1045392
-1045634
-1045703
-1045756
-1045733
-1046013
-1046782
-1047786
-1048946
-1049712
-1050282
-1050681
-1050787
-1050921
-1050997
-1050916
-1050696
-1050169
-1049278
-1048100
-1046945
-1045774
-1044512
-1043403
-1042342
-1041353
-1040355
-1039481
-1038714
-1038066
-1037530
-1037060
-1036648
-1036373
-1035902
-1035373
-1034810
-1033975
-1033125
-1032181
-1031194
-1030296
-1029508
-1028878
-1028101
-1027444
-1026863
-1026496
-1026547
-1026812
-1027296
-1027805
-1028314
-1029418
-1030725
-1032003
-1033240
-1034502
-1035900
-1037135
-1038074
-1039098
-1039777
-1040140
-1040524
-1040809
-1041171
-1041744
-1042411
-1043069
-1043693
-1044564
-1045676
-1046846
-1047868
-1048700
-1049350
-1049780
-1050009
-1050335
-1050996
-1051780
-1052303
-1052366
-1051825
-1051381
-1050965
-1050508
-1049767
-1048791
-1048115
-1047708
-1047071
-1045757
-1044179
-1043342
-1043005
-1043370
-1044179
-1043837
-1042167
-1039333
-1036607
-1035151
-1034706
-1034554
-1034285
-1034178
-1034214
-1034259
-1034448
-1034606
-1034493
-1034538
-1034674
-1034894
-1034982
-1035012
-1035036
-1034948
-1034953
-1035197
-1035466
-1035722
-1036087
-1036654
-1037633
-1038802
-1039943
-1040986
-1042140
-1043229
-1044019
-1044201
-1043850
-1043247
-1042633
-1042334
-1042394
-1042394
-1042583
-1042928
-1043444
-1043854
-1044123
-1044426
-1045233
-1046528
-1047816
-1048917
-1050092
-1051103
-1051705
-1052002
-1051899
-1051700
-1051457
-1050349
-1049206
-1048499
-1047405
-1045786
-1045393
-1046073
-1046635
-1046975
-1048117
-1049460
-1050720
-1051809
-1052409
-1052337
-1051733
-1050596
-1048922
-1046698
-1044000
-1041130
-1038716
-1036672
-1034674
-1032939
-1031663
-1030853
-1030237
-1030008
-1030291
-1030974
-1031856
-1032994
-1034487
-1035969
-1037674
-1039567
-1041268
-1042194
-1042614
-1042562
-1042166
-1041568
-1040940
-1040399
-1040084
-1040132
-1040292
-1040870
-1042114
-1043820
-1045579
-1047345
-1049205
-1050840
-1052221
-1053051
-1053534
-1053705
-1053541
-1053182
-1052687
-1052104
-1051508
-1050476
-1049270
-1048416
-1047604
-1046722
-1045929
-1045313
-1044833
-1044830
-1045354
-1046008
-1047050
-1048405
-1049496
-1050295
-1050888
-1051039
-1050924
-1050330
-1049352
-1048065
-1046683
-1045424
-1044110
-1043004
-1042035
-1041406
-1041063
-1040700
-1040726
-1040964
-1041267
-1041535
-1041882
-1042472
-1043055
-1043587
-1043994
-1044207
-1044414
-1044920
-1045491
-1046095
-1046499
-1046553
-1046656
-1046655
-1046367
-1045865
-1045359
-1044676
-1043955
-1043528
-1043400
-1043603
-1043912
-1044179
-1044656
-1045491
-1046303
-1047060
-1047863
-1048707
-1049408
-1050279
-1051042
-1051379
-1051344
-1050874
-1050096
-1049277
-1048727
-1048140
-1047645
-1047148
-1046525
-1046079
-1046096
-1046670
-1047601
-1048890
-1050556
-1052368
-1053936
-1055397
-1056663
-1057431
-1057552
-1056903
-1055531
-1053541
-1051300
-1049278
-1047497
-1046200
-1045072
-1044122
-1043581
-1043311
-1043438
-1043780
-1044277
-1044890
-1045644
-1046522
-1047374
-1048195
-1048733
-1049067
-1049269
-1049374
-1049228
-1048904
-1048170
-1047298
-1046244
-1044958
-1043972
-1043064
-1042388
-1042066
-1041880
-1042100
-1042757
-1043743
-1045134
-1046502
-1047469
-1048298
-1048852
-1049291
-1049471
-1050086
-1050899
-1051384
-1051385
-1051348
-1051487
-1051563
-1051634
-1051958
-1052599
-1053422
-1054286
-1054865
-1055222
-1055463
-1055615
-1055592
-1055364
-1055126
-1054822
-1054588
-1054426
-1053972
-1053397
-1052709
-1051949
-1051310
-1050709
-1050362
-1050401
-1050349
-1050153
-1049781
-1049350
-1048970
-1048594
-1048096
-1047602
-1046759
-1046098
-1045738
-1045676
-1045984
-1046526
-1047245
-1047853
-1048426
-1048843
-1049437
-1050213
-1050917
-1051071
-1051194
-1051443
-1051104
-1050338
-1049633
-1049171
-1048804
-1048304
-1048159
-1048693
-1049536
-1050623
-1051501
-1053032
-1054756
-1055781
-1056629
-1058005
-1059290
-1060687
-1061432
-1062515
-1065748
-1071078
-1076389
-1077298
-1071781
-1057378
-1041256
-1028810
-1016234
-1008131
-1005795
-1003930
-1006133
-1022214
-1055779
-1101975
-1145477
-1181195
-1203806
-1206854
-1188930
-1153429
-1104364
-1046425
 -984614
 -924356
 -870966
 -828711
 -800901
 -789260
 -794180
 -813308
 -837791
 -858392
 -882536
 -929582
-1002388
-1086423
-1166007
-1232836
-1285717
-1328643
-1360458
-1375458
-1373105
-1354491
-1321560
-1277130
-1224961
-1168819
-1111946
-1057984
-1010062
 -970294
 -939957
 -919434
 -908547
 -906692
 -912559
 -924675
 -941532
 -961725
 -983573
-1005506
-1025660
-1042713
-1056045
-1064735
-1068411
-1067133
-1061202
-1051024
-1037624
-1022261
-1006335
 -991562
 -979608
 -971509
 -968133
 -970435
 -978792
 -992488
-1010584
-1031314
-1052298
-1072761
-1094232
-1115907
-1135812
-1152371
-1162830
-1163352
-1152344
-1133043
-1110615
-1089199
-1070879
-1056155
-1045835
-1041954
-1043330
-1047821
-1054022
-1061404
-1070030
-1078573
-1086189
-1091327
-1092871
-1090250
-1083650
-1073961
-1061939
-1048188
-1033716
-1019987
-1008249
 -999359
 -993655
 -991453
 -992697
 -997234
-1004296
-1013172
-1023313
-1033886
-1044114
-1053234
-1061327
-1068070
-1073480
-1077374
-1079878
-1081465
-1082609
-1083248
-1083437
-1082813
-1081317
-1079270
-1077144
-1074749
-1072037
-1069421
-1067120
-1064902
-1062965
-1061473
-1060097
-1059070
-1058678
-1058535
-1058410
-1058019
-1057199
-1056034
-1054578
-1052638
-1050066
-1046767
-1042931
-1039196
-1035805
-1032819
-1030123
-1027720
-1026301
-1026175
-1026946
-1028292
-1030120
-1033220
-1037519
-1042894
-1049196
-1055298
-1060188
-1064063
-1067104
-1069338
-1070822
-1071734
-1071825
-1071376
-1070837
-1070601
-1070996
-1071823
-1072976
-1074360
-1075762
-1077141
-1078389
-1079392
-1079937
-1079903
-1079215
-1077805
-1076179
-1074333
-1072254
-1070090
-1067834
-1065155
-1062329
-1059377
-1056483
-1053869
-1051450
-1048756
-1046309
-1044714
-1043277
-1042012
-1041199
-1040746
-1040780
-1041261
-1042273
-1043975
-1045781
-1047685
-1049567
-1050920
-1051750
-1052170
-1051909
-1051212
-1050496
-1049770
-1049412
-1049524
-1050220
-1051341
-1052772
-1054573
-1057083
-1060012
-1063249
-1066730
-1069948
-1072477
-1074030
-1075139
-1075606
-1075269
-1074152
-1072931
-1071780
-1070204
-1068390
-1066555
-1064742
-1063372
-1062654
-1062502
-1062717
-1062791
-1062861
-1062894
-1062623
-1062177
-1061737
-1061591
-1061661
-1061620
-1061565
-1061516
-1061398
-1061213
-1061151
-1061192
-1061175
-1061267
-1061109
-1060482
-1059654
-1058704
-1057745
-1056796
-1055967
-1055146
-1054572
-1054330
-1054362
-1054761
-1055306
-1056100
-1057008
-1057797
-1058463
-1059347
-1060391
-1061233
-1061675
-1061807
-1061669
-1061377
-1060965
-1060494
-1059952
-1059295
-1058649
-1058039
-1057370
-1056835
-1056649
-1056811
-1057081
-1057111
-1057112
-1057288
-1057637
-1058065
-1058556
-1059454
-1060674
-1062076
-1063374
-1064530
-1065638
-1066817
-1067849
-1068554
-1068945
-1069287
-1069464
-1069387
-1069247
-1069083
-1068561
-1067766
-1067031
-1066759
-1066587
-1066104
-1065936
-1065827
-1065689
-1065819
-1066075
-1066349
-1066344
-1066053
-1065673
-1065257
-1065020
-1064735
-1064269
-1063466
-1062363
-1061222
-1060112
-1059183
-1058257
-1057430
-1056790
-1056156
-1055523
-1055085
-1054822
-1054960
-1055550
-1056352
-1057118
-1058085
-1059273
-1060362
-1061375
-1062229
-1062760
-1062864
-1062502
-1061875
-1061530
-1061155
-1060841
-1060689
-1060881
-1061094
-1061492
-1062010
-1062770
-1063681
-1064696
-1065643
-1066768
-1067926
-1068760
-1069296
-1069758
-1070007
-1069955
-1069845
-1069783
-1069711
-1069486
-1069094
-1068548
-1067599
-1066676
-1066122
-1065798
-1065729
-1065811
-1065867
-1066137
-1066649
-1067130
-1067705
-1067942
-1067694
-1067154
-1066370
-1065653
-1065160
-1064663
-1064060
-1063127
-1062191
-1061579
-1061247
-1061119
-1061011
-1060948
-1061234
-1061431
-1061631
-1061754
-1061809
-1061993
-1062444
-1063021
-1063527
-1064337
-1065102
-1065667
-1066119
-1066546
-1066812
-1066811
-1066688
-1066470
-1066040
-1065473
-1064790
-1064022
-1063307
