    -661
       4
     668
    1327
    1963
    2574
    3139
    3662
    4123
    4520
    4864
    5352
    6056
    6490
    7016
    7162
    6996
    6768
    6462
    6060
    5566
    4987
    4324
    3579
    2738
    1865
     973
      84
    -793
   -1661
   -2497
   -3285
   -4007
   -4665
   -5241
   -5737
   -6134
   -6428
   -6613
   -6685
   -6641
   -6491
   -6235
   -5868
   -5406
   -4854
   -4223
   -3538
   -2789
   -1985
   -1147
    -294
     563
    1417
    2260
    3062
    3814
    4510
    5140
    5681
    6131
    6480
    6729
    6871
    6914
    6913
    6989
    6958
    6767
    6454
    6034
    5507
    4849
    3980
    3043
    2085
    1105
     106
    -897
   -1872
   -2816
   -3704
   -4537
   -5295
   -5953
   -6514
   -6968
   -7309
   -7528
   -7618
   -7578
   -7417
   -7100
   -6682
   -6277
   -5965
   -5469
   -4683
   -3782
   -2884
   -1912
    -899
     133
    1162
    2175
    3154
    4080
    4940
    5725
    6426
    7025
    7515
    7895
    8162
    8303
    8309
    8187
    7944
    7568
    7068
    6458
    5761
    4976
    4114
    3192
    2218
    1207
     180
    -848
   -1864
   -2849
   -3782
   -4648
   -5435
   -6120
   -6706
   -7186
   -7549
   -7783
   -7884
   -7855
   -7700
   -7424
   -7382
   -7949
   -7501
   -5637
   -3849
   -1763
     206
    2003
    3298
    4063
    4827
    5559
    6216
    6772
    7216
    7551
    7767
    7857
    7831
    7679
    7407
    7010
    6512
    5911
    5214
    4449
    3639
    2802
    1930
    1019
      97
    -815
   -1703
   -2566
   -3394
   -4178
   -4855
   -4672
   -3792
   -3271
   -3331
   -3070
   -3069
   -3478
   -3745
   -3973
   -4802
   -5839
   -6324
   -6054
   -5629
   -5207
   -4715
   -4152
   -3526
   -2848
   -2132
   -1394
    -630
     147
     928
    1699
    2440
    3145
    3797
    4387
    4912
    5362
    5727
    5876
    5520
    5078
    4664
    4186
    3408
    3085
    2963
    2702
    2365
    1988
    1584
    1157
     699
     223
    -245
    -706
   -1153
   -1583
   -1966
   -2286
   -2556
   -2791
   -2992
   -3155
   -3263
   -3322
   -3319
   -3263
   -3156
   -3005
   -2805
   -2547
   -2238
   -1893
   -1510
   -1094
    -660
    -224
     220
     662
    1102
    1517
    1896
    2250
    2570
    2843
    3060
    3218
    3332
    3390
    3423
    3393
    3293
    3115
    2903
    2661
    2382
    2056
    1693
    1314
     927
     542
     149
    -255
    -640
   -1008
   -1362
   -1689
   -1990
   -2254
   -2475
   -2652
   -2788
   -2874
   -2901
   -2879
   -2803
   -2681
   -2501
   -2282
   -2019
   -1711
   -1366
   -1002
    -610
    -211
     194
     619
    1181
    1630
    1965
    2297
    2624
    2911
    3142
    3315
    3452
    3536
    3569
    3541
    3461
    3334
    3157
    2913
    2629
    2311
    1946
    1553
    1134
     696
     236
    -224
    -683
   -1144
   -1575
   -1971
   -2330
   -2654
   -2945
   -3177
   -3352
   -3476
   -3534
   -3520
   -3448
   -3319
   -3135
   -2901
   -2634
   -2319
   -1424
     626
    2526
    4127
    5571
    6871
    8034
    9043
    9889
   10565
   11058
   11352
   11463
   11380
   11104
   10645
   10007
    9204
    8252
    7163
    5952
    4639
    3258
    1816
     351
   -1121
   -2578
   -3990
   -5333
   -6589
   -7746
   -8778
   -9662
  -10398
  -10963
  -11347
  -11550
  -11573
  -11780
  -12289
  -12553
  -12558
  -12343
  -11920
  -11301
  -10496
   -9515
   -8383
   -7115
   -5745
   -4285
   -2760
   -1179
     415
    1992
    3546
    5051
    6467
    7781
    8971
   10024
   10915
   11624
   12150
   12475
   12610
   12452
   11353
    9745
    8256
    7235
    6467
    5093
    3499
    1923
     357
   -1199
   -2721
   -4185
   -5569
   -6855
   -8017
   -9038
   -9905
  -10601
  -11122
  -11462
  -11607
  -11558
  -11317
  -10884
  -10280
   -9506
   -8570
   -7491
   -6292
   -4995
   -3620
   -2179
    -708
     778
    2258
    3703
    5094
    6404
    7603
    8688
    9631
   10422
   11049
   11492
   11763
   11853
   11751
   11460
   10993
   10355
    9552
    8593
    7506
    6302
    4999
    3618
    2193
     739
    -722
   -2167
   -3573
   -4925
   -6194
   -7358
   -8402
   -9299
  -10035
  -10620
  -11025
  -11252
  -11298
  -11155
  -10826
  -10321
   -9645
   -8817
   -7847
   -6745
   -5536
   -4239
   -2864
   -1441
       4
    1445
    2861
    4233
    5545
    6758
    7867
    8854
    9695
   10386
   10908
   11255
   11422
   11414
   11211
   10827
   10280
    9569
    8707
    7709
    6589
    5373
    4074
    2709
    1310
     -45
   -1238
   -2430
   -3604
   -4715
   -5757
   -6696
   -7515
   -8201
   -8752
   -9163
   -9434
   -9538
   -9489
   -9297
   -8958
   -8480
   -7868
   -7160
   -6361
   -5455
   -4439
   -3328
   -2144
    -920
     324
    1568
    2824
    4054
    5176
    5961
    5760
    5380
    5146
    4934
    4687
    4653
    5631
    6522
    6685
    6752
    6744
    6642
    6478
    6565
    6677
    6571
    6318
    5948
    5467
    4889
    4232
    3504
    2711
    1866
     991
      98
    -796
   -1674
   -2533
   -3348
   -4114
   -4810
   -5426
   -5961
   -6398
   -6731
   -6944
   -7042
   -7035
   -6907
   -6669
   -6326
   -5881
   -5338
   -4715
   -4020
   -3256
   -2437
   -1587
    -718
     177
    1067
    1937
    2772
    3571
    4315
    4986
    5583
    6087
    6488
    6794
    6994
    7072
    7044
    6903
    6654
    6305
    5849
    5302
    4675
    3975
    3213
    2401
    1556
     681
    -207
   -1084
   -1938
   -2755
   -3519
   -4235
   -4880
   -5435
   -5903
   -6273
   -6541
   -6704
   -6745
   -6680
   -6505
   -6222
   -5840
   -5361
   -4798
   -4152
   -3435
   -2665
   -1855
   -1008
    -150
     717
    1568
    2394
    3183
    3919
    4596
    5202
    5723
    6155
    6491
    6730
    6856
    6870
    6780
    6575
    6275
    5886
    5387
    4800
    4148
    3432
    2664
    1854
    1015
     173
    -669
   -1496
   -2298
   -3057
   -3760
   -4396
   -4965
   -5451
   -5846
   -6141
   -6333
   -6416
   -6396
   -6269
   -6033
   -5707
   -5291
   -4786
   -4208
   -3556
   -2845
   -2084
   -1287
    -476
     348
    1170
    1969
    2743
    3475
    4152
    4764
    5296
    5746
    6098
    6366
    6528
    6587
    6541
    6391
    6145
    5804
    5374
    4862
    4262
    3596
    2887
    2134
    1340
     524
    -290
   -1097
   -1877
   -2628
   -3332
   -3980
   -4562
   -5063
   -5477
   -5805
   -6033
   -6169
   -6207
   -6146
   -5982
   -5712
   -5353
   -4904
   -4374
   -3766
   -3104
   -2388
   -1634
    -856
     -64
     743
    1531
    2298
    3035
    3718
    4345
    4902
    5381
    5775
    6073
    6285
    6395
    6404
    6309
    6122
    5839
    5460
    5003
    4469
    3855
    3189
    2487
    1739
     958
     172
    -609
   -1377
   -2130
   -2990
   -4058
   -5059
   -5938
   -6706
   -7361
   -7889
   -8285
   -8532
   -8638
   -8612
   -8452
   -8171
   -7764
   -7223
   -6563
   -5797
   -4931
   -3980
   -2963
   -1908
    -840
     207
    1244
    2299
    3337
    4327
    5257
    6112
    6884
    7548
    8089
    8505
    8786
    8936
    8938
    8805
    8532
    8137
    7619
    6978
    6230
    5379
    4448
    3451
    2388
    1290
     179
    -926
   -2008
   -3054
   -4042
   -4964
   -5809
   -6562
   -7199
   -7724
   -8124
   -8382
   -8494
   -8458
   -8276
   -7972
   -7539
   -6986
   -6325
   -5612
   -5350
   -5248
   -4895
   -4380
   -3761
   -3063
   -2298
   -1487
    -636
     230
    1095
    1954
    2790
    3587
    4325
    5003
    5611
    6129
    6551
    6869
    7085
    7192
    7191
    7080
    6854
    6523
    6092
    5567
    4966
    4285
    3541
    2741
    1905
    1034
     152
    -722
   -1580
   -2405
   -3192
   -3922
   -4581
   -5164
   -5659
   -6055
   -6356
   -6553
   -6641
   -6613
   -6484
   -6241
   -5896
   -5462
   -4932
   -4324
   -3643
   -2902
   -2109
   -1280
    -429
     426
    1274
    2103
    2898
    3647
    4342
    4971
    5519
    5983
    6348
    6604
    6766
    6819
    6766
    6607
    6339
    5973
    5516
    4981
    4365
    3678
    2937
    2159
    1345
     508
    -331
   -1161
   -1966
   -2740
   -3463
   -4124
   -4720
   -5240
   -5665
   -5999
   -6231
   -6359
   -6379
   -6295
   -6117
   -5838
   -5463
   -4997
   -4447
   -3818
   -3135
   -2410
   -1650
    -851
     -41
     771
    1569
    2342
    3074
    3745
    4360
    4913
    5387
    5778
    6075
    6285
    6396
    6401
    6307
    6113
    5814
    5425
    4957
    4411
    3799
    3126
    2413
    1675
     913
     123
    -676
   -1461
   -2211
   -2923
   -3583
   -4192
   -4722
   -5177
   -5539
   -5815
   -6003
   -6089
   -6069
   -5942
   -5727
   -5738
   -6210
   -6578
   -7242
   -8313
   -8486
   -8063
   -7608
   -7068
   -6425
   -5685
   -4858
   -3949
   -2964
   -1926
    -853
     234
    1315
    2383
    3425
    4399
    5294
    6203
    7181
    8010
    8684
    9203
    9581
    9805
    9870
    9768
    9518
    9117
    8582
    7909
    7115
    6212
    5208
    4128
    2987
    1801
     591
    -620
   -1819
   -2987
   -4103
   -5145
   -6098
   -6947
   -7682
   -8299
   -8781
   -9119
   -9301
   -9331
   -9205
   -8924
   -8502
   -7941
   -7248
   -6441
   -5528
   -4531
   -3457
   -2323
   -1154
      32
    1222
    2392
    3520
    4594
    5597
    6514
    7325
    8012
    8574
    9002
    9280
    9415
    9403
    9240
    8928
    8462
    7866
    7156
    6332
    5416
    4410
    3336
    2218
    1055
    -121
   -1279
   -2417
   -3509
   -4544
   -5498
   -6365
   -7127
   -7771
   -8290
   -8665
   -8901
   -8993
   -8937
   -8735
   -8390
   -7913
   -7304
   -6580
   -5741
   -4815
   -3811
   -2753
   -1641
    -503
     645
    1784
    2892
    3957
    4960
    5881
    6710
    7429
    8026
    8498
    8825
    9023
    9076
    8989
    8757
    8387
    7881
    7254
    6511
    5665
    4735
    3734
    2667
    1566
     452
    -673
   -1778
   -2854
   -3881
   -4831
   -5714
   -6554
   -7301
   -7922
   -8387
   -8683
   -8820
   -8810
   -8661
   -8399
   -8000
   -7469
   -6823
   -6068
   -5215
   -4275
   -3261
   -2177
   -1058
      78
    1198
    2308
    3377
    4379
    5321
    6168
    6919
    7580
    8134
    8568
    8866
    9014
    9011
    8855
    8542
    8104
    7548
    6880
    6110
    5237
    4273
    3251
    2186
    1080
     -48
   -1164
   -2254
   -3308
   -4375
   -6091
   -7980
   -8844
   -9359
  -10011
  -10403
  -10473
  -10873
  -10945
  -10549
   -9723
   -8801
   -7766
   -6449
   -3873
   -1702
    -546
     708
    2025
    3337
    4603
    5799
    6899
    7881
    8735
    9452
   10002
   10399
   10629
   10687
   10578
   10301
    9866
    9268
    8513
    7623
    6747
    5922
    4751
    3451
    2122
     765
    -711
   -2538
   -4413
   -6049
   -7501
   -9042
  -10779
  -12432
  -13790
  -14735
  -15061
  -15134
  -15466
  -15878
  -15936
  -15313
  -13867
  -12143
  -10313
   -8311
   -6361
   -4428
   -2484
    -417
    1756
    3947
    6232
    8454
   10266
   11832
   13286
   14611
   15691
   16567
   17361
   17897
   18024
   17849
   17383
   16623
   15591
   14324
   12816
   11145
    9310
    7293
    5152
    2938
     674
   -1596
   -3822
   -5994
   -8074
  -10006
  -11754
  -13308
  -14631
  -15679
  -16453
  -16961
  -17212
  -17187
  -16887
  -16285
  -15307
  -13853
  -12163
  -10452
   -8820
   -7175
   -5484
   -3754
   -1958
     -90
    1802
    3663
    5475
    7203
    8835
   10342
   11689
   12850
   13806
   14540
   15040
   15306
   15328
   15111
   14675
   14022
   13155
   12075
   10801
    9362
    7780
    6075
    4283
    2433
     546
   -1338
   -3188
   -4977
   -6676
   -8258
   -9691
  -10954
  -12042
  -12933
  -13614
  -14080
  -14306
  -14290
  -14048
  -13568
  -12865
  -11940
  -10812
   -9522
   -8078
   -6510
   -4838
   -3071
   -1260
     569
    2389
    4171
    5895
    7530
    9045
   10404
   11609
   12632
   13441
   14022
   14353
   14453
   14334
   13983
   13411
   12623
   11633
   10455
    9088
    7532
    5828
    4037
    2196
     327
   -1553
   -3413
   -5216
   -6914
   -8447
   -9847
  -11096
  -12160
  -13008
  -13714
  -13993
  -13756
  -13387
  -12866
  -12033
  -11045
  -10009
   -8847
   -7559
   -6162
   -4652
   -3075
   -1496
      33
    1543
    3026
    4436
    5747
    6963
    8111
    9256
   10296
   11148
   11803
   12261
   12503
   12534
   12372
   12022
   11473
   10749
    9856
    8807
    7629
    6339
    4960
    3504
    1990
     447
   -1103
   -2627
   -4108
   -5520
   -6831
   -8027
   -9085
   -9986
  -10716
  -11276
  -11642
  -11818
  -11798
  -11589
  -11196
  -10615
   -9868
   -8955
   -7893
   -6712
   -5426
   -4041
   -2586
   -1094
     414
    1918
    3398
    4819
    6158
    7408
    8542
    9543
   10390
   11064
   11564
   11870
   11986
   11911
   11644
   11190
   10573
    9791
    8850
    7775
    6591
    5294
    3927
    2486
    1019
    -438
   -1889
   -3307
   -4660
   -5939
   -7118
   -8173
   -9133
  -10011
  -10721
  -11216
  -11489
  -11548
  -11408
  -11093
  -10600
   -9938
   -9123
   -8179
   -7102
   -5902
   -4584
   -3157
   -1703
    -251
    1224
    2690
    4087
    5356
    6514
    7623
    8697
    9606
   10023
    9792
    9400
    8937
    8199
    7294
    6529
    5711
    4677
    3663
    2735
    1741
     742
    -269
   -1246
   -2126
   -3004
   -3966
   -4841
   -5598
   -6224
   -6677
   -6992
   -7211
   -7370
   -7417
   -7322
   -7082
   -6724
   -6253
   -5679
   -5005
   -4241
   -3401
   -2499
   -1553
    -561
     444
    1432
    2402
    3337
    4205
    5018
    5753
    6406
    6964
    7420
    7754
    7964
    8058
    8038
    7883
    7544
    6948
    6126
    5161
    4130
    3202
    2455
    1720
     933
      95
    -773
   -1645
   -2468
   -3241
   -3957
   -4589
   -5140
   -5597
   -5953
   -6206
   -6341
   -6376
   -6307
   -6143
   -5878
   -5511
   -5087
   -4570
   -3960
   -3276
   -2529
   -1742
    -920
     -77
     771
    1612
    2430
    3207
    3921
    4572
    5152
    5650
    6061
    6377
    6595
    6698
    6688
    6574
    6365
    6055
    5663
    5178
    4615
    3979
    3278
    2546
    1788
     992
     184
    -612
   -1381
   -2125
   -2834
   -3495
   -4105
   -4647
   -5099
   -5472
   -5754
   -5932
   -6010
   -5989
   -5867
   -5656
   -5347
   -4947
   -4456
   -3897
   -3270
   -2589
   -1857
   -1096
    -317
     472
    1255
    2022
    2751
    3437
    4080
    4652
    5160
    5584
    5924
    6175
    6325
    6379
    6334
    6184
    5940
    5606
    5199
    4709
    4150
    3523
    2838
    2115
    1368
     609
    -175
    -977
   -1778
   -2536
   -3213
   -3849
   -4423
   -4898
   -5236
   -5469
   -5629
   -5713
   -5718
   -5617
   -5415
   -5134
   -4766
   -4316
   -3788
   -3191
   -2549
   -1868
   -1150
    -411
     334
    1083
    1803
    2503
    3151
    3744
    4279
    4744
    5140
    5454
    5678
    5815
    5850
    5801
    5661
    5435
    5127
    4735
    4270
    3742
    3159
    2528
    1861
    1184
     486
    -218
    -910
   -1583
   -2222
   -2817
   -3368
   -3861
   -4287
   -4643
   -4919
   -5110
   -5218
   -5251
   -5189
   -5033
   -4793
   -4466
   -4065
   -3603
   -3061
   -2488
   -1889
   -1257
    -597
      81
     759
    1421
    2058
    2667
    3229
    3751
    4204
    4586
    4904
    5144
    5304
    5386
    5376
    5280
    5103
    4853
    4536
    4138
    3687
    3186
    2629
    2029
    1403
     766
     116
    -526
   -1168
   -1795
   -2392
   -2938
   -3429
   -3859
   -4223
   -4514
   -4692
   -4005
   -2192
    -635
     709
    1947
    3107
    4185
    5160
    6018
    6752
    7370
    7859
    8215
    8425
    8492
    8409
    8176
    7801
    7298
    6673
    5762
    4075
    2143
      70
   -2438
   -4798
   -6851
   -8420
   -9778
  -11028
  -12116
  -13015
  -13702
  -14167
  -14400
  -14401
  -14172
  -13708
  -13018
  -12119
  -11024
   -9735
   -8290
   -6708
   -5016
   -3253
   -1438
     393
    2221
    4017
    5751
    7388
    8900
   10275
   11486
   12510
   13336
   13941
   14329
   14491
   14428
   14130
   13597
   12858
   11921
   10789
    9483
    8033
    6460
    4791
    3052
    1270
    -543
   -2334
   -4078
   -5746
   -7319
   -8769
  -10071
  -11209
  -12163
  -12913
  -13457
  -13782
  -13873
  -13741
  -13380
  -12807
  -12032
  -11045
   -9880
   -8553
   -7081
   -5476
   -3787
   -2056
    -285
    1472
    3200
    4884
    6480
    7980
    9348
   10571
   11630
   12511
   13191
   13685
   13967
   14009
   13824
   13423
   12802
   11981
   10956
    9760
    8415
    6944
    5384
    3739
    2025
     282
   -1462
   -3166
   -4814
   -6379
   -7827
   -9149
  -10284
  -11255
  -12051
  -12685
  -13151
  -13397
  -13431
  -13229
  -12800
  -12153
  -11313
  -10286
   -9093
   -7751
   -6299
   -4741
   -3088
   -1385
     332
    2041
    3716
    5334
    6853
    8264
    9539
   10657
   11601
   12352
   12908
   13259
   13396
   13328
   13037
   12539
   11836
   10951
    9900
    8688
    7338
    5880
    4340
    2722
    1067
    -595
   -2251
   -3854
   -5396
   -6846
   -8175
   -9361
  -10384
  -11230
  -11883
  -12349
  -12619
  -12684
  -12547
  -12205
  -11669
  -10947
  -10042
   -8973
   -7761
   -6421
   -4987
   -3472
   -1894
    -288
    1327
    2919
    4471
    5948
    7328
    8592
    9714
   10692
   11507
   12126
   12550
   12783
   12813
   12642
   12258
   11683
   10968
   10078
    8986
    7739
    6375
    4922
    3401
    1837
     247
   -1343
   -2909
   -4421
   -5857
   -7190
   -8413
   -9570
  -10702
  -11588
  -12129
  -12465
  -12790
  -13307
  -13165
  -12479
  -11664
  -10699
   -9565
   -8284
   -6879
   -5364
   -3775
   -2121
    -424
    1268
    2941
    4559
    6103
    7549
    8872
   10050
   11092
   11855
   11509
   10947
   10445
   10288
   10383
   10249
    9857
    8838
    7124
    6226
    5469
    4541
    3514
    2423
    1297
     152
    -995
   -2078
   -2937
   -3728
   -4511
   -5244
   -5898
   -6457
   -6920
   -7264
   -7489
   -7596
   -7583
   -7453
   -7193
   -6818
   -6335
   -5749
   -5081
   -4325
   -3506
   -2628
   -1711
    -765
     196
    1155
    2095
    2986
    3834
    4620
    5328
    5958
    6494
    6931
    7255
    7457
    7549
    7518
    7369
    7097
    6715
    6233
    5649
    4980
    4227
    3413
    2548
    1646
     729
    -203
   -1131
   -2039
   -2909
   -3732
   -4487
   -5168
   -5764
   -6263
   -6658
   -6937
   -7111
   -7173
   -7112
   -6931
   -6635
   -6237
   -5736
   -5144
   -4467
   -3708
   -2883
   -2022
   -1132
    -217
     706
    1619
    2501
    3345
    4141
    4873
    5522
    6080
    6549
    6912
    7163
    7306
    7327
    7233
    7028
    6715
    6299
    5777
    5164
    4477
    3721
    2906
    2054
    1169
     262
    -641
   -1523
   -2379
   -3192
   -3953
   -4649
   -5263
   -5787
   -6222
   -6553
   -6775
   -6880
   -6873
   -6754
   -6523
   -6188
   -5746
   -5214
   -4597
   -3928
   -3205
   -2446
   -1626
    -785
      81
     949
    1807
    2633
    3414
    4136
    4480
    3851
    3186
    2690
    2578
    3102
    3501
    3705
    3834
    3586
    3340
    3507
    3543
    3497
    3380
    3215
    3001
    2730
    2455
    2190
    1871
    1506
    1116
     711
     300
    -112
    -518
    -906
   -1279
   -1639
   -1969
   -2263
   -2521
   -2737
   -2909
   -3024
   -3086
   -3073
   -2989
   -2850
   -2679
   -2483
   -2148
   -1251
    -243
     299
     824
    1395
    1897
    2361
    2943
    3596
    3866
    4096
    4227
    3748
    2999
    2367
    1765
    1166
     569
     -18
    -584
   -1140
   -1669
   -2164
   -2624
   -3028
   -3367
   -3658
   -3884
   -4038
   -4131
   -4148
   -4088
   -3957
   -3687
   -3083
   -2369
   -1647
    -899
    -146
     616
    1367
    2100
    2799
    3448
    4045
    4575
    5038
    5432
    5733
    5944
    6061
    6087
    6018
    5850
    5589
    5254
    4837
    4343
    3782
    3165
    2499
    1801
    1076
     346
    -395
   -1122
   -1836
   -2482
   -3021
   -3535
   -3997
   -4391
   -4713
   -4966
   -5142
   -5231
   -5234
   -5162
   -4996
   -4740
   -4417
   -4037
   -3605
   -3110
   -2565
   -1973
   -1351
    -718
     -75
     577
    1222
    1844
    2446
    2995
    3501
    3969
    4374
    4706
    4962
    5140
    5238
    5258
    5193
    5041
    4802
    4492
    4113
    3676
    3176
    2636
    2046
    1432
     796
     159
    -479
   -1115
   -1729
   -2310
   -2855
   -3349
   -3788
   -4169
   -4484
   -4718
   -4865
   -4936
   -4922
   -4834
   -4665
   -4407
   -4083
   -3695
   -3247
   -2735
   -2183
   -1597
    -989
    -354
     282
     911
    1533
    2139
    2698
    3218
    3689
    4103
    4451
    4727
    4930
    5056
    5104
    5066
    4947
    4756
    4496
    4164
    3774
    3312
    2798
    2258
    1675
    1062
     445
    -177
    -796
   -1398
   -1978
   -2517
   -3018
   -3474
   -3862
   -4177
   -4430
   -4618
   -4723
   -4753
   -4701
   -4580
   -4371
   -4090
   -3744
   -3334
   -2872
   -2357
   -1803
   -1221
    -616
      -2
     602
    1217
    1815
    2374
    2899
    3390
    3961
    4901
    5755
    6573
    7214
    7515
    7572
    7368
    6945
    6482
    6017
    5430
    4707
    3851
    2870
    1843
     780
    -296
   -1354
   -2390
   -3385
   -4339
   -5221
   -6001
   -6630
   -7036
   -7319
   -7519
   -7559
   -7483
   -7291
   -6973
   -6552
   -6014
   -5364
   -4631
   -3812
   -2938
   -1999
   -1031
     -53
     488
     228
     109
     157
     276
     430
     597
     826
    1627
    2767
    3714
    4570
    5415
    6170
    6851
    7442
    7905
    8228
    8413
    8463
    8397
    8262
    8058
    7749
    7316
    6760
    6097
    5345
    4506
    3598
    2621
    1592
     545
    -509
   -1521
   -2511
   -3469
   -4372
   -5211
   -5972
   -6650
   -7208
   -7615
   -7870
   -7821
   -7349
   -7173
   -7416
   -7479
   -7321
   -7007
   -6562
   -6010
   -5438
   -4692
   -3214
    -200
    2945
    5632
    8071
   10305
   12323
   14120
   15658
   16920
   17894
   18565
   18920
   18950
   18662
   18075
   17186
   16005
   14565
   12882
   10710
    7553
    4179
     859
   -2408
   -5531
   -8365
  -10993
  -13471
  -15735
  -17744
  -19465
  -20866
  -21923
  -22628
  -22958
  -22923
  -22524
  -21755
  -20631
  -19179
  -17409
  -15365
  -13121
  -10708
   -8032
   -5198
   -2285
     653
    3579
    6448
    9206
   11815
   14227
   16409
   18329
   19954
   21260
   22220
   22829
   23070
   22941
   22446
   21591
   20397
   18879
   17063
   14976
   12651
   10133
    7462
    4670
    1819
   -1065
   -3923
   -6709
   -9381
  -11898
  -14214
  -16297
  -18115
  -19632
  -20830
  -21691
  -22200
  -22347
  -22130
  -21553
  -20627
  -19363
  -17793
  -15939
  -13826
  -11495
   -8982
   -6327
   -3579
    -769
    2057
    4846
    7552
   10141
   12554
   14769
   16746
   18449
   19857
   20941
   21685
   22087
   22136
   21829
   21173
   20173
   18849
   17233
   15346
   13222
   10893
    8387
    5756
    3033
     269
   -2492
   -5211
   -7833
  -10319
  -12626
  -14732
  -16593
  -18303
  -20154
  -21762
  -22959
  -23763
  -24180
  -24207
  -23838
  -23097
  -21986
  -20524
  -18740
  -16655
  -14303
  -11730
   -8974
   -6071
   -3078
     -35
    3003
    5984
    8866
   11596
   14145
   16469
   18518
   20263
   21684
   22760
   23463
   23786
   23729
   23288
   22481
   21315
   19805
   17969
   15856
   13503
   10933
    8186
    5321
    2368
    -622
   -3600
   -6511
   -9307
  -11943
  -14384
  -16590
  -18521
  -20151
  -21447
  -22404
  -22995
  -23215
  -23063
  -22528
  -21641
  -20399
  -18824
  -16948
  -14808
  -12433
   -9853
   -7128
   -4301
   -1396
    1526
    4156
    6209
    8574
   11252
   13703
   15899
   17811
   19431
   20734
   21710
   22334
   22589
   22488
   22028
   21219
   20073
   18595
   16827
   14797
   12529
   10061
    7438
    4696
    1889
    -937
   -3745
   -6490
   -9122
  -11606
  -13894
  -15950
  -17748
  -19256
  -20443
  -21299
  -21813
  -21975
  -21784
  -21237
  -20345
  -19114
  -17577
  -15765
  -13697
  -11407
   -8949
   -6336
   -3629
   -1233
     956
    4734
    8203
   10728
   13131
   15346
   17339
   19059
   20459
   21530
   22255
   22613
   22602
   22217
   21495
   20433
   19042
   17355
   15387
   13181
   10769
    8194
    5487
    2688
    -418
   -3878
   -7172
  -10264
  -13150
  -15795
  -18171
  -20245
  -21968
  -23329
  -24313
  -24887
  -24888
  -24325
  -23400
  -22113
  -20479
  -18525
  -16283
  -13777
  -11045
   -8139
   -5108
   -2004
    1127
    4242
    7282
   10211
   12974
   15519
   17814
   19823
   21513
   22852
   23820
   24412
   24607
   24406
   23807
   22831
   21500
   19825
   17837
   15564
   13046
   10331
    7457
    4468
    1406
   -1674
   -4716
   -7673
  -10493
  -13139
  -15567
  -17739
  -19625
  -21340
  -23224
  -24757
  -25764
  -26304
  -26401
  -26047
  -25258
  -24068
  -22475
  -20508
  -18210
  -15623
  -12773
   -9713
   -6503
   -3181
     193
    3562
    6871
   10070
   13106
   15939
   18504
   20778
   22716
   24284
   25471
   26242
   26594
   26530
   26033
   25123
   23810
   22120
   20080
   17730
   15108
   12247
    9196
    6011
    2737
    -587
   -3889
   -7127
  -10236
  -13172
  -15884
  -18334
  -20486
  -22300
  -23741
  -24805
  -25474
  -25718
  -25541
  -24961
  -23975
  -22599
  -20862
  -18791
  -16411
  -13776
  -10913
   -7883
   -4728
   -1503
    1738
    4948
    8078
   11078
   13893
   16482
   18808
   20828
   22512
   23829
   24765
   25301
   25431
   25159
   24487
   23417
   21972
   20183
   18075
   15682
   13048
   10206
    7207
    4095
     921
   -2251
   -5383
   -8417
  -11309
  -14012
  -16482
  -18684
  -20583
  -22140
  -23342
  -24163
  -24593
  -24625
  -24252
  -23492
  -22357
  -20853
  -19012
  -16870
  -14461
  -11821
   -8989
   -6021
   -2958
     150
    3244
    6296
    9247
   12031
   14621
   16976
   19060
   20837
   22277
   23356
   24056
   24372
   24293
   23828
   23067
   22026
   20629
   18893
   16864
   14567
   12043
    9325
    6471
    3516
     506
   -2493
   -5451
   -8313
  -11037
  -13580
  -15902
  -17954
  -19705
  -21135
  -22221
  -22951
  -23298
  -23263
  -22862
  -22081
  -20950
  -19482
  -17702
  -15636
  -13326
  -10797
   -8090
   -5254
   -2336
     621
    3566
    6453
    9233
   11865
   14306
   16517
   18467
   20118
   21420
   22373
   22957
   23175
   23029
   22563
   21821
   20733
   19313
   17598
   15600
   13346
   10874
    8246
    5495
    2640
    -275
   -3156
   -5956
   -8656
  -11219
  -13595
  -15744
  -17633
  -19242
  -20531
  -21494
  -22110
  -22351
  -22231
  -21765
  -20951
  -19797
  -18320
  -16554
  -14519
  -12252
   -9796
   -7173
   -4430
   -1630
    1198
    4007
    6752
    9381
   11852
   14138
   16190
   17986
   19477
   20663
   21515
   22014
   22170
   21968
   21415
   20514
   19300
   17794
   16008
   13972
   11717
    9285
    6718
    4047
    1309
   -1446
   -4169
   -6820
   -9355
  -11733
  -13911
  -15864
  -17552
  -18957
  -20058
  -20824
  -21262
  -21356
  -21100
  -20497
  -19560
  -18316
  -16773
  -14950
  -12896
  -10643
   -8219
   -5666
   -3023
    -348
    2340
    4985
    7551
    9991
   12272
   14352
   16196
   17784
   19086
   20077
   20739
   21069
   21069
   20732
   20051
   19055
   17750
   16168
   14338
   12281
   10033
    7621
    5095
    2498
    -138
   -2774
   -5351
   -7829
  -10172
  -12348
  -14306
  -16027
  -17476
  -18648
  -19541
  -20112
  -20350
  -20257
  -19842
  -19077
  -17984
  -16592
  -14945
  -13065
  -10975
   -8520
   -5578
   -3165
    -670
    1862
    4350
    6764
    9085
   11256
   13231
   14988
   16372
   17843
   19383
   20478
   21184
   21524
   21413
   20725
   19692
   18370
   16763
   14890
   12782
   10476
    8006
    5419
    2739
      19
   -2701
   -5367
   -7928
  -10781
  -13814
  -16490
  -18797
  -20762
  -22369
  -23589
  -24423
  -24863
  -24884
  -24496
  -23712
  -22538
  -20994
  -19109
  -16910
  -14437
  -11731
   -8837
   -5801
   -2670
     490
    3651
    6750
    9734
   12558
   15189
   17578
   19679
   21461
   22903
   23981
   24670
   24961
   24857
   24358
   23469
   22202
   20581
   18641
   16405
   13921
   11212
    8327
    5309
    2219
    -900
   -3999
   -7029
   -9943
  -12684
  -15219
  -17494
  -19481
  -21151
  -22474
  -23436
  -24011
  -24200
  -23997
  -23401
  -22429
  -21103
  -19436
  -17455
  -15191
  -12689
   -9993
   -7135
   -4172
   -1136
    1917
    4933
    7871
   10681
   13313
   15730
   17892
   19766
   21320
   22528
   23370
   23843
   23928
   23628
   22950
   21910
   20519
   18797
   16773
   14485
   11975
    9319
    6871
    4413
    1612
   -1198
   -3968
   -6672
   -9247
  -11675
  -13906
  -15908
  -17652
  -19105
  -20240
  -21042
  -21510
  -21627
  -21393
  -20817
  -19901
  -18661
  -17118
  -15307
  -13252
  -10977
   -8529
   -5949
   -3265
    -538
    2193
    4889
    7501
    9982
   12309
   14451
   16345
   17971
   19307
   20331
   21034
   21393
   21406
   21082
   20415
   19430
   18133
   16540
   14698
   12631
   10378
    7957
    5410
    2783
     127
   -2528
   -5138
   -7653
  -10045
  -12270
  -14293
  -16085
  -17605
  -18843
  -19768
  -20365
  -20631
  -20561
  -20168
  -19440
  -18399
  -17063
  -14951
  -11421
   -7873
   -4979
   -2837
    -637
    1666
    3986
    6246
    8411
   10434
   12273
   13905
   15312
   16465
   17346
   17940
   18249
   18278
   18007
   17442
   16603
   15500
   14152
   12578
   10809
    8862
    6784
    4612
    2367
      89
   -2188
   -4428
   -6585
   -8631
  -10532
  -12257
  -13775
  -15066
  -16112
  -16898
  -17413
  -17640
  -17575
  -17228
  -16603
  -15706
  -14556
  -13174
  -11585
   -9816
   -7898
   -5849
   -3700
   -1488
     747
    2962
    5129
    7217
    9181
   10985
   12615
   14050
   15260
   16218
   16914
   17342
   17498
   17375
   16968
   16292
   15349
   14175
   12772
   11164
    9385
    7460
    5423
    3302
    1131
   -1046
   -3208
   -5314
   -7325
   -9216
  -10955
  -12508
  -13863
  -14982
  -15855
  -16474
  -16832
  -16920
  -16728
  -16266
  -15536
  -14558
  -13347
  -11922
  -10303
   -8509
   -6583
   -4556
   -2453
    -309
    1842
    3946
    5992
    7936
    9756
   11418
   12894
   14166
   15206
   15993
   16537
   16817
   16830
   16571
   16052
   15276
   14256
   13005
   11556
    9920
    8133
    6225
    4221
    2154
      55
   -2042
   -4138
   -6333
   -8860
  -11685
  -14103
  -15788
  -16721
  -17455
  -17956
  -18182
  -18117
  -17752
  -16488
  -13820
  -12578
  -12498
  -11928
  -10922
   -9653
   -8188
   -6569
   -4832
   -2999
   -1115
     797
    2699
    4561
    6354
    8054
    9625
   11048
   12296
   13340
   14186
   14806
   15183
   15335
   15240
   14904
   14337
   13546
   12534
   11340
    9963
    8432
    6765
    5001
    3158
    1272
    -632
   -2514
   -4359
   -6119
   -7774
   -9301
  -10670
  -11859
  -12853
  -13630
  -14194
  -14520
  -14608
  -14462
  -14078
  -13467
  -12639
  -11601
  -10383
   -8996
   -7464
   -5818
   -4076
   -2272
    -432
    1419
    3241
    5009
    6690
    8271
    9719
   11006
   12122
   13043
   13756
   14243
   14508
   14541
   14337
   13900
   13240
   12367
   11306
   10061
    8663
    7132
    5491
    3765
    1976
     172
   -1628
   -3404
   -5112
   -6736
   -8249
   -9616
  -10834
  -11877
  -12720
  -13353
  -13766
  -13951
  -13915
  -13657
  -13178
  -12494
  -11608
  -10532
   -9288
   -7887
   -6360
   -4733
   -3023
   -1264
     511
    2278
    4001
    5661
    7223
    8673
    9985
   11139
   12115
   12894
   13465
   13820
   13947
   13854
   13540
   13004
   12267
   11340
   10236
    8970
    7562
    6032
    4418
    2732
    1007
    -725
   -2445
   -4121
   -5723
   -7234
   -8627
   -9867
  -10950
  -11847
  -12556
  -13060
  -13350
  -13422
  -13280
  -12917
  -12349
  -11582
  -10630
   -9511
   -8242
   -6837
   -5317
   -3709
   -2045
    -345
    1355
    3040
    4664
    6214
    7668
    9002
   10186
   11198
   12031
   12680
   13121
   13356
   13378
   13188
   12784
   12177
   11378
   10394
    9253
    7961
    6556
    5047
    3460
    1814
     147
   -1519
   -3150
   -4726
   -6231
   -7636
   -8913
  -10035
  -10998
  -11781
  -12372
  -12760
  -12940
  -12903
  -12651
  -12194
  -11544
  -10708
   -9699
   -8532
   -7227
   -5805
   -4295
   -2724
   -1103
     537
    2178
    3899
    6299
    9434
   12025
   13467
   14345
   15104
   15676
   16009
   16085
   15912
   15488
   14816
   13903
   12766
   11423
    9911
    8247
    6452
    4551
    2585
     581
   -1425
   -3400
   -5317
   -7138
   -8833
  -10379
  -11754
  -12934
  -13897
  -14636
  -15132
  -15384
  -15385
  -15135
  -14639
  -13912
  -12951
  -11779
  -10426
   -8911
   -7248
   -5462
   -3595
   -1673
     280
    2226
    4129
    5976
    7724
    9340
   10806
   12106
   13214
   14103
   14767
   15191
   15387
   15341
   15039
   14499
   13732
   12745
   11562
   10195
    8667
    7004
    5229
    3375
    1471
    -449
   -2355
   -4209
   -6005
   -7702
   -9270
  -10676
  -11904
  -12943
  -13763
  -14362
  -14718
  -14304
  -12380
  -10371
   -8490
   -7059
   -6423
   -5680
   -4750
   -3707
   -2600
   -1447
    -276
     902
    2055
    3177
    4245
    5247
    6158
    6964
    7668
    8249
    8700
    9000
    9149
    9158
    9036
    8763
    8353
    7804
    7096
    6266
    5370
    4414
    3383
    2303
    1185
      59
   -1063
   -2166
   -3238
   -4253
   -5187
   -6043
   -6799
   -7437
   -7964
   -8364
   -8626
   -8747
   -8724
   -8553
   -8230
   -7777
   -7199
   -6499
   -5693
   -4796
   -3816
   -2784
   -1706
    -608
     517
    1627
    2708
    3754
    4528
    4974
    5423
    5835
    6173
    6428
    6644
    6959
    7196
    7295
    7273
    7135
    6883
    6526
    6071
    5516
    4880
    4170
    3389
    2560
    1672
     216
   -1957
   -3903
   -5629
   -7197
   -8610
   -9861
  -10939
  -11822
  -12493
  -12945
  -13193
  -13215
  -13013
  -12591
  -11957
  -11126
  -10104
   -8908
   -7562
   -6091
   -4526
   -2872
   -1166
     556
    2261
    3925
    5522
    7043
    8458
    9731
   10848
   11795
   12558
   13123
   13472
   13610
   13540
   13254
   12756
   12054
   11166
   10102
    8876
    7519
    6039
    4466
    2838
    1163
    -521
   -2193
   -3824
   -5388
   -6862
   -8221
   -9445
  -10509
  -11406
  -12110
  -12611
  -12910
  -12996
  -12867
  -12531
  -11995
  -11266
  -10345
   -9262
   -8030
   -6665
   -5198
   -3643
   -2034
    -393
    1251
    2879
    4459
    5969
    7379
    8677
    9830
   10815
   11630
   12271
   12713
   12949
   12984
   12799
   12415
   11827
   11055
   10108
    9000
    7760
    6398
    4930
    3388
    1798
     187
   -1428
   -3014
   -4545
   -6006
   -7363
   -8601
   -9691
  -10623
  -11383
  -11949
  -12324
  -12498
  -12462
  -12227
  -11798
  -11166
  -10233
   -9017
   -7669
   -6220
   -4674
   -3045
   -1362
     341
    2034
    3708
    5323
    6848
    8265
    9551
   10690
   11663
   12452
   13038
   13416
   13586
   13537
   13269
   12791
   12109
   11242
   10199
    9006
    7667
    6216
    4671
    3057
    1398
    -283
   -1954
   -3579
   -5158
   -6963
   -8962
  -10205
  -11185
  -12028
  -12690
  -13157
  -13414
  -13446
  -13261
  -12862
  -12251
  -11444
  -10450
   -9280
   -7955
   -6505
   -4945
   -3297
   -1593
     123
    1834
    3512
    5141
    6693
    8135
    9447
   10604
   11599
   12412
   13023
   13412
   13589
   13570
   13756
   14343
   14551
   14397
   13963
   13278
   12361
   11221
    9880
    8369
    6719
    4961
    3130
    1241
    -753
   -3106
   -5515
   -7779
   -9891
  -11757
  -12856
  -13488
  -14064
  -14485
  -14696
  -14683
  -14449
  -13995
  -13318
  -12430
  -11337
  -10070
   -8636
   -7074
   -5397
   -3645
   -1838
       2
    1842
    3629
    5349
    6989
    8512
    9892
   11115
   12153
   12994
   13622
   14036
   14218
   14176
   13905
   13412
   12699
   11790
   10695
    9427
    8010
    6461
    4816
    3099
    1330
    -443
   -2214
   -3945
   -5607
   -7171
   -8616
   -9919
  -11056
  -12015
  -12774
  -13319
  -13657
  -13767
  -13657
  -13326
  -12788
  -12044
  -11103
   -9990
   -8716
   -7301
   -5768
   -4137
   -2441
    -708
    1036
    2759
    4435
    6045
    7555
    8939
   10179
   11259
   12154
   12856
   13351
   13627
   13680
   13518
   13144
   12562
   11782
   10816
    9674
    8385
    6969
    5438
    3825
    2164
     474
   -1228
   -2903
   -4529
   -6074
   -7517
   -8838
  -10015
  -11026
  -11853
  -12489
  -12924
  -13147
  -13150
  -12935
  -12517
  -11899
  -11086
  -10108
   -8964
   -7666
   -6252
   -4745
   -3172
   -1589
      39
    1677
    3279
    4821
    6269
    7613
    8809
    9815
   10157
   10172
   10762
   11295
   11604
   11674
   11541
   11217
   10705
   10029
    9192
    8210
    7099
    5879
    4566
    3181
    1751
     301
   -1155
   -2582
   -3961
   -5281
   -6508
   -7621
   -8609
   -9456
  -10155
  -10683
  -11037
  -11203
  -11193
  -11006
  -10636
  -10101
   -9405
   -8556
   -7572
   -6452
   -5233
   -3928
   -2565
   -1158
     267
    1684
    3074
    4416
    5686
    6869
    7946
    8888
    9686
   10324
   10802
   11109
   11237
   11184
   10955
   10553
    9984
    9256
    8378
    7369
    6248
    5029
    3727
    2374
     988
    -416
   -1799
   -3153
   -4458
   -5683
   -6810
   -7826
   -8720
   -9462
  -10039
  -10459
  -10708
  -10783
  -10680
  -10411
   -9967
   -9364
   -8608
   -7713
   -6695
   -5573
   -4358
   -3069
   -1735
    -376
     994
    2340
    3655
    4909
    6083
    7155
    8104
    8925
    9610
   10147
   10517
   10727
   10759
   10621
   10316
    9843
    9213
    8442
    7540
    6514
    5384
    4155
    2749
    1259
    -220
   -1680
   -3112
   -4497
   -5808
   -7021
   -8120
   -9091
   -9912
  -10574
  -11068
  -11384
  -11515
  -11458
  -11206
  -10778
  -10171
   -9407
   -8497
   -7443
   -6262
   -4984
   -3638
   -2224
    -774
     690
    2139
    3551
    4901
    6168
    7345
    8397
    9314
   10077
   10680
   11105
   11360
   11436
   11332
   11049
   10590
    9967
    9183
    8246
    7180
    6005
    5094
    5030
    4834
    4350
    3720
    3001
    2209
    1367
     495
    -395
   -1326
   -2630
   -4124
   -5444
   -6505
   -7299
   -7807
   -8222
   -8545
   -8750
   -8822
   -8755
   -8550
   -8215
   -7755
   -7168
   -6463
   -5654
   -4760
   -3798
   -2992
   -2442
   -1840
   -1182
    -491
     225
     931
    1698
    2623
    3484
    4244
    4933
    5540
    6060
    6482
    6808
    6960
    6849
    6620
    6299
    5950
    5617
    5169
    4544
    3766
    2945
    2089
    1343
    1139
    1040
     778
     443
      81
    -297
    -673
   -1036
   -1397
   -1738
   -2051
   -2333
   -2576
   -2786
   -3008
   -3512
   -4092
   -4570
   -4961
   -5292
   -5557
   -5744
   -5809
   -5531
   -4687
   -3821
   -2996
   -2163
   -1303
    -429
     424
    1188
    1911
    2595
    3085
    2635
    1837
    1269
     804
     390
     -12
    -389
    -753
   -1085
   -1377
   -1474
   -1009
     -18
    1230
    1578
    1679
    1830
    1957
    2061
    2145
    2193
    2218
    2198
    2141
    2047
    1926
    1782
    1593
    1373
    1141
     909
     663
     403
     126
    -140
    -402
    -649
    -888
   -1123
   -1343
   -1526
   -1673
   -1796
   -1887
   -1952
