  552072
  552754
  552119
  550870
  549733
  549600
  550868
  553839
  558376
  564099
  570529
  576681
  581849
  585588
  587494
  587153
  584606
  580107
  573962
  566693
  559021
  551547
  544917
  539421
  535170
  532046
  529753
  527884
  526101
  523667
  520063
  514850
  508047
  499771
  490348
  480209
  469898
  460109
  451355
  443935
  438062
  433908
  431355
  430123
  429839
  430128
  430493
  430501
  429844
  428529
  426771
  424663
  422563
  421026
  420398
  420927
  422936
  426723
  432200
  439258
  447448
  456375
  465597
  474546
  482907
  490507
  497204
  503123
  508318
  512980
  517384
  521892
  526721
  531908
  537694
  543999
  550559
  557155
  563477
  569120
  573760
  577196
  579410
  580312
  579877
  578305
  575861
  572793
  569481
  566182
  563007
  560062
  557209
  554218
  550997
  547502
  543619
  538990
  533566
  527437
  520810
  513578
  505822
  497954
  490237
  482886
  476125
  470220
  464975
  460592
  457077
  454158
  451730
  449478
  447164
  444816
  442566
  440498
  438532
  436808
  435514
  434781
  434844
  435735
  437584
  440396
  444053
  448463
  453429
  458647
  463938
  469170
  474260
  479143
  483753
  488213
  492854
  497298
  501324
  505425
  509778
  514254
  519088
  524157
  528881
  533223
  537918
  542733
  547487
  551885
  555331
  557759
  559247
  559911
  559986
  559529
  558560
  557335
  556068
  554722
  553337
  551849
  550206
  548340
  546156
  543393
  540081
  536324
  532028
  527096
  521825
  516426
  511013
  505745
  500545
  495445
  490833
  486702
  482930
  479417
  476102
  472949
  469875
  466867
  463829
  460821
  457976
  455465
  453263
  451483
  450158
  449348
  449259
  450039
  451545
  453572
  456029
  458954
  462190
  465476
  468600
  471642
  474657
  477684
  480708
  484032
  487717
  491696
  495865
  500239
  504795
  509463
  513968
  518274
  522372
  526192
  529682
  532734
  535325
  537325
  538861
  539790
  540361
  541125
  541987
  542995
  544468
  546237
  547698
  548419
  548380
  547797
  546788
  545175
  542727
  539560
  535946
  532146
  528321
  524491
  520716
  517015
  513632
  510494
  507312
  504134
  500935
  497772
  494583
  491340
  488164
  484986
  481967
  479192
  476756
  474551
  472573
  470902
  469502
  468453
  467748
  467282
  467093
  467103
  467278
  467676
  468230
  469042
  470200
  471570
  473067
  474614
  476231
  478040
  480931
  485303
  494710
  503128
  512135
  520555
  526799
  528459
  525593
  524713
  524479
  523667
  520001
  519488
  521904
  527398
  535241
  540927
  545319
  551632
  559680
  569874
  576065
  576438
  569269
  556142
  542666
  530094
  519325
  511116
  505811
  503193
  502787
  504000
  506028
  508000
  509040
  508583
  506464
  502709
  497540
  491479
  485165
  479333
  474613
  471287
  469543
  469300
  470453
  472625
  475234
  477968
  480330
  481836
  482347
  481724
  480151
  478060
  475982
  474357
  473662
  474301
  476490
  480269
  485416
  491412
  497836
  504038
  509394
  513618
  516208
  517004
  516242
  514209
  511399
  508309
  505373
  503218
  502166
  502393
  504302
  506583
  515117
  529326
  541924
  551952
  557539
  558592
  556249
  551424
  544941
  537827
  530987
  525281
  521001
  517888
  517491
  530348
  554517
  572771
  581889
  583113
  573834
  553699
  532206
  512620
  496316
  484125
  476160
  472102
  467517
  460430
  456840
  457988
  462125
  467471
  472829
  476941
  479020
  478804
  476535
  472869
  468370
  463908
  460333
  458246
  457984
  459800
  463624
  469006
  475387
  482100
  488318
  493592
  497559
  500041
  501294
  501466
  501019
  500581
  500838
  502354
  505425
  510209
  516308
  523067
  529959
  536461
  541880
  545554
  547019
  546032
  542751
  537584
  531159
  524391
  517970
  512538
  508660
  506683
  506720
  508649
  512074
  516392
  520933
  524881
  527875
  529603
  529801
  528289
  525078
  520608
  515606
  510702
  506373
  502988
  500945
  500322
  500953
  502661
  504815
  506960
  508770
  509997
  510238
  509208
  507049
  503935
  500351
  496886
  493942
  491634
  490355
  490276
  491080
  492806
  495098
  497534
  499753
  501386
  502129
  501912
  500626
  498461
  495702
  492530
  489610
  487266
  485795
  485430
  486201
  488071
  490951
  494526
  498249
  501726
  504626
  506832
  507879
  506701
  505651
  505874
  506819
  508137
  509409
  510601
  512234
  514297
  516891
  519945
  523481
  527064
  530386
  533801
  536709
  538926
  539762
  539172
  537499
  535600
  533445
  531004
  530078
  534589
  540401
  544782
  547703
  548418
  546238
  541921
  536404
  530402
  524226
  519806
  518469
  516642
  513658
  509815
  505520
  501291
  497179
  493354
  490709
  489234
  488847
  489678
  487994
  485176
  482288
  479608
  477265
  473559
  464145
  460794
  463461
  468004
  473780
  479619
  485057
  489454
  493025
  495587
  497068
  497494
  497411
  498250
  499460
  500794
  502795
  505497
  509051
  512820
  517034
  521330
  525314
  528815
  531555
  533130
  533883
  533443
  524570
  509806
  499733
  494929
  494045
  496687
  501678
  507618
  514092
  520485
  526166
  530307
  532188
  531892
  529821
  526309
  521709
  516694
  512056
  508472
  506077
  505156
  505774
  507651
  510255
  513217
  516103
  518566
  520131
  520549
  519754
  517996
  515484
  512646
  510068
  507980
  506584
  506006
  506233
  507111
  508400
  509726
  510646
  510797
  509407
  502417
  492016
  483964
  477919
  473752
  471507
  471250
  472819
  475907
  480198
  485221
  490612
  495845
  500639
  504719
  507891
  509858
  510707
  510810
  510336
  509597
  508975
  508988
  509876
  511633
  514239
  517326
  512573
  400528
  216587
   95573
   30293
   15302
   42863
  103132
  184619
  275702
  365673
  445524
  508755
  551531
  573202
  576134
  564911
  545637
  524856
  508619
  501604
  506466
  523780
  552145
  588421
  628691
  668368
  703090
  729507
  745500
  750530
  745714
  733649
  717762
  701694
  688721
  681502
  681031
  687081
  697656
  709683
  719422
  723131
  717528
  700093
  669777
  627107
  574100
  514138
  452314
  393887
  343723
  305808
  282636
  275273
  282921
  303327
  332816
  366947
  401053
  430904
  453072
  465627
  467884
  460568
  445936
  427142
  407945
  392040
  382615
  381773
  390441
  408315
  433903
  464690
  497625
  529549
  557388
  578723
  592394
  598120
  596599
  589469
  578994
  567808
  558493
  552857
  551834
  555660
  563646
  574371
  585933
  596177
  602919
  604485
  599725
  588465
  571389
  549770
  525722
  501744
  480271
  463462
  452676
  448593
  451150
  459452
  471905
  486454
  500861
  512611
  519971
  522621
  520266
  513398
  503078
  491042
  479145
  469221
  462998
  461758
  465807
  474971
  488284
  504336
  521293
  537401
  550938
  560543
  565444
  565603
  561494
  554208
  544967
  535238
  526495
  520081
  516777
  516766
  519512
  524439
  530428
  536117
  540273
  541849
  540151
  534962
  526538
  515524
  502904
  489801
  477574
  467495
  460292
  456601
  456600
  459845
  465456
  472521
  479964
  486594
  491434
  493971
  494127
  492001
  488202
  483657
  479539
  476892
  476290
  478027
  482368
  489455
  498877
  509795
  521444
  532757
  542880
  550974
  556366
  558967
  559026
  557063
  553874
  550147
  546674
  544148
  543138
  543769
  545834
  549071
  552888
  556745
  559540
  560671
  559860
  556899
  551796
  544759
  536236
  526872
  517523
  509068
  501904
  496392
  492723
  490729
  490184
  490548
  491319
  491848
  491725
  490641
  488228
  484543
  480041
  475218
  470665
  466945
  464506
  463603
  464752
  467941
  472700
  478637
  485221
  491705
  497716
  502879
  506563
  509041
  510471
  511112
  511248
  511213
  511477
  512326
  514211
  517238
  521283
  526047
  531341
  536848
  541571
  545285
  547755
  548696
  548331
  546768
  544176
  541010
  537797
  534924
  532625
  530922
  529950
  529830
  530384
  531195
  531992
  532561
  532509
  531611
  529877
  527160
  523675
  519716
  515572
  511688
  508278
  505675
  504122
  503643
  503979
  504843
  505998
  507198
  508184
  508780
  508813
  508016
  506522
  504501
  502135
  499864
  497918
  496453
  495771
  495963
  496977
  498724
  500935
  503319
  505459
  507235
  508577
  509365
  509607
  509290
  508579
  507738
  506904
  506170
  505772
  506051
  507277
  509230
  511662
  514257
  516830
  519197
  521195
  522605
  523349
  523683
  523606
  523286
  522800
  522318
  522337
  522687
  523236
  524324
  525621
  526637
  527865
  530764
  536416
  542367
  549755
  554786
  555374
  553021
  548598
  543158
  537514
  532006
  526984
  523182
  520785
  519470
  518829
  518831
  523285
  527216
  534242
  554711
  569880
  575063
  573608
  566566
  554718
  539974
  524507
  510267
  498415
  489701
  484393
  482300
  482799
  485061
  488165
  491128
  492892
  492878
  491022
  487503
  482782
  477413
  472300
  468355
  466100
  465895
  467839
  471857
  477541
  484112
  490804
  496883
  501632
  504691
  506082
  505866
  504516
  502539
  500814
  499995
  500650
  503316
  508117
  515006
  523491
  532924
  542331
  550913
  557969
  562784
  564696
  563709
  560479
  555627
  549835
  543634
  537501
  532257
  528334
  526122
  525728
  526657
  528597
  531066
  533292
  534858
  535277
  534241
  531561
  527469
  522361
  516685
  511082
  505765
  501417
  498470
  496822
  494623
  492406
  491882
  492728
  494496
  496597
  498415
  499541
  499884
  499455
  498584
  497537
  496635
  496379
  496659
  497185
  498695
  501371
  504971
  509043
  513315
  517416
  520987
  523572
  524965
  525175
  524495
  523228
  521692
  520280
  519384
  519128
  519781
  521348
  523560
  526295
  529063
  531624
  533947
  535656
  536244
  535642
  533962
  531603
  528743
  525547
  522314
  519547
  526260
  669229
  966786
 1214346
 1365464
 1424954
 1403866
 1317700
 1185486
 1028230
  866308
  717408
  594835
  506537
  454828
  436914
  445777
  471937
  504525
  532768
  547523
  542707
  515676
  467534
  402855
  328647
  253230
  184950
  130521
   94183
   77407
   78737
   94396
  119009
  146462
  171032
  187976
  194458
  189869
  176067
  157086
  138932
  128331
  131878
  154730
  199669
  266744
  353039
  453072
  559487
  663870
  757882
  834137
  887095
  913694
  913875
  890296
  847972
  793877
  736268
  683214
  641221
  614573
  605256
  612848
  634466
  665187
  699034
  729702
  751468
  759975
  752549
  728808
  690297
  640515
  584553
  528187
  476814
  434977
  405772
  390236
  387733
  395760
  410772
  428825
  445729
  457674
  462285
  458539
  446637
  428517
  407036
  386061
  369911
  361893
  364250
  378064
  402829
  436281
  475184
  515564
  553274
  584505
  606228
  616658
  615463
  603754
  583921
  558936
  532698
  509277
  491859
  482640
  482735
  491267
  506588
  526378
  547569
  566696
  580648
  587144
  584933
  573943
  555400
  531142
  504003
  477146
  453555
  435817
  425516
  423412
  429092
  441088
  457317
  475350
  492750
  507326
  517226
  521520
  520406
  514782
  506365
  497325
  489705
  485641
  486723
  493779
  506716
  524650
  545888
  568560
  590385
  609070
  622853
  630642
  632035
  627407
  617806
  604888
  590586
  577027
  565917
  558377
  555184
  556253
  560676
  567025
  573709
  578953
  581118
  579058
  572015
  559918
  543381
  523576
  502251
  480957
  461588
  445661
  434298
  427825
  425984
  428070
  432927
  439175
  445416
  450404
  453074
  452984
  450156
  445270
  439370
  433546
  428930
  426679
  427826
  432845
  441777
  454259
  469487
  486338
  503324
  519253
  533157
  544245
  552227
  557124
  559330
  559605
  559027
  558607
  559368
  561977
  566699
  573569
  581854
  590736
  599671
  607695
  613783
  617234
  618198
  618286
  616601
  608692
  590785
  565974
  555404
  553242
  553379
  554792
  556858
  558681
  559024
  556600
  552430
  546301
  538499
  529137
  518704
  509938
  515703
  528013
  533641
  532962
  527519
  518536
  507458
  495802
  484536
  474687
  466831
  461224
  457873
  456372
  456294
  457223
  458919
  460554
  461663
  462281
  462450
  462591
  463130
  463864
  465318
  467807
  471291
  475788
  481119
  487166
  493498
  499623
  505179
  509865
  513669
  516740
  519195
  521350
  523626
  526289
  529542
  533723
  539001
  545346
  552672
  560466
  568241
  575505
  581586
  586204
  588979
  589757
  588601
  585595
  581189
  575763
  569862
  563929
  558430
  553706
  549915
  546983
  544730
  542993
  541327
  539499
  537269
  534331
  530594
  526161
  521076
  515549
  509922
  504572
  499962
  496286
  490680
  483473
  478413
  474804
  470751
  467855
  467535
  469121
  471715
  474685
  477583
  479966
  481830
  483070
  480026
  467140
  455636
  451094
  452282
  457883
  466811
  477702
  489740
  502122
  513731
  523607
  531383
  537422
  543661
  552395
  559866
  557269
  539211
  522202
  521287
  529271
  541496
  555814
  571002
  580465
  582305
  589013
  590276
  582781
  575385
  569641
  563751
  558304
  553963
  551332
  549714
  548259
  547019
  546190
  545803
  545481
  544807
  543473
  541837
  539112
  534422
  527885
  520611
