-1039559
-1022909
-1008592
 -997034
 -989138
 -986119
 -988800
 -996560
-1008584
-1024615
-1043481
-1063307
-1082606
-1100157
-1114768
-1125529
-1131657
-1132991
-1129276
-1121069
-1109365
-1094985
-1079301
-1064050
-1050460
-1039044
-1030504
-1025163
-1023082
-1023850
-1027555
-1033531
-1041265
-1049734
-1057951
-1065414
-1071690
-1076263
-1079023
-1079989
-1079281
-1077362
-1074680
-1071770
-1068758
-1065518
-1061922
-1058218
-1054321
-1049780
-1045969
-1043328
-1042679
-1044073
-1046747
-1050020
-1053060
-1054959
-1055768
-1058713
-1061804
-1063518
-1065095
-1067132
-1070266
-1074514
-1079494
-1084576
-1088821
-1091247
-1091362
-1089033
-1084920
-1079446
-1072858
-1065737
-1058352
-1051065
-1044513
-1039166
-1035304
-1033093
-1032167
-1032678
-1034743
-1037898
-1042098
-1047301
-1053107
-1059119
-1065084
-1070090
-1074050
-1076879
-1078242
-1078189
-1076932
-1075035
-1073037
-1069489
-1064105
-1059234
-1057223
-1059090
-1063172
-1067032
-1069882
-1072155
-1074182
-1075843
-1076806
-1077153
-1077169
-1076820
-1075736
-1072791
-1068730
-1064717
-1061107
-1057868
-1055563
-1055294
-1057013
-1059385
-1061937
-1064783
-1067356
-1069257
-1070407
-1071269
-1071658
-1070565
-1067181
-1062414
-1057696
-1053040
-1048931
-1046921
-1047205
-1049623
-1053411
-1057067
-1059738
-1058847
-1053685
-1047776
-1044008
-1043702
-1046319
-1050075
-1053287
-1055803
-1059267
-1064025
-1069421
-1074690
-1079399
-1083656
-1087419
-1089881
-1090687
-1090188
-1089042
-1087579
-1085123
-1080649
-1074708
-1068091
-1061245
-1054657
-1048902
-1044205
-1040466
-1038875
-1039812
-1042581
-1046794
-1052077
-1057668
-1062998
-1067661
-1071357
-1074028
-1075633
-1076487
-1076898
-1076599
-1075351
-1073395
-1070947
-1068525
-1066509
-1064727
-1063203
-1061804
-1060438
-1059233
-1058254
-1057562
-1057391
-1057525
-1057892
-1058867
-1060324
-1062207
-1064212
-1066153
-1067935
-1069359
-1070650
-1071784
-1072635
-1073076
-1072896
-1072080
-1070621
-1068597
-1066167
-1063832
-1061792
-1059872
-1058324
-1057435
-1057179
-1057703
-1059017
-1060966
-1063344
-1065757
-1067858
-1069216
-1069432
-1068790
-1067497
-1065992
-1064834
-1064403
-1064345
-1064909
-1065719
-1066659
-1067157
-1067096
-1067835
-1069987
-1073208
-1075731
-1076563
-1075944
-1074093
-1071451
-1067964
-1064036
-1060204
-1056887
-1054323
-1052564
-1051347
-1051072
-1051775
-1053436
-1055799
-1058515
-1061428
-1064723
-1068028
-1071080
-1073835
-1075864
-1077126
-1077589
-1077192
-1076109
-1074529
-1072757
-1070759
-1068510
-1065943
-1063245
-1061227
-1060394
-1060151
-1058855
-1056833
-1055644
-1055922
-1056821
-1057672
-1059110
-1061407
-1063978
-1066964
-1070231
-1073365
-1076452
-1079195
-1081470
-1083588
-1085161
-1085181
-1083634
-1081175
-1077595
-1073208
-1068388
-1063684
-1059271
-1055360
-1052577
-1050684
-1049677
-1049759
-1051012
-1053159
-1055922
-1059126
-1062434
-1065508
-1068338
-1070825
-1072415
-1072954
-1072662
-1072004
-1071321
-1070393
-1069413
-1068275
-1067264
-1068050
-1069685
-1071111
-1072410
-1073184
-1073430
-1072914
-1071527
-1069327
-1066267
-1062407
-1057843
-1053198
-1049117
-1046434
-1045334
-1045603
-1047022
-1049944
-1054453
-1059747
-1065693
-1072126
-1078407
-1083726
-1087760
-1090367
-1091155
-1090223
-1088006
-1084620
-1080356
-1075377
-1070093
-1065126
-1060616
-1056962
-1054426
-1053384
-1053569
-1054768
-1056756
-1059165
-1062067
-1065027
-1067609
-1069582
-1070912
-1071688
-1072191
-1072339
-1071992
-1071567
-1071089
-1070288
-1069392
-1068608
-1067633
-1066623
-1066488
-1066227
-1065513
-1064822
-1066302
-1069708
-1072325
-1073509
-1073201
-1070368
-1062949
-1053672
-1046014
-1041128
-1037759
 -991123
 -817695
 -629851
 -514520
 -477692
 -515043
 -617565
 -772775
 -966759
-1184360
-1410067
-1627948
-1821631
-1976838
-2082470
-2130280
-2115175
-2036910
-1899389
-1710869
-1484043
-1234551
 -979675
 -736870
 -522193
 -349655
 -229358
 -167372
 -165051
 -219240
 -322287
 -463013
 -627635
 -801510
 -970406
-1121627
-1244627
-1332583
-1382107
-1393553
-1370397
-1318881
-1247096
-1164122
-1078938
 -999871
 -933773
 -885416
 -857458
 -850040
 -862083
 -890625
 -931246
 -979959
-1033208
-1087744
-1140327
-1188840
-1232242
-1269545
-1300024
-1323024
-1337856
-1343883
-1340506
-1327366
-1304702
-1272550
-1231391
-1182768
-1128939
-1072963
-1018555
 -969621
 -929471
 -900450
 -884501
 -882767
 -895088
 -919730
 -953868
 -994215
-1036916
-1077178
-1110949
-1135183
-1147802
-1148209
-1136997
-1115982
-1088259
-1057228
-1026524
 -999727
 -979613
 -967935
 -965559
 -972214
 -986619
-1006891
-1030904
-1056206
-1080512
-1101680
-1118453
-1129869
-1135733
-1136543
-1133439
-1127583
-1120096
-1112544
-1106063
-1100991
-1097244
-1094343
-1091789
-1088538
-1083594
-1076865
-1068265
-1057678
-1045806
-1033940
-1023321
-1014687
-1009239
-1007485
-1009591
-1015573
-1024508
-1035631
-1047988
-1059873
-1069863
-1076705
-1079828
-1079914
-1077001
-1071012
-1063044
-1054362
-1046425
-1040617
-1037638
-1038272
-1043952
-1055934
-1073417
-1092077
-1108779
-1122176
-1131017
-1135597
-1135764
-1131899
-1124946
-1115741
-1105416
-1095656
-1087411
-1081564
-1078789
-1079048
-1082012
-1086528
-1092238
-1099784
-1105534
-1109345
-1110379
-1108029
-1102219
-1093538
-1082782
-1070927
-1058799
-1047520
-1038153
-1031107
-1026256
-1023740
-1023513
-1024895
-1027009
-1028940
-1030908
-1032275
-1032858
-1032722
-1031841
-1030704
-1029871
-1029709
-1030610
-1032909
-1036542
-1041296
-1047254
-1053899
-1060515
-1066926
-1072670
-1077287
-1080604
-1082585
-1083297
-1082993
-1082099
-1081593
-1081726
-1082697
-1085310
-1089409
-1094573
-1100430
-1106455
-1112213
-1116823
-1119917
-1121009
-1119981
-1117093
-1112652
-1107135
-1101233
-1095361
-1089915
-1085222
-1081304
-1077770
-1073179
-1067856
-1063776
-1062211
-1062429
-1063624
-1065272
-1066592
-1067559
-1068154
-1068185
-1067946
-1067563
-1067064
-1066527
-1065799
-1065017
-1063806
-1060100
-1044822
-1013388
 -971382
 -927345
 -893245
 -879193
 -886770
 -913844
 -957510
-1013743
-1077936
-1145414
-1211430
-1271993
-1322778
-1359146
-1378364
-1378603
-1359465
-1322095
-1268928
-1203536
-1130575
-1055399
 -983380
 -918936
 -866692
 -830073
 -810683
 -809351
 -825287
 -855903
 -898014
 -947674
-1000541
-1052215
-1098724
-1136573
-1163777
-1179127
-1182868
-1176234
-1161228
-1140203
-1115714
-1090390
-1066678
-1046532
-1031632
-1022677
-1019671
-1021996
-1028780
-1039089
-1051612
-1065734
-1080609
-1095077
-1108090
-1119420
-1129268
-1137375
-1143656
-1147919
-1149613
-1148799
-1145299
-1138966
-1129446
-1116730
-1101244
-1084063
-1066310
-1048788
-1032640
-1019140
-1009245
-1003762
-1003037
-1006945
-1014849
-1025874
-1038705
-1052114
-1064973
-1076012
-1084349
-1089248
-1090245
-1087317
-1081410
-1073591
-1064825
-1056085
-1048708
-1043418
-1040815
-1041527
-1044994
-1050702
-1057925
-1065823
-1073870
-1081585
-1088115
-1093024
-1096557
-1098565
-1099372
-1099309
-1098591
-1097450
-1096172
-1095312
-1094707
-1094054
-1093423
-1092679
-1091413
-1089730
-1087529
-1084695
-1081193
-1077380
-1073446
-1069300
-1065758
-1063254
-1061875
-1061674
-1063589
-1069003
-1076295
-1083523
-1088905
-1091220
-1090492
-1086605
-1080243
-1072205
-1062826
-1053335
-1044648
-1037390
-1031941
-1028937
-1028843
-1031599
-1037328
-1045290
-1054624
-1065070
-1076010
-1086310
-1095343
-1102315
-1107015
-1109228
-1109007
-1106816
-1103202
-1098494
-1092752
-1086777
-1081045
-1075941
-1071670
-1068507
-1066411
-1065480
-1065474
-1065994
-1067067
-1068707
-1070267
-1071706
-1073008
-1074013
-1074782
-1075427
-1075880
-1076032
-1076016
-1075827
-1075097
-1074195
-1073492
-1072761
-1070946
-1067975
-1066145
-1063483
-1061393
-1059433
-1058422
-1058113
-1059822
-1062103
-1063361
-1064006
-1065481
-1069663
-1076561
-1083442
-1090187
-1094430
-1095233
-1094302
-1092155
-1088795
-1081259
-1066694
-1055258
-1050159
-1050673
-1055735
-1063344
-1068704
-1077707
-1092283
-1105955
-1117526
-1126215
-1131461
-1132548
-1129783
-1122888
-1112067
-1098485
-1083110
-1067050
-1050786
-1036336
-1025152
-1017116
-1012492
-1011398
-1014120
-1020200
-1029462
-1041086
-1054284
-1067432
-1079493
-1089929
-1098325
-1104824
-1107330
-1106941
-1104294
-1100023
-1094483
-1088132
-1081532
-1075481
-1070459
-1066875
-1064607
-1062196
-1062142
-1064519
-1067984
-1072248
-1076792
-1081396
-1086017
-1090396
-1094470
-1096655
-1092899
-1087906
-1086703
-1088590
-1090649
-1092244
-1093171
-1093412
-1092592
-1090805
-1088225
-1084861
-1081039
-1076887
-1073241
-1071690
-1076975
-1082031
-1080007
-1074426
-1067825
-1061036
-1054511
-1048947
-1044561
-1041478
-1039612
-1039449
-1041125
-1044404
-1049381
-1055777
-1063188
-1071515
-1080667
-1089758
-1098423
-1105372
-1108552
-1109305
-1109192
-1108928
-1107587
-1104378
-1099214
-1093408
-1086720
-1079751
-1073234
-1067766
-1063178
-1060479
-1059708
-1060250
-1060829
-1063605
-1066513
-1071342
-1076567
-1081241
-1083871
-1086305
-1088916
-1089798
-1090548
-1092518
-1095812
-1097818
-1097140
-1093766
-1086848
-1078051
-1069375
-1060979
-1053473
-1047989
-1044369
-1042852
-1043316
-1045795
-1050937
-1058148
-1066887
-1076944
-1087362
-1097147
-1106055
-1113824
-1120264
-1124340
-1124819
-1121737
-1115969
-1107842
-1097522
-1085773
-1072425
-1057340
-1042927
-1031534
-1024359
-1021901
-1023833
-1029735
-1039227
-1051327
-1065019
-1079114
-1092824
-1104999
-1114784
-1121523
-1124913
-1125154
-1122460
-1116923
-1108922
-1099128
-1088074
-1076840
-1066075
-1056433
-1048536
-1042814
-1039438
-1038720
-1040663
-1044676
-1050408
-1057473
-1065698
-1074843
-1081979
-1081622
-1071169
-1057570
-1048402
-1044847
-1046711
-1053425
-1063873
-1077217
-1092824
-1109621
-1126066
-1140871
-1152956
-1154770
-1122584
-1056834
 -986925
 -934424
 -907030
 -904645
 -925357
 -965880
-1021828
-1088819
-1161779
-1235638
-1304136
-1361535
-1403738
-1427439
-1430210
-1410823
-1369786
-1309308
-1233203
-1146556
-1055075
 -965300
 -883712
 -815891
 -766433
 -738299
 -732510
 -748535
 -783842
 -834621
 -895925
 -962182
-1027669
-1087202
-1136515
-1172963
-1195299
-1203213
-1197851
-1181778
-1157688
-1128733
-1098678
-1070864
-1047453
-1030318
-1020554
-1018135
-1022229
-1031609
-1044947
-1060905
-1078128
-1095050
-1111160
-1126388
-1140253
-1152000
-1161533
-1168722
-1173721
-1176124
-1175939
-1172786
-1166261
-1156329
-1143035
-1126462
-1107364
-1086366
-1064714
-1044140
-1026147
-1012197
-1003136
 -999813
-1002704
-1011518
-1025105
-1041696
-1059915
-1077808
-1093537
-1105767
-1113308
-1115497
-1112548
-1105373
-1095316
-1083324
-1070908
-1059730
-1050937
-1045257
-1042999
-1044345
-1048928
-1056447
-1065728
-1075390
-1084354
-1091706
-1097032
-1100027
-1100514
-1099200
-1096821
-1094075
-1091226
-1088648
-1086522
-1085119
-1084463
-1084557
-1084819
-1084942
-1084504
-1083033
-1080456
-1076825
-1072388
-1067818
-1063549
-1059906
-1057321
-1057060
-1062426
-1072675
-1082348
-1089374
-1093960
-1095971
-1095413
-1092344
-1086722
-1079028
-1070315
-1061358
-1053092
-1046387
-1042039
-1040976
-1043698
-1050080
-1059640
-1071741
-1085516
-1099777
-1113274
-1125023
-1134215
-1140111
-1142500
-1141357
-1137038
-1129986
-1120913
-1110589
-1098902
-1087843
-1078574
-1072664
-1070385
-1072460
-1079781
-1090105
-1099882
-1106554
-1107537
-1102245
-1093248
-1082419
-1070772
-1059545
-1049670
-1041707
-1035975
-1032860
-1032903
-1036010
-1041607
-1048929
-1057338
-1066398
-1075237
-1082848
-1088581
-1091615
-1091953
-1089776
-1086007
-1081477
-1076520
-1071549
-1067360
-1064707
-1063331
-1063090
-1064776
-1068120
-1072492
-1077269
-1082130
-1086571
-1090345
-1093400
-1095515
-1096616
-1097329
-1097928
-1097863
-1097840
-1098170
-1098511
-1099010
-1099744
-1100270
-1100718
-1101233
-1101395
-1100867
-1099689
-1098378
-1097825
-1097979
-1098273
-1098289
-1097360
-1095327
-1091906
-1086121
-1075508
-1062943
-1052137
-1044157
-1039303
-1037079
-1037484
-1040471
-1045948
-1053552
-1062961
-1073420
-1084482
-1095468
-1105571
-1114055
-1120219
-1123563
-1123954
-1121383
-1115850
-1108022
-1098556
-1088150
-1077253
-1066186
-1055953
-1048026
-1043062
-1041254
-1042601
-1046619
-1052794
-1060570
-1068787
-1077016
-1084943
-1091946
-1097236
-1100672
-1102519
-1102647
-1100995
-1097695
-1094082
-1090931
-1088235
-1085975
-1084103
-1082749
-1081828
-1081233
-1080644
-1079962
-1079036
-1078050
-1077386
-1077411
-1078326
-1079891
-1082097
-1084778
-1087386
-1090063
-1093064
-1096203
-1098972
-1101303
-1103046
-1103948
-1103775
-1102110
-1099352
-1096114
-1093289
-1090684
-1087538
-1085786
-1085479
-1084902
-1083915
-1083706
-1081297
-1077640
-1073471
-1068755
-1064100
-1060072
-1057404
-1056906
-1056788
-1056455
-1057054
-1059075
-1063279
-1070990
-1082845
-1096421
-1108668
-1118444
-1125104
-1128121
-1127036
-1122178
-1113935
-1103201
-1090854
-1077673
-1064814
-1053149
-1043768
-1037433
-1034931
-1036031
-1040241
-1046701
-1054200
-1063577
-1075853
-1089299
-1103697
-1117190
-1127622
-1134001
-1136507
-1135263
-1130252
-1121865
-1109854
-1094641
-1078149
-1063568
-1052434
-1045821
-1044079
-1046833
-1053126
-1062238
-1073433
-1085639
-1097717
-1108988
-1118863
-1126758
-1131888
-1133772
-1132656
-1128733
-1122225
-1113487
-1103061
-1092064
-1081174
-1070908
-1062341
-1055955
-1051544
-1049190
-1048854
-1050197
-1053078
-1057095
-1061769
-1066812
-1072373
-1078145
-1083665
-1088758
-1093528
-1097074
-1098824
-1098689
-1096765
-1093718
-1089723
-1084812
-1079377
-1074069
-1068745
-1063210
-1058780
-1057097
-1058420
-1062495
-1068597
-1076151
-1084527
-1092892
-1100320
-1106142
-1109820
-1110037
-1106828
-1101938
-1096863
-1092091
-1088465
-1086102
-1084867
-1084903
-1085946
-1087908
-1090593
-1093815
-1097545
-1101593
-1105302
-1108401
-1110476
-1111193
-1110238
-1107247
-1102064
-1095437
-1087999
-1080522
-1073783
-1068395
-1064573
-1062607
-1062493
-1063730
-1066293
-1070061
-1074594
-1079474
-1084108
-1087931
-1090839
-1092605
-1093256
-1092816
-1091466
-1089323
-1086918
-1085058
-1083295
-1081638
-1080314
-1079414
-1079120
-1079718
-1081592
-1083146
-1083646
-1083499
-1082852
-1081865
-1080721
-1080014
-1080171
-1081235
-1082261
-1083325
-1084822
-1086534
-1087274
-1084378
-1077462
-1071168
-1068033
-1067802
-1070679
-1076108
-1083713
-1092693
-1102048
-1111595
-1122619
-1134131
-1144245
-1150972
-1153197
-1151033
-1143792
-1132021
-1116544
-1098636
-1079453
-1060613
-1043352
-1028929
-1018499
-1012716
-1011485
-1014707
-1022721
-1035274
-1050924
-1068023
-1085288
-1101507
-1115713
-1126959
-1134429
-1137458
-1136089
-1130946
-1122884
-1112771
-1101930
-1091163
-1081192
-1072834
-1066762
-1063150
-1062097
-1063474
-1066922
-1071874
-1077604
-1083666
-1089529
-1094329
-1097739
-1100122
-1101421
-1101613
-1100938
-1099527
-1097807
-1095852
-1093686
-1091379
-1088836
-1086296
-1083745
-1081296
-1079408
-1077905
-1076675
-1075592
-1075171
-1075419
-1075830
-1076788
-1078597
-1081077
-1084243
-1087890
-1091767
-1095295
-1097992
-1100013
-1101276
-1101663
-1101212
-1099731
-1097507
-1095179
-1093020
-1091141
-1089548
-1088626
-1088694
-1089513
-1091003
-1092695
-1094415
-1095559
-1095973
-1095673
-1094823
-1093451
-1091718
-1089485
-1087116
-1085036
-1083704
-1081600
-1077190
-1072493
-1070556
-1071172
-1072942
-1075871
-1079859
-1084522
-1089207
-1093902
-1098310
-1101545
-1103551
-1104535
-1104729
-1104470
-1103186
-1100695
-1097299
-1093044
-1088331
-1083636
-1079220
-1075010
-1070432
-1063674
-1052632
-1035313
-1017702
-1007562
-1006703
-1014875
-1031390
-1054328
-1081491
-1110533
-1138334
-1159215
-1168701
-1170674
-1171108
-1170620
-1168685
-1164850
-1159121
-1151603
-1141649
-1130108
-1118882
-1108435
-1098653
-1089854
-1082466
-1076594
-1072120
-1068948
-1067048
-1065714
-1064184
-1062621
-1060914
-1058699
-1056175
-1053776
-1051855
-1050808
-1050937
-1052050
-1054253
-1057736
-1062033
-1066962
-1073334
-1080154
-1084633
-1087226
-1088662
-1089232
-1089096
-1085467
-1027550
 -860681
 -688865
 -582937
 -548930
 -582996
 -677589
 -821349
-1000858
-1202609
-1410915
-1610390
-1788292
-1931669
-2029372
-2073673
-2060324
-1988846
-1863393
-1691581
-1484491
-1256470
-1023392
 -801004
 -603949
 -444949
 -333513
 -275280
 -271518
 -318537
 -409064
 -533421
 -679834
 -835410
 -986920
-1122982
-1234449
-1314627
-1360497
-1372311
-1353327
-1309184
-1247068
-1174708
-1099909
-1030327
 -971787
 -928439
 -902420
 -894322
 -902965
 -926010
 -960475
-1002779
-1049615
-1098228
-1146390
-1192391
-1234322
-1270529
-1300551
-1324300
-1341008
-1350119
-1349949
-1339374
-1318458
-1287850
-1248213
-1200987
-1148896
-1094812
-1042350
 -995082
 -956328
 -928621
 -913340
 -911530
 -923154
 -946453
 -978586
-1016323
-1055935
-1093857
-1126070
-1149761
-1163019
-1165023
-1156606
-1139521
-1115710
-1088025
-1060051
-1035004
-1015298
-1002708
 -998325
-1002325
-1013918
-1031279
-1052518
-1075276
-1097375
-1117283
-1133739
-1145593
-1152626
-1155430
-1154992
-1152419
-1148455
-1143998
-1139368
-1135148
-1131506
-1128082
-1123673
-1117740
-1110207
-1101022
-1090047
-1077790
-1064973
-1052264
-1041135
-1032638
-1027659
-1026702
-1029793
-1036785
-1046803
-1058666
-1070947
-1082195
-1091211
-1097407
-1100076
-1098989
-1094120
-1086473
-1078381
-1071879
-1066239
-1061221
-1059449
-1061562
-1067792
-1077342
-1088824
-1101246
-1113630
-1125025
-1134754
-1142160
-1146998
-1150186
-1152510
-1151841
-1143500
-1131683
-1125485
-1122725
-1121356
-1120914
-1121104
-1121868
-1122768
-1123616
-1123974
-1122616
-1118969
-1114054
-1108904
-1103871
-1098293
-1092398
-1086848
-1081526
-1075999
-1071549
-1068110
-1058293
-1040624
-1022568
-1011025
-1008090
-1011114
-1018578
-1031470
-1050767
-1071251
-1092325
-1111209
-1125816
-1135009
-1138602
-1137684
-1133058
-1123718
-1109356
-1091538
-1072531
-1053227
-1033367
-1016437
-1004363
 -998290
 -998776
-1006752
-1021819
-1043194
-1069833
-1099746
-1130052
-1156252
-1177568
-1195375
-1206931
-1212644
-1212607
-1206937
-1195395
-1176509
-1150613
-1122161
-1094560
-1071604
-1054820
-1044688
-1041304
-1043766
-1051405
-1063066
-1076956
-1091889
-1110216
-1131843
-1146790
-1155261
-1159346
-1155605
-1143662
-1127306
-1107770
-1087865
-1070534
-1055635
-1043403
-1032828
-1024035
-1016358
-1010367
-1011803
-1021563
-1033587
-1046807
-1061143
-1075535
-1088662
-1098055
-1107116
-1114927
-1119119
-1118948
-1117609
-1114407
-1108104
-1102411
-1102699
-1104404
-1108280
-1111397
-1112590
-1111623
-1108733
-1104193
-1098631
-1090706
-1080230
-1067595
-1055694
-1046772
-1042188
-1044256
-1051559
-1062043
-1074923
-1089366
-1104770
-1120297
-1134939
-1147627
-1157587
-1163802
-1165908
-1163721
-1157485
-1147167
-1133827
-1118096
-1100053
-1084626
-1071747
-1058425
-1050369
-1047761
-1049360
-1055145
-1064209
-1075012
-1085766
-1099317
-1113461
-1122014
-1124067
-1123817
-1121595
-1115440
-1104205
-1091133
-1077516
-1068076
-1065003
-1066441
-1073535
-1079766
-1083612
-1093182
-1105095
-1114477
-1118281
-1117931
-1117232
-1114791
-1107666
-1099841
-1093037
-1084967
-1072868
-1058994
-1047126
-1040506
-1038269
-1043153
-1055476
