  528281
  515272
  506744
  505644
  513545
  530135
  553710
  582263
  612744
  643400
  669897
  688339
  697315
  696053
  688158
  675980
  662362
  650833
  644039
  642325
  642544
  632009
  613980
  606841
  607487
  610694
  610968
  597278
  575788
  552752
  526716
  496807
  460521
  423667
  394918
  375012
  364015
  361537
  368358
  385466
  413936
  447663
  476927
  501083
  519034
  528607
  529484
  522282
  507923
  492174
  475365
  451545
  424791
  413789
  423530
  444767
  472023
  500223
  527257
  556735
  583837
  603385
  612900
  612613
  605844
  593791
  576835
  556558
  540221
  533510
  534028
  538979
  546453
  555159
  564573
  573567
  581396
  586051
  585828
  582172
  578701
  578636
  575681
  565319
  550325
  536544
  527006
  518125
  509109
  501784
  495025
  489566
  485909
  484583
  486458
  489787
  492091
  491994
  489270
  484202
  479333
  474850
  470722
  467023
  464239
  464557
  470226
  485731
  508800
  532675
  553208
  567788
  575237
  577009
  599415
  713057
  918778
  850455
  671959
  612838
  609340
  620681
  641188
  667536
  718941
  830603
  931169
  971846
 1028440
 1152474
 1174383
 1076261
  931634
  769846
  609897
  465874
  351374
  288611
  299923
  379535
  480658
  566556
  628795
  660378
  658962
  624271
  559786
  475456
  381232
  286149
  200715
  134768
   93977
   79994
   90222
  119851
  162426
  212877
  266507
  323523
  370714
  396715
  406062
  401718
  387179
  366042
  344495
  318275
  280667
  260820
  282283
  340960
  424075
  517813
  609743
  691918
  756460
  798115
  813442
  802663
  770714
  722430
  667553
  616243
  575647
  552830
  551108
  550061
  561928
  598309
  641576
  684050
  718200
  737891
  739029
  720484
  683813
  632874
  573660
  513398
  458824
  415931
  388871
  379158
  386304
  407816
  438942
  473864
  506470
  531534
  545146
  544684
  530458
  503920
  469023
  431019
  395936
  369285
  354850
  355205
  370781
  400064
  439438
  484218
  529754
  571419
  603605
  623556
  629856
  622270
  602045
  572410
  538996
  507251
  481517
  465581
  461504
  468915
  486411
  511073
  539255
  567143
  590167
  601628
  597905
  585207
  566054
  541884
  507991
  464327
  428881
  413879
  415597
  427564
  447282
  472378
  499666
  526913
  550856
  569706
  580930
  580875
  571288
  554674
  533830
  512092
  492745
  478627
  471396
  473580
  484663
  502643
  525313
  550963
  576388
  596373
  607169
  614559
  616933
  611662
  600198
  584254
  565962
  547477
  532253
  521456
  515929
  516116
  521240
  529758
  539688
  549151
  557510
  563945
  565017
  559181
  547000
  530073
  510643
  490835
  473112
  459440
  451170
  448686
  451725
  459385
  469906
  481502
  491955
  499825
  503935
  503503
  498652
  490319
  479732
  468284
  458081
  450817
  447588
  449248
  456033
  467273
  481845
  498241
  514747
  529815
  541911
  550248
  554341
  554215
  550648
  544797
  539079
  537860
  542597
  549969
  558839
  568905
  578810
  587883
  595244
  600378
  602546
  601621
  597621
  591007
  582463
  572629
  562230
  551945
  544813
  551949
  541850
  496614
  456958
  430045
  416005
  412999
  419193
  432082
  448383
  465104
  480358
  492167
  505009
  559333
  656571
  734273
  779204
  793523
  781454
  750162
  706783
  658494
  611257
  570583
  540577
  523589
  518840
  523625
  534216
  547148
  558880
  566556
  567802
  561645
  548374
  529214
  506140
  482101
  459357
  440132
  426097
  418185
  415881
  417943
  421973
  424722
  424435
  420190
  411441
  398147
  381734
  364765
  350614
  342608
  341808
  349487
  367708
  395760
  431940
  473391
  516661
  558774
  596050
  626288
  647215
  658353
  659732
  652706
  638643
  620509
  602582
  586704
  573154
  561696
  555439
  557623
  567734
  584099
  603390
  620692
  632743
  638688
  638043
  629571
  613094
  590998
  565867
  541067
  518799
  500304
  486799
  478915
  476338
  478455
  483646
  489735
  494430
  496085
  493703
  487655
  477977
  465961
  454158
  444444
  438431
  436846
  439946
  447783
  459811
  474885
  491442
  508278
  523554
  535456
  543194
  546585
  546015
  542235
  535935
  528344
  521194
  515961
  513887
  515690
  520873
  529197
  540488
  553799
  567324
  579250
  587665
  591132
  589535
  583507
  573990
  561743
  548028
  534533
  522618
  513267
  507383
  505283
  506678
  510466
  515645
  521102
  525757
  528535
  529049
  526798
  521892
  514673
  505948
  496975
  489746
  484599
  481995
  482768
  487047
  493376
  499679
  508175
  518045
  526756
  532915
  536088
  535570
  530816
  520358
  498843
  462463
  428605
  413846
  415219
  426638
  447552
  476676
  509268
  542325
  578591
  619677
  657014
  680538
  686427
  674595
  649475
  614963
  579346
  549147
  528731
  520020
  520103
  525354
  535537
  547392
  558082
  567826
  574525
  575421
  569989
  559044
  544218
  527549
  511262
  496381
  484191
  476615
  474404
  478021
  489900
  507087
  523309
  535816
  541451
  538564
  524176
  502444
  476624
  452569
  434947
  429547
  434725
  443902
  458655
  476593
  495717
  515291
  534864
  552839
  567142
  575911
  578883
  576500
  569359
  558660
  546032
  533108
  522389
  515343
  511222
  510367
  513430
  520670
  542760
  612165
  698263
  760490
  795697
  805180
  771213
  620977
  448420
  390246
  414482
  455485
  500584
  546277
  588507
  623263
  647595
  658852
  654996
  635490
  604122
  566300
  526465
  489509
  458370
  435593
  422086
  418203
  422992
  434196
  450599
  469388
  484857
  495346
  500299
  499129
  490780
  475804
  460040
  447113
  439180
  438847
  443328
  450379
  460009
  475752
  496921
  517447
  535714
  550313
  561574
  570648
  575338
  573879
  567319
  556698
  544264
  533369
  525230
  520962
  521101
  527281
  538935
  552883
  567026
  579466
  588089
  592020
  590772
  584086
  572333
  556481
  538217
  519735
  502979
  489548
  478245
  467424
  461288
  463162
  472721
  487300
  502944
  517014
  528401
  534773
  534046
  523619
  506700
  491721
  481916
  477324
  477384
  481946
  489786
  502632
  520706
  539857
  559688
  576710
  588215
  593839
  594022
  589332
  581693
  570531
  557739
  546111
  537055
  531588
  531057
  534888
  541052
  549196
  557458
  564199
  567927
  567806
  563635
  555960
  545534
  533297
  520334
  507409
  495289
  485549
  479188
  476544
  477444
  481162
  486832
  493279
  499308
  503763
  506033
  505960
  503145
  498145
  492858
  488283
  485195
  484194
  485555
  489931
  497686
  508612
  522400
  536422
  548166
  558394
  565163
  566526
  562568
  554517
  543951
  535527
  530406
  527619
  527540
  530108
  535214
  542470
  550038
  557909
  564718
  568897
  571063
  570449
  566884
  560618
  552285
  543079
  534045
  525724
  519829
  517421
  517073
  518553
  521229
  521811
  517016
  510999
  512874
  518028
  520712
  519872
  515838
  507616
  500321
  497565
  497601
  499197
  504217
  511139
  516504
  519204
  520459
  520809
  522933
  525454
  526803
  527394
  527802
  527303
  525591
  523170
  521634
  523632
  527130
  530613
  533237
  535115
  536640
  538496
  540452
  542487
  544276
  543945
  539167
  533638
  528111
  523742
  521664
  521521
  523899
  551686
  594275
  627404
  647992
  656419
  652952
  640585
  620285
  593692
  567277
  546217
  530983
  521951
  518830
  520858
  526236
  532491
  537860
  542450
  544786
  543995
  539556
  531638
  521310
  509730
  496833
  480025
  465495
  456410
  452979
  455162
  461461
  470787
  480679
  489171
  494302
  494332
  490843
  485645
  480623
  476579
  473943
  474069
  478012
  484473
  491878
  503035
  517174
  532490
  547361
  560516
  570930
  577849
  581163
  581377
  578387
  572107
  563094
  552708
  543583
  536953
  533776
  534002
  536695
  541791
  549048
  556941
  563532
  568551
  570497
  568602
  562752
  553496
  542275
  531355
  520512
  512244
  506892
  504203
  502922
  495419
  467661
  437560
  417804
  410719
  421533
  440351
  460327
  479098
  494939
  506686
  513832
  517488
  518126
  517111
  516058
  516333
  518433
  522425
  528908
  537544
  546561
  555605
  564477
  572404
  577958
  580634
  580587
  578048
  573676
  568579
  563652
  559796
  558009
  558604
  561037
  564917
  569554
  574101
  577551
  578892
  577319
  572271
  563853
  552410
  538591
  523489
  508491
  494742
  483684
  475688
  471223
  470567
  473438
  479171
  486579
  494493
  502256
  508628
  513280
  515735
  516047
  514686
  512065
  509204
  507002
  506134
  506987
  509894
  514727
  521181
  528832
  536983
  544869
  551600
  556611
  559733
  561025
  560621
  558807
  556198
  553335
  550392
  547980
  547397
  549356
  552564
  555336
  557112
  557736
  557543
  556066
  553254
  548861
  543591
  540654
  537915
  534162
  531593
  528695
  525354
  526532
  530557
  532086
  531882
  531766
  529761
  525927
  522248
  516345
  514616
  527460
  589061
  692452
  775381
  837579
  818680
  749280
  669637
  573723
  405692
  176515
 -105633
 -270969
 -265939
 -141918
  111891
  395774
  634621
  811245
  926362
  978253
  978894
  932286
  840097
  722800
  601086
  494128
  416590
  376544
  375702
  412760
  478075
  554711
  631312
  697433
  743035
  760675
  748516
  707803
  643764
  570983
  503093
  450726
  421396
  419040
  443729
  490508
  550345
  612328
  665342
  700331
  710889
  692511
  644783
  571925
  481456
  383710
  291404
  216808
  168295
  151263
  169360
  220807
  299088
  394583
  496624
  592580
  671718
  726821
  753489
  750015
  718476
  665043
  598373
  528816
  466630
  420527
  396219
  395767
  418654
  460194
  514323
  574145
  630925
  676622
  706229
  715991
  705424
  676781
  634925
  585969
  537111
  495389
  466407
  453388
  456906
  475259
  504809
  540216
  575861
  605128
  622515
  625423
  612547
  585128
  546482
  501747
  457161
  418438
  390344
  376968
  379908
  398522
  430291
  471138
  515894
  558616
  593810
  617589
  627342
  622583
  604214
  575584
  541002
  505323
  474155
  452035
  441869
  445230
  460975
  487031
  519913
  555288
  588555
  615224
  632272
  638018
  631144
  612903
  586505
  556535
  527543
  502842
  485094
  476409
  477335
  487595
  504872
  526121
  548044
  567439
  579527
  580344
  570271
  553566
  533320
  511802
  489099
  462385
  440557
  431316
  434365
  447109
  467250
  492685
  520358
  546043
  566239
  578895
  583334
  580499
  571447
  557565
  541065
  524460
  510270
  500756
  497988
  502858
  513426
  528588
  547290
  567292
  585105
  598260
  604994
  604677
  598129
  586617
  571383
  553167
  534659
  519504
  509664
  506057
  508835
  516245
  526788
  539881
  554580
  567904
  576369
  576769
  568593
  555877
  538268
  518074
  498935
  483079
  472148
  467502
  469831
  477764
  488141
  501593
  506066
  477260
  406951
  344731
  316544
  313046
  325399
  347183
  374002
  403281
  433063
  461211
  485123
  504158
  517371
  525312
  529154
  531521
  534704
  538461
  543266
  549175
  556934
  567559
  580254
  593249
  606137
  621093
  636859
  647333
  654258
  658224
  662656
  664882
  657657
  644028
  629799
  619273
  614605
  612077
  607273
  600077
  595514
  591052
  583903
  574048
  561023
  545254
  527773
  509741
  492558
  478092
  467329
  460931
  459775
  461976
  464686
  463844
  463320
  465413
  469613
  474309
  478327
  481074
  482811
  482330
  479381
  477066
  476932
  479877
  486032
  494982
  506455
  519185
  532800
  547241
  560945
  572068
  579215
  581953
  579056
  572996
  566645
  560538
  555331
  551245
  548762
  548215
  549580
  550859
  543371
  541344
  586116
  640347
  679208
  700309
  704682
  695359
  676419
  649247
  614436
  577645
  547093
  524959
  507869
  496564
  491918
  492907
  498428
  506866
  515743
  523796
  530125
  533969
  534626
  529903
  520451
  509373
  498724
  489776
  482043
  472926
  461913
  458505
  470495
  488570
  506140
  522078
  534572
  542460
  544579
  540930
  532255
  520652
  509520
  500912
  496228
  498429
  509727
  528367
  548772
  567474
  582398
  594776
  605856
  610944
  607381
  595673
  573930
  540748
  485571
  394742
  208750
   -8305
 -150759
 -213484
 -207336
 -141719
  -28090
  111788
  254452
  380741
  480953
  549063
  581647
  584017
  567622
  551106
  541400
  524124
  467318
  417528
  402916
  421096
  467968
  536714
  617319
  700196
  776621
  838428
  881317
  903177
  903326
  885909
  859678
  832258
  810286
  798265
  798108
  810028
  830437
  854159
  875205
  886833
  883743
  861102
  816115
  747170
  661354
  568563
  477454
  394440
  325411
  276342
  251936
  252038
  273421
  312542
  363386
  418195
  469166
  508642
  531222
  533144
  515802
  482486
  437452
  387049
  338633
  298805
  273335
  266301
  280227
  314087
  362348
  418734
  478986
  534049
  579952
  613047
  629981
  633756
  626262
  610696
  590878
  570243
  553458
  545567
  548295
  559999
  579335
  603980
  629890
  652647
  668711
  674775
  668565
  651513
  625976
  594808
  562413
  534331
  517616
  517882
  534829
  556848
  577589
  595191
  606234
  612919
  616645
  615032
  605975
  587506
  561304
  531726
  504525
  483887
  470588
  460346
  451099
  447355
  452849
  467758
  487076
  506193
  527768
  548697
  563735
  572321
  573154
  565359
  551201
  535472
  521413
  509006
  500310
  496365
  497089
  502268
  511557
  523150
  535365
  546593
  555410
  560864
  562354
  558289
  550395
  541850
  533002
  524423
  517495
  515000
  513087
  508192
  506528
  507239
  503259
  500643
  502848
  507968
  513311
  516995
  518485
  517728
  514646
  509811
  504907
  501352
  501229
  505565
  513777
  535052
  621904
  761251
  880312
  957047
  990679
  985144
  948828
  890608
  819408
  744674
  675307
  618141
  587066
  595718
  619126
  632775
  625160
  616191
  607406
  595912
  579766
  558206
  530495
  498856
  467234
  435984
  406397
  381918
  364592
  353256
  342838
  263147
  134391
   38112
  -17939
  -38634
  -30623
   -1063
   44030
   99996
  180972
  289346
  397486
  495943
  586429
  650354
  685729
  700175
  702025
  697107
  690775
  687670
  690908
  701029
  717274
  737585
  759002
  777281
  788278
  792493
  790700
  782425
  767982
  749568
  729659
  710384
  694406
  683377
  677792
  677036
  678143
  678246
  673515
  660773
  638425
  604900
  560903
  508966
  453592
  398824
  348232
  306140
  276708
  262752
  264978
  282704
  313374
  354143
  400868
  449046
  493726
  530598
  556872
  571431
  573712
  563890
  548091
  531179
  516334
  506491
  502684
  504686
  511492
  526498
  550364
  576345
  599528
  617224
  627236
  628508
  620599
  607122
  591792
  575249
  558972
  544605
  536693
  539542
  550976
  562292
  567955
  564772
  553181
  538305
  518744
  496903
  471281
  441433
  420086
  417873
  430180
  445526
  460570
  478169
  494384
  505054
  513304
  520792
  528247
  541172
  570923
  602991
  624644
  636378
  640368
  637938
  631438
  622721
  611816
  598764
  585626
  576506
  572995
  574206
  579521
  588008
  598198
  608116
  615224
  618891
  618688
  614699
  607555
  598173
  584398
  565177
  545702
  530473
  518828
  509563
  502055
  495846
  490945
  484594
  480263
  474977
  465130
  452481
  439137
  428502
  423157
  423053
  427044
  434711
  445103
  458166
  478074
  500772
  516215
  517931
  511559
  520852
  542998
  560012
  586873
  662169
  736011
  782916
  804326
  803475
  803854
  830819
  851387
  830787
  737314
  626926
  538068
  476225
  446040
  450665
  476984
  513080
  551349
  585085
  609879
  623215
  625197
  613856
  588244
  551322
  508194
  447979
  385518
  382553
  399080
  345803
  249353
  182610
  149818
  145521
  163867
  197761
  240216
  285544
  328243
  364861
  394453
  416656
  434117
  461515
  535933
  634736
  716069
  780040
  827142
  857119
  870729
  869465
  852898
  825096
  790556
  752972
  715464
  682280
  656507
  638200
  627667
  625510
  629988
  639819
  653279
  666399
  673737
  672110
  663654
  648664
  624902
  591998
  554305
  514570
  471314
  424373
  378940
  340292
  311691
  292139
  281920
  283004
  292645
  309464
  330622
  353911
  378961
  405444
  431623
  456651
  480145
  506661
  543834
  618972
  746421
  854535
  926281
  963274
  969559
  949067
  908410
  854539
  794200
  732464
  672292
  633655
  662349
  732319
  766081
  729738
  696356
  711180
  769504
  806602
  815206
  797557
  757419
  700310
  632673
  560932
  490972
  427833
  375210
  334180
  305076
  286231
  275078
  269136
  265534
  261793
  256550
  244869
  221578
  194950
  175912
  171672
  149626
   19166
 -133067
 -169210
 -184812
 -232271
 -125489
  108326
  340123
  541588
  700288
  808726
  864142
  869980
  837378
  779865
  713715
  654674
  613596
  609618
  645825
  699831
  765154
  837905
  908628
  973642
 1027246
 1059167
 1067743
 1042516
  981187
  902956
  817999
  737664
  670528
  621571
  593154
  584700
  592237
  609100
  627621
  639619
  638480
  619543
  581089
  523954
  450343
  366115
  280421
  202001
  139959
  101549
   91002
  109228
  153171
  216900
  293357
  373605
  449237
  512648
  558091
  583065
  587176
  572699
  544529
  509435
  475409
  449506
  437183
  441459
  463222
  500683
  549929
  605529
  660691
  709065
  745613
  766533
  770047
  756230
  727917
  689663
  646863
  605131
  569474
  544278
  531591
  531234
  541210
  558487
  578591
  597352
  610478
  614381
  606811
  587400
  557754
  521002
  481264
  443350
  411877
  390822
  382649
  388231
  406353
  434882
  470084
  507728
  543502
  573171
  594042
  604071
  602966
  592558
  575597
  555459
  535695
  520168
  512141
  513108
  523281
  541875
  566597
  594786
  622929
  647362
  665074
  673905
  672774
  661869
  642795
  617621
  589659
  562229
  538084
  519723
  508548
  504926
  507996
  515877
  526187
  536437
  543863
  546455
  542886
  532807
  516594
  496047
  473405
  451228
  432324
  418750
  412309
  413504
  422017
  436772
  455819
  476974
  498023
  516598
  531037
  540158
  543796
  542499
  537631
  530876
  524458
  520149
  519578
  524097
  533859
  548394
  566711
  586739
  607180
  625743
  640714
  650663
  654765
  653202
  646483
  635807
  623042
  609967
  598023
  588661
  582729
  580622
  581971
  585685
  590438
  594880
  597634
  597444
  593375
  585097
  573084
  558100
  541184
  524046
  508275
  495091
  485614
  480227
  478879
  480982
  485667
  491916
  498293
  503553
  506791
  507455
  505370
  500927
  494694
  487758
