-1034191
-1025872
-1014129
 -998872
 -981034
 -961975
 -942224
 -922189
 -902536
 -883773
 -866693
 -850989
 -836175
 -821872
 -807693
 -793056
 -777399
 -760770
 -743534
 -725955
 -708340
 -690660
 -673275
 -657058
 -642815
 -630956
 -621805
 -615544
 -611886
 -610597
 -611370
 -613717
 -616873
 -620271
 -624151
 -628480
 -633401
 -639136
 -645877
 -654032
 -664092
 -675974
 -689588
 -704931
 -722239
 -740942
 -760428
 -780268
 -800043
 -819061
 -836694
 -852705
 -867232
 -880300
 -891998
 -902670
 -912767
 -922582
 -932263
 -941910
 -951790
 -961630
 -970926
 -979063
 -985910
 -991233
 -994537
 -995494
 -994342
 -991100
 -985849
 -978846
 -970128
 -960489
 -950032
 -938796
 -927112
 -915241
 -903557
 -891556
 -879041
 -866161
 -853470
 -840379
 -826768
 -812630
 -798156
 -783616
 -769327
 -755439
 -742220
 -729859
 -718638
 -708722
 -699955
 -692629
 -686540
 -681409
 -676974
 -672937
 -669257
 -666009
 -663537
 -661933
 -661313
 -662033
 -664077
 -667665
 -672958
 -679668
 -687884
 -697700
 -708822
 -720940
 -733653
 -746664
 -759567
 -772134
 -784259
 -795940
 -807338
 -818397
 -829274
 -840464
 -851589
 -862481
 -873419
 -884505
 -895420
 -905874
 -915611
 -924239
 -931585
 -937409
 -941779
 -945021
 -947444
 -948830
 -948459
 -946615
 -943743
 -940271
 -936110
 -931370
 -926271
 -920612
 -914346
 -907502
 -900112
 -892247
 -883998
 -875009
 -865108
 -854546
 -843491
 -831888
 -820161
 -808712
 -797502
 -786495
 -775999
 -766194
 -756933
 -748267
 -740405
 -733209
 -726355
 -719852
 -714090
 -709269
 -705297
 -702107
 -699770
 -698586
 -698704
 -699871
 -701808
 -704506
 -707671
 -711274
 -715473
 -720331
 -725854
 -731917
 -738525
 -745564
 -752992
 -760682
 -768798
 -777365
 -786630
 -796577
 -806895
 -817429
 -828188
 -838879
 -849297
 -858958
 -867404
 -876057
 -885195
 -893086
 -899026
 -903187
 -905993
 -907952
 -908892
 -908901
 -908240
 -907485
 -906540
 -905398
 -904132
 -902878
 -901460
 -899930
 -897974
 -895565
 -892757
 -889241
 -884975
 -879957
 -873800
 -866667
 -858697
 -850287
 -841484
 -832314
 -822702
 -812758
 -803016
 -793522
 -784472
 -776121
 -768423
 -761233
 -754681
 -748876
 -744151
 -740404
 -736938
 -733573
 -730615
 -728031
 -726103
 -724992
 -724797
 -725517
 -727174
 -729400
 -731837
 -734450
 -737698
 -741728
 -746130
 -750915
 -756271
 -762181
 -768451
 -774971
 -781854
 -789106
 -796807
 -804600
 -812692
 -820917
 -828847
 -836342
 -843640
 -850888
 -857985
 -864468
 -870108
 -875159
 -880112
 -884737
 -888649
 -891922
 -894627
 -896524
 -897694
 -898238
 -897805
 -896577
 -894715
 -892428
 -889616
 -886466
 -883076
 -879235
 -874816
 -870106
 -865016
 -859456
 -853558
 -847540
 -841068
 -834405
 -827809
 -820993
 -814298
 -808147
 -802094
 -795883
 -789720
 -783772
 -778144
 -772614
 -767345
 -762618
 -758703
 -755558
 -752959
 -750607
 -748706
 -747445
 -746791
 -746551
 -746963
 -748142
 -749820
 -751639
 -753839
 -756373
 -759020
 -762056
 -765629
 -769784
 -774396
 -779545
 -784848
 -790258
 -795941
 -802091
 -808327
 -814485
 -820648
 -826719
 -832543
 -838145
 -843530
 -848486
 -852807
 -856591
 -859730
 -862464
 -864840
 -866872
 -868616
 -869932
 -870968
 -871788
 -872347
 -872540
 -872494
 -872242
 -871828
 -871439
 -870747
 -869572
 -868041
 -866271
 -863727
 -860447
 -856628
 -852185
 -847405
 -842456
 -837035
 -831291
 -825234
 -819016
 -813099
 -807723
 -802720
 -797942
 -793537
 -789656
 -786302
 -783354
 -780529
 -777943
 -775587
 -773259
 -771154
 -769492
 -768472
 -768199
 -767916
 -767577
 -767287
 -766995
 -766918
 -767363
 -768205
 -769296
 -770574
 -772315
 -774747
 -777810
 -781295
 -785275
 -789788
 -794652
 -799877
 -805320
 -810738
 -815964
 -821049
 -825926
 -830667
 -835342
 -839891
 -844196
 -848167
 -851530
 -854255
 -856761
 -858902
 -860559
 -861830
 -862758
 -863553
 -864476
 -865142
 -865576
 -865645
 -865339
 -864523
 -863204
 -861529
 -859426
 -856998
 -854566
 -852076
 -849458
 -846612
 -843682
 -840384
 -836585
 -832382
 -827928
 -823250
 -818368
 -814090
 -810210
 -806340
 -802325
 -798392
 -794896
 -791723
 -788933
 -786536
 -784519
 -782978
 -781746
 -780731
 -780122
 -779918
 -780019
 -780235
 -780446
 -780674
 -781004
 -781117
 -781274
 -781636
 -782001
 -783046
 -784891
 -787231
 -790115
 -793204
 -796209
 -799546
 -803331
 -807480
 -811986
 -816554
 -820480
 -824073
 -827866
 -831863
 -836057
 -840365
 -844264
 -847490
 -850029
 -851960
 -853654
 -855206
 -856446
 -857249
 -857565
 -857639
 -857340
 -856618
 -855793
 -854726
 -853210
 -851441
 -849563
 -847856
 -846107
 -844455
 -842838
 -841057
 -839086
 -836989
 -834659
 -832209
 -830136
 -827963
 -825771
 -823367
 -820422
 -817463
 -814779
 -812076
 -809247
 -806469
 -803801
 -801412
 -799477
 -797620
 -795736
 -793956
 -792260
 -790528
 -788981
 -787909
 -787286
 -786824
 -786783
 -787429
 -788521
 -790026
 -791999
 -794260
 -796514
 -798935
 -801387
 -803855
 -806329
 -808828
 -811229
 -813198
 -815084
 -817181
 -819164
 -820877
 -822557
 -824485
 -826529
 -828620
 -830902
 -833329
 -835756
 -838149
 -840753
 -843202
 -845410
 -847306
 -849075
 -850644
 -851755
 -852383
 -852441
 -851890
 -850809
 -849324
 -847473
 -845466
 -843332
 -841199
 -839337
 -837674
 -836198
 -834837
 -833550
 -832233
 -830870
 -829520
 -828494
 -827504
 -826242
 -824491
 -822410
 -820145
 -817864
 -815569
 -813070
 -810453
 -808294
 -806355
 -804381
 -802698
 -801402
 -800254
 -799176
 -798187
 -797168
 -796412
 -796118
 -796305
 -796814
 -797710
 -799045
 -800892
 -803022
 -804879
 -806591
 -808260
 -809753
 -811081
 -812272
 -813229
 -814174
 -815229
 -816517
 -817656
 -818685
 -819910
 -821472
 -823150
 -825077
 -827252
 -829432
 -831500
 -833325
 -835188
 -837175
 -839158
 -840831
 -842089
 -842930
 -843630
 -844039
 -844113
 -844087
 -843998
 -843702
 -843067
 -842375
 -841653
 -840837
 -839694
 -838489
 -837428
 -836327
 -835343
 -834486
 -833628
 -832674
 -831579
 -830291
 -828680
 -826919
 -824929
 -822768
 -820437
 -818114
 -816055
 -814342
 -812577
 -811004
 -809852
 -808923
 -808171
 -807558
 -806818
 -805931
 -805086
 -804483
 -804029
 -803449
 -802801
 -802476
 -802548
 -802848
 -803296
 -803883
 -804688
 -805555
 -806586
 -807900
 -809689
 -811797
 -814064
 -816223
 -818262
 -820130
 -821720
 -823142
 -824278
 -825335
 -826783
 -828425
 -830145
 -831893
 -833383
 -834631
 -835901
 -837235
 -838412
 -839312
 -839859
 -840294
 -840851
 -841455
 -841824
 -841979
 -841589
 -841109
 -840683
 -840220
 -839884
 -839753
 -839784
 -839858
 -839758
 -839377
 -839044
 -838444
 -837403
 -836092
 -834482
 -832511
 -830035
 -827160
 -824259
 -821561
 -819652
 -819485
 -819618
 -819289
 -818492
 -817152
 -815571
 -813993
 -812167
 -810225
 -808244
 -806541
 -804989
 -803454
 -802339
 -802034
 -802282
 -803127
 -804616
 -806559
 -808850
 -811603
 -814738
 -817845
 -820787
 -823503
 -825835
 -827768
 -828815
 -829203
 -829096
 -828504
 -828226
 -828839
 -829715
 -830415
 -831046
 -831883
 -832795
 -833840
 -835135
 -836520
 -837614
 -838365
 -838985
 -839325
 -838996
 -838465
 -837778
 -836886
 -836015
 -835295
 -834686
 -834161
 -834017
 -833901
 -833937
 -833845
 -832762
 -831689
 -831044
 -830752
 -830812
 -830974
 -831159
 -831193
 -831119
 -831143
 -831125
 -830909
 -830264
 -829522
 -828843
 -828052
 -826761
 -824479
 -821845
 -819567
 -817403
 -815323
 -813489
 -812128
 -811371
 -811469
 -812172
 -813080
 -816604
 -824982
 -833409
 -839402
 -842683
 -843157
 -841027
 -836613
 -829964
 -821554
 -812473
 -803695
 -796078
 -790278
 -786492
 -785042
 -786368
 -790487
 -797085
 -805673
 -815790
 -826337
 -836844
 -846616
 -854812
 -861163
 -865421
 -867240
 -866736
 -864024
 -859533
 -853855
 -847543
 -841354
 -835756
 -830985
 -827118
 -824768
 -824047
 -824886
 -827167
 -830463
 -834189
 -837662
 -840949
 -843994
 -846414
 -847664
 -847786
 -846914
 -844937
 -841871
 -838085
 -834101
 -830148
 -826423
 -823360
 -821522
 -820222
 -818823
 -817152
 -814980
 -813767
 -815247
 -816847
 -817613
 -817698
 -817505
 -817092
 -816373
 -815523
 -814698
 -814098
 -814175
 -815996
 -818634
 -820714
 -822170
 -822986
 -823246
 -823275
 -823124
 -822692
 -822600
 -822936
 -823547
 -824299
 -825292
 -826572
 -828361
 -830195
 -831998
 -833846
 -836976
 -841069
 -844686
 -847595
 -849997
 -851617
 -852166
 -851641
 -849936
 -847218
 -843449
 -838757
 -833530
 -828439
 -824030
 -820798
 -818684
 -817762
 -818133
 -819939
 -822973
 -826695
 -831032
 -835463
 -839525
 -842925
 -845571
 -847406
 -848257
 -848022
 -846553
 -844197
 -841297
 -838899
 -837016
 -834926
 -832497
 -829816
 -827184
 -824939
 -822994
 -821454
 -820138
 -818670
 -817366
 -816254
 -816016
 -816652
 -817546
 -818828
 -820986
 -823495
 -825967
 -828230
 -830148
 -831567
 -832545
 -833118
 -833235
 -833032
 -832501
 -831548
 -830175
 -828579
 -826828
 -825097
 -823434
 -822327
 -822064
 -822764
 -824245
 -825962
 -827814
 -830138
 -832897
 -836071
 -839308
 -842071
 -844122
 -845696
 -846726
 -847210
 -846842
 -845681
 -844213
 -842381
 -840423
 -838563
 -836917
 -835639
 -834699
 -834164
 -833946
 -833818
 -833824
 -834007
 -834448
 -835024
 -835593
 -836016
 -836388
 -836762
 -837223
 -837592
 -837567
 -837395
 -837718
 -837598
 -836650
 -835230
 -833472
 -831263
 -828672
 -826109
 -823852
 -821777
 -819850
 -818641
 -818525
 -819076
 -820229
 -821775
 -823805
 -826262
 -828766
 -831123
 -833248
 -834691
 -835273
 -835021
 -834390
 -833491
 -832131
 -830441
 -829058
 -827860
 -826574
 -825694
 -825581
 -826208
 -827346
 -829425
 -833184
 -837296
 -840458
 -842374
 -843191
 -843503
 -843191
 -841585
 -838582
 -835461
 -832825
 -830935
 -830098
 -829712
 -829934
 -830642
 -831862
 -833845
 -836269
 -838945
 -841500
 -843794
 -845390
 -846122
 -846451
 -846317
 -844902
 -842581
 -840735
 -839343
 -838056
 -837146
 -836774
 -836790
 -836822
 -836837
 -837129
 -837484
 -837739
 -837594
 -836867
 -835895
 -834581
 -832920
 -831107
 -829378
 -828005
 -827573
 -827642
 -827751
 -827750
 -827684
 -827645
 -828132
 -828519
 -828566
 -828543
 -828468
 -828457
 -828451
 -828405
 -828513
 -828923
 -829536
 -830264
 -831299
 -832468
 -833751
 -835280
 -836831
 -838361
 -839562
 -839963
 -839751
 -839366
 -839066
 -838982
 -838930
 -838835
 -838602
 -838547
 -838884
 -839627
 -840561
 -841555
 -842494
 -844010
 -846540
 -849003
 -850591
 -850943
 -849657
 -847041
 -843795
 -840452
 -836552
 -832261
 -827683
 -822699
 -817297
 -812211
 -806302
 -801187
 -799858
 -803844
 -811159
 -819422
 -828570
 -838715
 -849836
 -862146
 -874723
 -885452
 -893559
 -899801
 -904125
 -905381
 -899802
 -886943
 -868327
 -845359
 -824578
 -828307
 -849795
 -865838
 -871187
 -863193
 -845135
 -822647
 -801203
 -782920
 -768408
 -758055
 -752793
 -752675
 -756998
 -765641
 -778410
 -794429
 -813042
 -833219
 -853866
 -873715
 -891468
 -905733
 -915758
 -920661
 -920150
 -914468
 -904119
 -890101
 -873095
 -854078
 -834755
 -816552
 -801190
 -789982
 -783174
 -782394
 -788319
 -798240
 -808766
 -820142
 -834622
 -849384
 -858002
 -860200
 -857925
 -854115
 -849768
 -845066
 -840191
 -835848
 -831443
 -826520
 -824084
 -825322
 -829889
 -835223
 -838855
 -840716
 -841219
 -840874
 -839723
 -838002
 -835965
 -833715
 -831786
 -830685
 -830775
 -832635
 -836291
 -841539
 -847860
 -854608
 -861197
 -866931
 -871196
 -873367
 -873118
 -870338
 -865111
 -857753
 -848816
 -839036
 -829534
 -821040
 -814307
 -809750
 -807553
 -808036
 -811048
 -815993
 -822062
 -828688
 -835141
 -840648
 -844788
 -847186
 -847843
 -846994
 -845177
 -842549
 -839495
 -836607
 -834133
 -832660
 -832340
 -833034
 -834672
 -837242
 -840255
 -842925
 -845097
 -846801
 -847920
 -848233
 -848019
 -848892
 -853693
 -871763
 -912432
 -987109
-1077628
-1144302
-1163156
-1126800
-1044558
 -930028
 -800298
 -673264
 -559661
 -460822
 -385162
 -339233
 -322871
 -339609
 -387065
 -463606
 -564042
 -681810
 -809329
 -937436
-1057433
-1159255
-1237648
-1285902
-1304053
-1290323
-1247482
-1178482
-1091025
 -992196
 -893802
 -802512
 -724923
 -665514
 -628534
 -615173
 -624943
 -655408
 -701106
 -756187
 -815006
 -871940
 -922081
 -961561
 -988164
-1000947
-1000510
 -988335
 -966690
 -938532
 -906353
 -872361
 -838952
 -807967
 -780416
 -756708
 -737094
 -721488
 -709818
 -701657
 -697597
 -698058
 -703730
 -715294
 -732407
 -754661
 -781353
 -811541
 -843608
 -875310
 -904216
 -928123
 -944954
 -953157
 -951942
 -941490
 -923360
 -899647
 -872560
 -844829
 -819131
 -797977
 -783474
 -776818
 -778538
 -788159
 -804002
 -824162
 -846601
 -868872
 -888334
 -903438
 -912893
 -915941
 -912703
 -904098
 -891244
 -875697
 -859155
 -843218
 -829392
 -818823
 -811972
 -809109
 -812285
 -825976
 -860008
 -933337
-1039000
-1121843
-1136257
-1096007
-1020412
 -925550
 -852794
 -805426
 -753076
 -689815
 -621228
 -555240
 -496235
 -445282
 -403750
 -385086
 -396796
 -436117
 -484509
 -541896
 -616322
 -699005
 -870317
-1080955
-1261718
-1397787
-1482998
-1515085
-1495904
-1430031
-1324867
-1189862
-1035859
 -874592
 -717839
 -575782
 -458134
 -373328
 -326823
 -320959
 -355264
 -426178
 -527350
 -650291
 -784985
 -920997
-1047918
-1155808
-1237188
-1286749
-1301568
-1282046
-1231455
-1155311
-1060521
 -954843
 -847372
 -747179
 -661441
 -594959
 -550511
 -527809
 -523417
 -536033
 -564232
 -600941
 -633878
 -660744
 -668150
 -642177
 -597628
 -606061
 -667247
 -771433
 -995694
-1338930
-1666631
-1917993
-2065447
-2102989
-2031367
-1861441
-1610327
-1292262
 -924960
 -533810
 -148004
  202695
  491779
  698152
  807294
  811992
  712340
  516017
