  -85148
  -87298
  -91909
  -98301
 -105538
 -112839
 -119445
 -124342
 -126853
 -126846
 -124343
 -119672
 -113572
 -106918
 -100610
  -95523
  -92281
  -91307
  -92597
  -95898
 -100725
 -106339
 -112023
 -117037
 -120673
 -122487
 -122309
 -120159
 -116379
 -111544
 -106274
 -101254
  -97130
  -94398
  -93380
  -94120
  -96414
  -99888
 -104017
 -108203
 -111863
 -114467
 -115595
 -115147
 -113246
 -110167
 -106454
 -102706
  -99351
  -96678
  -95457
  -95840
  -97798
 -101096
 -105230
 -109417
 -112951
 -115188
 -115813
 -115480
 -113936
 -111189
 -108068
 -105184
 -103136
 -102290
 -102673
 -104110
 -106219
 -108441
 -110338
 -111536
 -111848
 -111278
 -109872
 -107869
 -105542
 -103232
 -101256
  -99805
  -99089
  -99217
 -100171
 -101805
 -103857
 -105989
 -107941
 -109408
 -110239
 -110361
 -109810
 -108646
 -107041
 -105221
 -103512
 -102165
 -101331
 -101185
 -101899
 -103051
 -104215
 -105790
 -108088
 -110979
 -113697
 -115394
 -115833
 -115126
 -113427
 -110998
 -108200
 -105544
 -103483
 -102218
 -101751
 -101990
 -103020
 -104798
 -107053
 -109369
 -111429
 -113151
 -114322
 -114574
 -113793
 -112039
 -109509
 -106550
 -103569
 -101174
  -99615
  -98780
  -98522
  -99049
 -100484
 -102556
 -104970
 -107591
 -110152
 -112260
 -113387
 -113081
 -111355
 -107910
 -103055
  -98270
  -94886
  -93674
  -94689
  -97376
 -101024
 -105264
 -109740
 -113940
 -117257
 -119175
 -119484
 -118146
 -115355
 -111510
 -107095
 -102832
  -99532
  -97758
  -97495
  -98475
 -100576
 -103537
 -106927
 -110204
 -112827
 -114433
 -114787
 -113951
 -112187
 -109720
 -106889
 -104100
 -101729
 -100054
  -99277
  -99485
 -100593
 -102463
 -104826
 -107321
 -109596
 -111387
 -112460
 -112668
 -112001
 -110627
 -108715
 -106589
 -104604
 -102979
 -101966
 -101721
 -102240
 -103403
 -105061
 -106985
 -108958
 -110718
 -111974
 -112536
 -112292
 -111277
 -109634
 -107666
 -105690
 -103925
 -102547
 -101735
 -101678
 -102338
 -103527
 -105079
 -106846
 -108535
 -109882
 -110728
 -110971
 -110630
 -109784
 -108547
 -107190
 -105873
 -104756
 -103968
 -103444
 -103161
 -103251
 -103859
 -104987
 -106502
 -108198
 -109663
 -110742
 -111188
 -110960
 -109947
 -108357
 -106797
 -105629
 -105053
 -104821
 -104677
 -104593
 -104601
 -104779
 -105150
 -105664
 -106238
 -106877
 -107462
 -107931
 -108333
 -108603
 -108681
 -108572
 -108311
 -107924
 -107406
 -106816
 -106351
 -106021
 -105803
 -105743
 -105886
 -106093
 -106326
 -106592
 -106855
 -107075
 -107268
 -107323
 -107247
 -107167
 -107084
 -107104
 -107183
 -106908
 -106388
 -105960
 -105837
 -105894
 -106069
 -106432
 -106995
 -107780
 -108656
 -109497
 -110169
 -110585
 -110673
 -110319
 -109542
 -108488
 -107207
 -105836
 -104578
 -103675
 -103260
 -103377
 -103993
 -104990
 -106170
 -107364
 -108419
 -109143
 -109437
 -109288
 -108713
 -107774
 -106629
 -105428
 -104372
 -103584
 -103111
 -103041
 -103422
 -104180
 -105172
 -106281
 -107371
 -108257
 -108823
 -109125
 -109450
 -109587
 -109223
 -108494
 -107575
 -106500
 -105232
 -103996
 -102933
 -102200
 -101857
 -101863
 -102419
 -103589
 -105194
 -107030
 -108885
 -110521
 -111717
 -112334
 -112349
 -111829
 -110770
 -109366
 -107820
 -106290
 -105042
 -104152
 -103729
 -103800
 -104361
 -105325
 -106598
 -107945
 -109114
 -109933
 -110371
 -110412
 -110052
 -109282
 -108247
 -107149
 -106059
 -105137
 -104517
 -104272
 -104380
 -104793
 -105451
 -106252
 -107059
 -107801
 -108360
 -108558
 -108409
 -108017
 -107366
 -106594
 -105848
 -105236
 -104759
 -104387
 -104163
 -104657
 -105826
 -106879
 -107608
 -107902
 -107344
 -105539
 -103333
 -101712
 -101119
 -101458
  -92375
  -55502
  -20436
  -11059
  -29849
  -73647
 -135591
 -206196
 -274884
 -331450
 -367140
 -375942
 -355329
 -307058
 -236916
 -153615
  -67796
    9462
   68460
  102259
  107725
   85713
   40520
  -20686
  -88680
 -153701
 -206663
 -240183
 -249656
 -233900
 -195161
 -138791
  -72592
   -5722
   52643
   94743
  115215
  111785
   85484
   40237
  -17753
  -80900
 -141099
 -191027
 -224946
 -239362
 -233610
 -209854
 -172640
 -128315
  -84151
  -47030
  -22478
  -13999
  -22628
  -46852
  -83057
 -126112
 -169995
 -208573
 -236502
 -250085
 -247461
 -229073
 -197511
 -157272
 -113985
  -73549
  -41306
  -21206
  -15438
  -24195
  -45582
  -75973
 -110636
 -144430
 -172486
 -190725
 -196494
 -188906
 -169042
 -139641
 -104668
  -68918
  -37199
  -13806
   -1735
   -2338
  -15185
  -38280
  -68343
 -101197
 -132457
 -158170
 -175158
 -181455
 -176636
 -161865
 -139677
 -113507
  -87292
  -64866
  -49434
  -43094
  -46518
  -59067
  -78785
 -102763
 -127676
 -150106
 -167001
 -176101
 -176290
 -167776
 -151747
 -130438
 -106907
  -84418
  -65970
  -53877
  -49497
  -53179
  -64039
  -80216
  -99175
 -118174
 -134467
 -145730
 -150437
 -148000
 -138806
 -124246
 -106442
  -87928
  -71299
  -58832
  -52274
  -52604
  -59688
  -72220
  -88450
 -106232
 -123214
 -137287
 -146775
 -150584
 -148803
 -142375
 -132415
 -119773
 -106105
  -93577
  -83985
  -78746
  -78688
  -83661
  -93033
 -105591
 -119531
 -132962
 -144087
 -151390
 -153989
 -151629
 -144695
 -133933
 -120967
 -107928
  -95807
  -86360
  -80718
  -79388
  -82280
  -88748
  -97688
 -107635
 -116964
 -124203
 -128267
 -128549
 -124979
 -118056
 -108664
  -97987
  -87536
  -78617
  -72396
  -69674
  -70711
  -75301
  -82713
  -91920
 -101609
 -110435
 -117279
 -121284
 -122130
 -119835
 -114912
 -108266
 -100967
  -94151
  -88909
  -86064
  -86061
  -89086
  -94842
 -102609
 -111314
 -119786
 -127048
 -132234
 -134880
 -134643
 -131665
 -126541
 -120111
 -113345
 -107126
 -102300
  -99522
  -99132
 -101104
 -105067
 -110332
 -116099
 -121466
 -125623
 -127976
 -128166
 -126044
 -121511
 -115144
 -108280
 -102121
  -97420
  -94585
  -93795
  -94980
  -97782
 -101645
 -106003
 -110143
 -113379
 -115238
 -115442
 -113920
 -110855
 -106641
 -101434
  -93886
  -83819
  -73614
  -66385
  -65684
  -73746
  -89941
 -111776
 -136023
 -159046
 -177404
 -188296
 -189970
 -182063
 -165535
 -142407
 -115606
  -88567
  -64803
  -47304
  -38139
  -38122
  -46890
  -62938
  -83765
 -106376
 -127551
 -144351
 -154531
 -156763
 -150841
 -137666
 -119144
  -97914
  -76953
  -59011
  -46458
  -40945
  -43117
  -52512
  -67757
  -86740
 -106921
 -125713
 -140771
 -150407
 -153649
 -150424
 -141608
 -128797
 -114018
  -99571
  -87678
  -80037
  -77663
  -80830
  -89013
 -101026
 -115159
 -129299
 -141387
 -149799
 -153365
 -151602
 -144767
 -133827
 -120269
 -105886
  -92660
  -82269
  -75951
  -74374
  -77536
  -84821
  -95068
 -106669
 -117865
 -127009
 -132809
 -134452
 -131672
 -124872
 -115043
 -103560
  -91961
  -81776
  -74442
  -70935
  -71639
  -76396
  -84458
  -94683
 -105663
 -115911
 -124168
 -129471
 -131196
 -129337
 -124305
 -117067
 -108742
 -100591
  -93787
  -89295
  -87806
  -89516
  -94144
 -101032
 -109208
 -117526
 -124901
 -130326
 -133058
 -132820
 -129714
 -124290
 -117393
 -109954
 -102907
  -97196
  -93551
  -92327
  -93585
  -97016
 -102006
 -107822
 -113606
 -118557
 -121931
 -123229
 -122473
 -120035
 -116090
 -110895
 -104856
  -98693
  -93219
  -89108
  -86977
  -87133
  -89458
  -93629
  -99103
 -105225
 -111139
 -116117
 -119639
 -121229
 -120831
 -118605
 -114953
 -110433
 -105740
 -101549
  -98475
  -96937
  -97092
  -98902
 -102069
 -106146
 -110582
 -114785
 -118108
 -120166
 -120713
 -119718
 -117376
 -114117
 -110324
 -106510
 -103199
 -100747
  -99491
  -99526
 -100801
 -103078
 -105897
 -108878
 -111560
 -113482
 -114372
 -114183
 -112929
 -110753
 -107845
 -104772
 -102040
  -99964
  -98570
  -98017
  -98941
 -100613
 -103067
 -105894
 -108882
 -111464
 -113595
 -114665
 -114273
 -112632
 -110442
 -108513
 -107201
 -106125
 -105573
 -105184
 -104820
 -104905
 -105469
 -106423
 -106939
 -106253
 -106564
 -108329
 -111178
 -114553
 -117613
 -118927
 -119786
 -120689
 -120165
 -118124
 -114646
 -110246
 -105408
 -100760
  -96863
  -94238
  -93259
  -93952
  -96071
  -99180
 -103134
 -107438
 -111315
 -114131
 -115582
 -115557
 -114092
 -111417
 -107952
 -104227
 -100780
  -98093
  -96553
  -96470
  -97841
 -100085
 -103117
 -106569
 -110023
 -112957
 -115034
 -116128
 -116272
 -115483
 -113974
 -111856
 -109121
 -106794
 -105284
 -104637
 -104883
 -106010
 -107873
 -110181
 -112522
 -114584
 -115693
 -114834
 -113264
 -112249
 -111691
 -111049
 -110254
 -109333
 -108422
 -107553
 -106753
 -106057
 -105558
 -105261
 -105166
 -105395
 -106202
 -108505
 -110363
 -110145
 -108538
 -106174
 -103553
 -101099
  -99178
  -98085
  -97933
  -98781
 -100696
 -103449
 -106687
 -109946
 -112805
 -114980
 -116253
 -116460
 -115632
 -113962
 -111484
 -108239
 -105067
 -102782
 -101813
 -102109
 -103536
 -105684
 -108306
 -110900
 -113170
 -114767
 -115493
 -115238
 -114212
 -112560
 -110486
 -108007
 -106053
 -104335
 -103627
 -103709
 -104438
 -105446
 -107050
 -109019
 -110582
 -111789
 -112851
 -113673
 -113581
 -112189
 -109588
 -105968
 -102100
  -98987
  -97084
  -96658
  -97952
 -100727
 -104547
 -108867
 -113141
 -116926
 -119634
 -120879
 -120504
 -118486
 -115308
 -111493
 -107550
 -104214
 -101864
 -100509
 -100129
 -100817
 -102462
 -104654
 -107060
 -109137
 -110342
 -110878
 -111079
 -111167
 -111181
 -111087
 -110924
 -110749
 -110551
 -110283
 -109902
 -109419
 -108839
 -108187
 -107498
 -106834
 -106285
 -105820
 -105472
 -105320
 -105347
 -105562
 -105929
 -106412
 -106979
 -107549
 -108060
 -108469
 -108724
 -108807
 -108686
 -108392
 -107979
 -107622
 -107452
 -106977
 -104997
 -101187
  -97643
  -96599
  -98468
 -102953
 -109359
 -116700
 -123892
 -129911
 -133903
 -135201
 -133554
 -129172
 -121104
 -105089
  -83117
  -64409
  -56056
  -60685
  -77606
 -103970
 -135563
 -167479
 -194961
 -213828
 -221153
 -215422
 -196815
 -167552
 -131428
  -93087
  -57488
  -29205
  -11519
   -6284
  -13633
  -32074
  -58713
  -89471
 -119880
 -145709
 -163436
 -170735
 -166811
 -152303
 -129342
 -101286
  -72189
  -46008
  -26339
  -15756
  -15606
  -25800
  -44764
  -69942
  -98026
 -125316
 -148374
 -164470
 -171888
 -170116
 -160010
 -143484
 -123304
 -102656
  -84718
  -72096
  -66539
  -68736
  -78266
  -93675
 -112690
 -132603
 -150526
 -163977
 -171035
 -170810
 -163326
 -149627
 -131682
 -112002
  -93221
  -77775
  -67597
  -63878
  -66876
  -75927
  -89532
 -105559
 -121553
 -135229
 -144712
 -148748
 -146744
 -138969
 -126525
 -111155
  -95120
  -80533
  -69320
  -63049
  -62406
  -67277
  -76925
  -89977
 -104622
 -118929
 -131003
 -139283
 -142811
 -141278
 -135067
 -125269
 -113486
 -101371
  -90661
  -82780
  -78811
  -79247
  -83931
  -92178
 -102730
 -114057
 -124553
 -132738
 -137499
 -138231
 -134989
 -128186
 -118811
 -108207
  -97895
  -89239
  -83396
  -81058
  -82320
  -86847
  -93997
 -102713
 -111689
 -119699
 -125785
 -129901
 -131439
 -129002
 -122725
 -113657
 -103109
  -92673
  -83877
  -78057
  -76019
  -78005
  -83805
  -92721
 -103551
 -114836
 -125079
 -132956
 -137571
 -138477
 -135668
 -129726
 -121565
 -112439
 -103714
  -96637
  -92133
  -90856
  -92860
  -97734
 -104721
 -112847
 -120899
 -127469
 -131958
 -133964
 -133405
 -130408
 -125587
 -119914
 -113775
 -107373
 -101052
  -95017
  -89835
  -86687
  -86215
  -88496
  -93195
  -99525
 -106458
 -112929
 -118092
 -121297
 -122117
 -120408
 -116430
 -110784
 -104382
  -98106
  -92579
  -88635
  -86876
  -87478
  -90310
  -95026
 -100991
 -107412
 -113466
 -118355
 -121513
 -122564
 -121511
 -118706
 -114607
 -109830
 -105102
 -101174
  -98665
  -97914
  -98943
 -101612
 -105588
 -110345
 -115140
 -119331
 -122494
 -124244
 -124298
 -122694
 -119752
 -115904
 -111677
 -107720
 -104498
 -102407
 -101682
 -102520
 -104915
 -108362
 -112154
 -115543
 -117840
 -118668
 -117825
 -115092
 -110174
 -104299
  -99087
  -95379
  -93716
  -94285
  -96933
 -101234
 -106624
 -112297
 -117424
 -121222
 -123099
 -122897
 -120615
 -116524
 -111210
 -105441
 -100007
  -95710
  -93069
  -92434
  -93869
  -97169
 -101736
 -106790
 -111747
 -115963
 -118772
 -119861
 -119206
 -116904
 -113343
 -109101
 -104697
 -100761
  -97896
  -96548
  -96812
  -98564
 -101588
 -105403
 -109394
 -113084
 -116149
 -118180
 -118839
 -118140
 -116185
 -113279
 -109855
 -106351
 -103266
 -101156
 -100332
 -100865
 -102709
 -105616
 -109174
 -112937
 -116384
 -118920
 -120187
 -120131
 -118768
 -116309
 -113200
 -109815
 -106619
 -104025
 -102315
 -101736
 -102366
 -104072
 -106722
 -109815
 -112664
 -115172
 -116984
 -117438
 -116438
 -114311
 -110691
 -106292
 -101880
  -97982
  -95232
  -94163
  -94956
  -97605
 -101380
 -105604
 -109889
 -113820
 -117133
 -119669
 -121322
 -121478
 -119632
 -116009
 -111073
 -105564
 -100112
  -95509
  -92450
  -91292
  -92235
  -95160
  -99664
 -105140
 -110917
 -116361
 -120725
 -123359
 -123918
 -122196
 -118430
 -113620
 -108858
 -104720
 -101970
 -100680
 -100640
 -101752
 -103896
 -106760
 -109878
 -112697
 -114619
 -115264
 -114826
 -113972
 -113013
 -112195
 -111680
 -111539
 -111745
 -112232
 -112895
 -113536
 -113972
 -114060
 -113763
 -113025
 -111835
 -110386
 -108853
 -107402
 -106122
 -105177
 -104649
 -104574
 -105007
 -105881
 -107099
 -108403
 -109489
 -110181
 -110303
 -109834
 -108833
 -107476
 -105946
 -104452
 -103278
 -102528
 -102289
 -102661
 -103632
 -104953
 -106256
 -107343
 -108195
 -108723
 -108841
 -108548
 -107996
 -107389
 -106731
 -105943
 -105447
 -105745
 -106878
 -108648
 -110758
 -112888
 -114652
 -115725
 -115888
 -115208
 -113644
 -111118
 -108014
 -105089
 -103164
 -102654
 -103743
 -106234
 -109650
 -113509
 -117287
 -120402
 -122426
 -123035
 -122152
 -119831
 -116339
 -112177
 -107924
 -104072
 -101112
  -99281
  -98748
  -99577
 -101591
 -104494
 -107858
 -111173
 -113994
 -115918
 -116697
 -116249
 -114585
 -111954
 -108769
 -105428
 -102380
 -100067
  -98845
  -98783
  -99863
 -101921
 -104622
 -107626
 -110649
 -113283
 -115026
 -115657
 -115206
 -113735
 -111499
 -108942
 -106551
 -104341
 -102552
 -101510
 -101402
 -102308
 -104086
 -106538
 -109308
 -112174
 -114576
 -116158
 -116865
 -116542
 -114996
 -111812
 -107407
 -103540
 -101297
 -101069
 -102869
 -106315
 -110793
 -115616
 -120107
 -123668
 -126221
 -127236
 -126216
 -122980
 -117648
 -110891
 -103501
  -96608
  -91137
  -87835
  -87147
  -89146
  -93506
  -99545
 -106451
 -113371
 -119386
 -123680
 -125700
 -125257
 -122431
 -117570
 -111436
 -104937
  -99049
  -94553
  -92019
  -91760
  -93808
  -97866
 -103323
 -109356
 -115238
 -120226
 -123690
 -125292
 -124879
 -122571
 -118664
 -113820
 -108691
 -103996
 -100421
  -98403
  -98144
  -99639
 -102564
 -106423
 -110606
 -114503
 -117558
 -119380
 -119690
 -118423
 -115799
 -112239
 -108196
 -104305
 -101067
  -98931
  -98160
  -98799
 -100751
 -103722
 -107285
 -110924
 -114151
 -116552
 -117854
 -117934
 -116741
 -114452
 -111544
 -108485
 -105642
 -103440
 -102179
 -102059
 -103104
 -105150
 -107844
 -110861
 -113787
 -116209
 -117788
 -118464
 -118104
 -116715
 -114558
 -111962
 -109298
 -106916
 -105173
 -104258
 -104254
 -105152
 -106764
 -108719
 -110734
 -112531
 -113861
 -114233
 -113204
 -111313
 -109448
 -107891
 -106732
 -106132
 -106151
 -106720
 -107721
 -108995
 -110350
 -111372
 -111925
 -112092
 -111837
 -111198
 -110210
 -108928
 -107409
 -105828
 -104483
 -103602
 -103375
 -103817
 -104594
 -105119
 -104803
 -103102
 -101467
 -101899
 -104918
 -110149
 -116757
 -123699
 -129931
 -134534
 -136507
 -134605
 -128256
 -119488
 -111037
 -104189
  -99736
  -98057
  -99317
 -103180
 -108585
 -114712
 -120693
 -125528
 -128344
 -128619
 -126232
 -121409
 -114748
 -107123
  -99434
  -92653
  -87448
  -84447
  -83969
  -85934
  -89993
  -95448
 -101467
 -107263
 -112117
 -115373
 -116597
 -115722
 -113016
 -109011
 -104603
 -100390
  -96462
  -93759
  -92890
  -93884
  -96649
 -100273
  -92505
  -61310
  -33663
  -28760
  -48532
  -89877
 -146583
 -210123
 -270959
 -320092
 -349701
 -354540
 -333273
 -287861
 -223645
 -148709
  -72637
   -5054
   45650
   73723
   76697
   55496
   14252
  -40355
 -100196
 -156713
 -201825
 -229246
 -235189
 -218750
 -182181
 -130610
  -71174
  -12060
   38661
   74331
   90554
   85624
   60769
   19691
  -32045
  -87639
 -140100
 -183018
 -211445
 -222633
 -216340
 -194657
 -161744
 -123219
  -85392
  -54194
  -34337
  -28692
  -37973
  -60800
  -93885
 -132504
 -171143
 -204499
 -228039
 -238557
 -234715
 -217153
 -188329
 -152152
 -113568
  -77867
  -49822
  -32912
  -28875
  -37585
  -57241
  -84532
 -115233
 -144753
 -168792
 -183948
 -187989
 -180288
 -161884
 -135305
 -104170
  -72716
  -45186
  -25162
  -15147
  -16330
  -28342
  -49294
  -76170
 -105337
 -132957
 -155412
 -169999
 -175054
 -170258
 -156836
 -137146
 -114175
  -91417
  -72277
  -59425
  -54628
  -58411
  -70032
  -87766
 -109119
 -131073
 -150573
 -165015
 -172488
 -172083
 -163927
 -149235
 -130096
 -109163
  -89293
  -73160
  -62782
  -59298
  -62864
  -72650
  -87007
 -103737
 -120356
 -134428
 -143974
 -147635
 -144917
 -136279
 -123023
 -107004
  -90506
  -75794
  -64870
  -59201
  -59488
  -65564
  -76538
  -91030
 -107313
 -122997
 -135824
 -144547
 -148197
 -146566
 -140116
 -129969
 -117700
 -105266
  -94619
  -87333
  -84429
  -86352
  -93011
 -103525
 -115835
 -127067
 -136407
 -144426
 -149520
 -150544
 -147282
 -140199
 -130274
 -118951
 -107767
  -98113
  -91146
  -87503
  -87582
  -91324
  -98066
 -106457
 -115024
 -122426
 -127341
 -128912
 -127114
 -122088
 -112688
  -99729
  -86696
  -76897
  -72126
  -72460
  -77430
  -86676
  -99074
 -111808
 -123139
 -131065
 -134158
 -131890
 -124667
 -113845
 -101239
  -88534
  -77503
  -69862
  -67043
  -69448
  -76402
  -87397
 -101230
 -116080
 -129903
 -141174
 -148624
 -151503
 -149675
 -143472
 -133680
 -121253
 -108363
  -97500
  -89814
  -86610
  -88318
  -94480
 -103840
 -114262
 -123927
 -132055
 -137763
 -140852
 -141088
 -138284
 -132855
 -125544
 -117306
 -109148
 -102102
  -97073
  -95400
  -97370
 -100427
 -104103
 -108331
 -111604
 -113087
 -113040
 -111492
 -109079
 -106514
 -103904
 -101477
  -99265
  -97480
  -96169
  -95530
  -96906
 -100437
 -104378
 -108092
 -111239
 -113418
 -114209
 -113121
 -111260
 -108888
 -105966
 -102828
 -100704
  -99748
  -99800
 -101592
 -105988
 -111193
 -116657
 -121036
 -123512
 -123749
 -121787
 -118001
 -112917
 -106924
 -100896
  -95672
  -92393
  -91948
  -94622
 -100592
 -108805
 -117656
 -125848
 -132273
 -136061
 -136636
 -133853
 -128112
 -120260
 -111470
 -103042
  -96091
  -91505
  -89847
  -91262
  -95340
 -101258
 -108995
 -117223
 -123868
 -129073
 -132064
 -132183
 -129448
 -124212
 -117245
 -109478
 -102799
  -97710
  -93767
  -91318
  -91560
  -94411
  -98941
 -104035
 -109368
 -114339
 -119165
 -123620
 -126653
 -128088
 -126456
 -121851
 -116931
 -111744
 -105905
  -99641
  -94225
  -91217
  -90624
  -91749
  -95174
 -100619
 -106626
 -111514
 -114931
 -117119
 -118262
 -118073
 -117357
 -116514
