  156712
  123783
   96612
   79142
   73259
   80919
  102734
  131589
  145721
  141177
  150117
  181875
  214491
  240189
  263744
  282125
  296371
  301994
  298833
  290917
  284193
  284730
  293063
  308587
  333002
  364297
  399502
  435050
  467311
  492774
  509801
  517661
  515765
  504502
  485705
  461972
  436087
  410837
  388882
  371996
  360958
  355642
  354932
  357005
  359367
  359547
  355336
  345240
  328588
  305754
  277954
  247074
  215544
  185728
  159911
  140167
  127787
  123190
  125882
  134363
  147057
  162586
  179699
  197317
  210569
  217848
  222385
  224184
  219428
  209360
  199831
  191496
  187644
  193257
  209894
  236840
  268555
  303985
  355440
  456324
  615467
  809595
  981976
 1069589
 1068990
  996526
  870683
  717026
  561938
  426211
  324141
  261346
  237085
  243808
  272015
  309122
  340119
  351356
  332578
  278392
  189262
   71422
  -64141
 -202442
 -322418
 -395633
 -422819
 -415161
 -371529
 -299300
 -205445
  -96045
    2581
   71942
  143715
  235944
  323808
  379466
  395255
  394140
  412119
  432876
  451778
  523117
  641869
  772474
  959038
 1255571
 1539731
 1707787
 1749168
 1679695
 1525273
 1313634
 1073184
  831114
  609437
  422024
  274717
  166866
   92602
   41466
     326
  -44112
 -103728
 -186551
 -295697
 -429112
 -579535
 -734805
 -879630
 -998081
-1075881
-1102901
-1074340
 -991559
 -861523
 -695241
 -506089
 -307859
 -115703
   57090
  202232
  317224
  402742
  458772
  490901
  509897
  528229
  556667
  604267
  675152
  766687
  877478
  999368
 1125969
 1314099
 1565037
 1773641
 1892136
 1946913
 1921093
 1771158
 1495517
 1156083
  814962
  514002
  278085
  117660
   31040
    4441
   19575
   55203
   90881
  124419
  167911
  169850
  118285
  -10173
 -204606
 -435552
 -668206
 -862731
 -987805
 -999152
 -706520
  -10526
  909503
 1883016
 2804041
 3597968
 4219477
 4654003
 4906695
 5005094
 4996919
 4932055
 4864683
 4846511
 4906254
 5068082
 5309130
 5578003
 5834275
 6039461
 6147596
 6121889
 5941506
 5599110
 5105913
 4485038
 3771930
 3015130
 2266933
 1581546
  998533
  534707
  190382
  -43358
 -191128
 -278135
 -329893
 -386496
 -494575
 -677228
 -934769
-1251403
-1625006
-2109805
-2669683
-3220614
-3688561
-4023647
-4204899
-4236861
-4135340
-3921436
-3626075
-3288999
-2951733
-2650749
-2414043
-2254872
-2170183
-2142671
-2143866
-2137521
-2085040
-1954032
-1724885
-1394021
 -973978
 -487797
   34839
  560969
 1056618
 1488741
 1831170
 2068183
 2196045
 2221254
 2160765
 2042098
 1898653
 1762826
 1660355
 1606956
 1605675
 1648935
 1723216
 1809129
 1884783
 1927735
 1918181
 1841649
 1691860
 1473144
 1197235
  883646
  558301
  249068
  -17218
 -220810
 -351252
 -407842
 -398427
 -336949
 -241273
 -132301
  -30933
   45415
   84464
   80492
   35184
  -42551
 -137923
 -232429
 -306761
 -344354
 -334165
 -272332
 -162468
  -14380
  157548
  336273
  503845
  643553
  741752
  789553
  784174
  729439
  634962
  514906
  386112
  265340
  166664
   99467
   67174
   67619
   93808
  135250
  179600
  214196
  227679
  211690
  162082
   79598
  -29882
 -156034
 -285249
 -403142
 -496509
 -554747
 -571320
 -545048
 -479458
 -381465
 -261462
 -131188
   -2664
  113631
  209953
  282025
  329747
  356975
  370694
  379357
  392887
  421743
  473308
  550898
  652759
  774539
  907150
 1040205
 1163711
 1266929
 1342524
 1385666
 1393937
 1367998
 1312307
 1233498
 1140693
 1044413
  953597
  874593
  810868
  762362
  725961
  696265
  666423
  629257
  578238
  508594
  417819
  306359
  177579
   37549
 -105703
 -243297
 -366674
 -468669
 -544609
 -592665
 -613766
 -611422
 -591060
 -559236
 -522754
 -487637
 -458478
 -437984
 -426397
 -421634
 -419638
 -415038
 -401927
 -375088
 -330489
 -266186
 -182595
  -82402
   29867
  148335
  266421
  377809
  477201
  560680
  626116
  673668
  705443
  725221
  737738
  747937
  760316
  778103
  802868
  834567
  871123
  908829
  943640
  970979
  986874
  988726
  974239
  942949
  896540
  837997
  771161
  700944
  632288
  569275
  514930
  470625
  436191
  410094
  389771
  371888
  352936
  329644
  299577
  261573
  215768
  163517
  107537
   51428
    -904
  -45894
  -80689
 -103649
 -114335
 -113507
 -103084
  -86084
  -65763
  -45360
  -27985
  -15983
  -10335
  -10950
  -16636
  -24657
  -31906
  -35676
  -33618
  -23993
   -5903
   20444
   53891
   92384
  133441
  174248
  212193
  245543
  272975
  294245
  309293
  319622
  327016
  333275
  340707
  351474
  367091
  388082
  414128
  444300
  477050
  510166
  541371
  568598
  590027
  604561
  611948
  612583
  607586
  598744
  588160
  577802
  569104
  563086
  560022
  559524
  560648
  561938
  561883
  558719
  550960
  537451
  517686
  491852
  460757
  425821
  388848
  351601
  315815
  282943
  253954
  229251
  208633
  191212
  175826
  161225
  146191
  129657
  110996
   90053
   67255
   43452
   19967
   -1639
  -19863
  -33397
  -41493
  -43805
  -40162
  -31127
  -17475
    -566
   18200
   37706
   57089
   75621
   92962
  109338
  125292
  141371
  158588
  178100
  200655
  226544
  255733
  287699
  321735
  356777
  391493
  424600
  455093
  482163
  505247
  524211
  539085
  550177
  558877
  566802
  573827
  580076
  585652
  591682
  597963
  605354
  614614
  620716
  620465
  613659
  601069
  583292
  561055
  535551
  507528
  477898
  448066
  419435
  392316
  367089
  343376
  320678
  298581
  276207
  252891
  228426
  202649
  175733
  148250
  121118
   95277
   71594
   50804
   33444
   19994
   11210
    7668
    9097
   16275
   26955
   32600
   32281
   29363
   26233
   25806
   29249
   36402
   48032
   64364
   85465
  110531
  138612
  168443
  199092
  229903
  260097
  288742
  315698
  341032
  364573
  385521
  404200
  422200
  439803
  457139
  474463
  491846
  508684
  524379
  538304
  549731
  558103
  562971
  564183
  561768
  555959
  547295
  536353
  523769
  510231
  496176
  481995
  467971
  454076
  440002
  425305
  409847
  393692
  376717
  359584
  341977
  323375
  303392
  282549
  261692
  241657
  222823
  205717
  190798
  178253
  168021
  159867
  153453
  148303
  144097
  140472
  137071
  133753
  130566
  127671
  125377
  124113
  124240
  126114
  130020
  135831
  143518
  153293
  165071
  177947
  191241
  204588
  217457
  229404
  240411
  250701
  260532
  270374
  281751
  294396
  306718
  318101
  329556
  341646
  354159
  366647
  378663
  390065
  400594
  409894
  417926
  424634
  430112
  434396
  437602
  439959
  441621
  442729
  443444
  443801
  443680
  442961
  441501
  399057
  118718
     417
     -10
      -7
     -10
      -8
      -6
      -7
     -10
      -9
      -7
      -9
      -8
     -12
     -13
     -11
     -12
      -6
      -8
     -13
   -6189
  -14498
   75437
  162675
  178243
  171192
  164835
  159208
  155157
  152077
  148809
  147318
  148238
  150944
  155343
  161398
  168522
  176340
  184414
  192501
  200765
  209414
  218713
  228959
  240266
  252721
  266245
  280648
  295664
  311002
  326610
  342099
  356940
  370569
  383041
  394333
  404015
  412213
  419151
  425138
  430208
  434254
  437423
  439775
  441427
  442446
  442668
  441993
  440321
  437374
  433070
  427278
  419909
  411115
  401124
  390170
  378529
  366565
  354530
  342540
  330588
  319209
  308617
  298288
  288103
  278027
  268005
  258094
  267335
  280647
  231526
  219622
  211380
  204183
  198263
  193604
  190481
  188625
  187644
  187527
  188369
  191984
  200060
  197662
  200658
  204914
  209249
  225952
  264250
  279482
  291282
  304670
  320000
  337525
  352476
  337195
  379035
  412587
  449440
  473254
  495542
  515844
  534143
  550423
  564670
  577785
  590463
  603053
  615827
  628883
  641935
  654631
  666417
  676750
  685167
  691385
  694892
  695415
  693031
  688009
  680683
  671484
  661005
  649667
  637825
  625800
  613680
  601410
  588863
  575752
  561909
  547180
  531359
  514399
  496361
  477459
  457924
  438183
  418728
  399952
  382082
  365650
  351041
  338332
  327250
  317614
  309759
  301408
  260077
  225695
  222994
  221604
  220534
  219896
  219808
  220349
  221671
  223824
  226772
  230456
  234839
  239890
  245652
  252015
  258702
  265514
  272403
  279234
  285893
  292382
  298774
  305002
  311188
  317337
  323542
  329810
  335950
  341958
