  -27473
  -22013
  -17513
  -14279
  -12302
  -11606
  -12065
  -13216
  -15370
  -18391
  -23089
  -32222
  -47958
  -58323
  -63058
  -63049
  -54175
  -41299
  -28199
  -18102
  -14275
  -19774
  -31361
  -41656
  -54196
  -68100
  -78851
  -88578
  -95235
  -99596
 -103431
 -106433
 -108895
 -111980
 -115933
 -121056
 -127742
 -135719
 -144893
 -154978
 -164982
 -174387
 -182698
 -189044
 -193131
 -194829
 -194233
 -191647
 -187612
 -182827
 -177794
 -173095
 -169201
 -166356
 -164380
 -163411
 -163044
 -162378
 -161061
 -158741
 -154652
 -148373
 -139977
 -129683
 -117923
 -105254
  -91751
  -78261
  -65572
  -54281
  -44385
  -35457
  -28056
  -22156
  -17322
  -12757
   -8644
   -3757
    1374
    6839
   12358
   16395
   20058
   23787
   26001
   26471
   25648
   26072
   26475
   24285
   19414
   11448
   -2621
  -26908
  -39897
  -26125
    1161
   18332
   16845
   -7352
  -52353
 -112646
 -181568
 -252501
 -318667
 -373897
 -414035
 -436972
 -442260
 -431479
 -407270
 -373230
 -334841
 -296707
 -261631
 -231456
 -208441
 -192937
 -183748
 -178503
 -174634
 -169646
 -163362
 -159027
 -162113
 -161823
 -139806
  -95198
  -33691
   38538
  115705
  189824
  255478
  307591
  340210
  354961
  363534
  370296
  375499
  381851
  389786
  402719
  420221
  436987
  448739
  452099
  443833
  421592
  384415
  331520
  265184
  188606
  105222
   19238
  -64837
 -143261
 -213225
 -272939
 -322143
 -362037
 -394813
 -423373
 -451077
 -480618
 -514399
 -553981
 -599316
 -649071
 -700697
 -750971
 -796185
 -832633
 -857077
 -866966
 -861135
 -839744
 -804033
 -756168
 -699016
 -635978
 -570166
 -504311
 -440300
 -379198
 -321455
 -266778
 -213979
 -160597
 -104741
  -45584
   17025
   83591
  153461
  224746
  294832
  361381
  421800
  473742
  516006
  547561
  567964
  577851
  578498
  571688
  559763
  544751
  527881
  510216
  492189
  473344
  452650
  428742
  400377
  366377
  325513
  277255
  221931
  160387
   94225
   25573
  -43435
 -110569
 -173642
 -231186
 -282144
 -326087
 -363247
 -394550
 -421299
 -444853
 -466420
 -487130
 -507740
 -528340
 -548371
 -566887
 -582932
 -595115
 -601976
 -602475
 -596052
 -582283
 -561592
 -534846
 -503362
 -468651
 -432264
 -395550
 -359632
 -325254
 -292731
 -262050
 -232786
 -204095
 -175052
 -144968
 -113119
  -79247
  -43442
   -6185
   31722
   69203
  105189
  138554
  168043
  193001
  212972
  227974
  238534
  245506
  249653
  251862
  252997
  253666
  254321
  255062
  255633
  255324
  253551
  249469
  242333
  231549
  216709
  197927
  175527
  150040
  122202
   92864
   63004
   33493
    4992
  -22204
  -47909
  -72073
  -95141
 -117748
 -140328
 -163409
 -187289
 -212109
 -237798
 -264003
 -290007
 -315315
 -339125
 -360472
 -378713
 -393409
 -404298
 -411412
 -414872
 -415217
 -412996
 -408723
 -402835
 -395775
 -387690
 -378683
 -368693
 -357328
 -344145
 -328861
 -311058
 -290389
 -266927
 -240869
 -212607
 -182647
 -151543
 -119910
  -88369
  -57707
  -28455
    -909
   24846
   48884
   71269
   92170
  111754
  130159
  147810
  164604
  180224
  194683
  207385
  217840
  225694
  230547
  232079
  230202
  224930
  216457
  204818
  190299
  173481
  154972
  135285
  114622
   93247
   71429
   49356
   26817
    3698
  -20127
  -44821
  -70377
  -96610
 -123360
 -150376
 -177346
 -203634
 -228645
 -251969
 -273270
 -292131
 -308432
 -322090
 -333210
 -341969
 -348567
 -353176
 -356088
 -357482
 -357369
 -355744
 -352464
 -347444
 -340466
 -331385
 -319953
 -306187
 -290272
 -272298
 -252473
 -231333
 -209132
 -186206
 -162960
 -139728
 -116723
  -94154
  -72231
  -51007
  -30523
  -10699
    8395
   26759
   44430
   61352
   77222
   91916
  105481
  117408
  127445
  135560
  141462
  145132
  146544
  145688
  142707
  138004
  131874
  124337
  115716
  105982
   95351
   83951
   71639
   58377
   44163
   29067
   13033
   -3956
  -21879
  -40482
  -59542
  -78893
  -98264
 -117285
 -135780
 -153309
 -169814
 -185265
 -199526
 -212541
 -224484
 -235326
 -244997
 -253685
 -261479
 -268110
 -273557
 -277741
 -280660
 -282124
 -281915
 -280047
 -276465
 -271197
 -264238
 -255866
 -246217
 -235312
 -223439
 -210744
 -197395
 -183576
 -169418
 -155053
 -140478
 -125659
 -110520
  -95185
  -79651
  -63977
  -48277
  -32767
  -17774
   -3372
   10273
   22977
   34659
   45265
   54568
   62456
   68944
   73934
   77500
   79906
   81227
   81564
   80815
   78942
   76125
   72459
   67767
   61973
   54909
   46481
   36821
   26039
   14302
    1705
  -11676
  -25673
  -39866
  -54140
  -68357
  -82510
  -96532
 -110269
 -123566
 -136637
 -149205
 -161179
 -172574
 -183444
 -193690
 -203233
 -211950
 -219639
 -226210
 -231466
 -235505
 -238147
 -239279
 -238982
 -237411
 -234692
 -230920
 -226027
 -220092
 -213348
 -205895
 -197717
 -188852
 -179277
 -169022
 -158184
 -146815
 -134921
 -122466
 -109625
  -96519
  -83400
  -70451
  -57791
  -45438
  -33501
  -22163
  -11617
   -1997
    6703
   14614
   21652
   27806
   33199
   37803
   41480
   44244
   46105
   46897
   46581
   45206
   42766
   39254
   34678
   29089
   22619
   15294
    7215
   -1407
  -10449
  -19990
  -29891
  -40130
  -50487
  -60970
  -71438
  -81936
  -92589
 -103206
 -113614
 -123870
 -133849
 -143295
 -152101
 -160437
 -168130
 -175052
 -181059
 -186266
 -190620
 -193999
 -196428
 -197982
 -198552
 -198307
 -197268
 -195544
 -193091
 -189845
 -185850
 -181193
 -175843
 -169906
 -163361
 -156168
 -148279
 -139720
 -130891
 -121829
 -112583
 -103148
  -93801
  -84557
  -75458
  -66629
  -58085
  -49940
  -42255
  -35013
  -28201
  -21879
  -15978
  -10535
   -5525
   -1051
    2865
    6207
    8751
   10451
   11217
   11078
   10053
    8212
    5726
    2601
   -1143
   -5383
  -10089
  -15343
  -21179
  -27421
  -33893
  -40686
  -47818
  -55339
  -63042
  -70847
  -78625
  -86387
  -94170
 -101761
 -109077
 -116066
 -122651
 -128850
 -134641
 -140031
 -145034
 -149508
 -153459
 -156813
 -159680
 -162180
 -164047
 -165343
 -166070
 -166175
 -165640
 -164346
 -162394
 -159790
 -156550
 -152798
 -148480
 -143663
 -138505
 -133049
 -127342
 -121404
 -115402
 -109201
 -102870
  -96494
  -90031
  -83500
  -76822
  -70190
  -63742
  -57435
  -51343
  -45561
  -40087
  -35059
  -30508
  -26397
  -22783
  -19636
  -16896
  -14861
  -13381
  -12305
  -11826
  -11921
  -12652
  -13923
  -15582
  -17706
  -20425
  -23556
  -27218
  -31296
  -35723
  -40652
  -46215
  -52131
  -58008
  -63888
  -69449
  -74855
  -80745
  -87268
  -94136
 -100818
 -106745
 -111888
 -116767
 -121413
 -125621
 -129485
 -133069
 -136354
 -139390
 -142192
 -144450
 -146215
 -147462
 -148094
 -148051
 -147485
 -146403
 -144698
 -142461
 -139992
 -137035
 -133633
 -129890
 -125893
 -121644
 -117119
 -112524
 -107867
 -103028
  -97935
  -92772
  -87646
  -82456
  -77168
  -71939
  -66867
  -62061
  -57606
  -53480
  -49460
  -45673
  -42312
  -39396
  -36797
  -34469
  -32508
  -31065
  -30065
  -29485
  -29256
  -29558
  -30473
  -31703
  -33355
  -35647
  -38215
  -40874
  -43863
  -47379
  -50776
  -53983
  -57470
  -61317
  -65003
  -68793
  -72765
  -76776
  -80989
  -85262
  -89599
  -93989
  -98366
 -102651
 -106699
 -110457
 -113662
 -116518
 -119158
 -121553
 -123596
 -125365
 -126855
 -128107
 -128963
 -129381
 -129407
 -129262
 -128815
 -128013
 -126756
 -125084
 -123222
 -121135
 -118862
 -116311
 -113450
 -110443
 -107271
 -104005
 -100553
  -96834
  -93052
  -89304
  -85534
  -81892
  -78146
  -74418
  -70657
  -66987
  -63555
  -60348
  -57378
  -54687
  -52254
  -50165
  -48454
  -47024
  -45993
  -45366
  -45032
  -44826
  -44755
  -44959
  -45475
  -46185
  -47062
  -48120
  -49396
  -50886
  -52603
  -54407
  -56498
  -59039
  -61759
  -64634
  -67789
  -71185
  -74700
  -78367
  -82001
  -85472
  -88743
  -91891
  -95012
  -98086
 -101010
 -103966
 -106817
 -109387
 -111726
 -113789
 -115590
 -117186
 -118568
 -119470
 -120066
 -120484
 -120508
 -120188
 -119636
 -118646
 -117220
 -115704
 -114028
 -112074
 -109990
 -107757
 -105396
 -102782
 -100011
  -97169
  -94148
  -90880
  -87648
  -84422
  -81056
  -77561
  -74225
  -71119
  -68059
  -65096
  -62235
  -59795
  -57728
  -55855
  -54260
  -52957
  -51865
  -50898
  -50079
  -49461
  -49190
  -49379
  -49917
  -50666
  -51570
  -52577
  -53665
  -54945
  -56427
  -58198
  -60157
  -62375
  -64859
  -67460
  -70090
  -72809
  -75602
  -78430
  -81378
  -84275
  -87089
  -89763
  -92218
  -94510
  -96804
  -99011
 -100979
 -102596
 -104040
 -105372
 -106645
 -107837
 -108842
 -109604
 -110185
 -110576
 -110755
 -110775
 -110592
 -110080
 -109183
 -108058
 -106901
 -105533
 -103913
 -102191
 -100282
  -98320
  -96283
  -94100
  -91772
  -89454
  -87126
  -84906
  -82680
  -80343
  -78031
  -75675
  -73342
  -70999
  -68810
  -66897
  -65330
  -64021
  -62818
  -61815
  -60969
  -60307
  -59671
  -59056
  -58681
  -58373
  -58213
  -58234
  -58426
  -58804
  -59380
  -60049
  -60855
  -61928
  -63313
  -64913
  -66667
  -68475
  -70248
  -72029
  -73791
  -75564
  -77434
  -79272
  -80970
  -82593
  -84303
  -85963
  -87572
  -89206
  -90864
  -92556
  -94164
  -95725
  -97229
  -98564
  -99629
 -100425
 -101038
 -101457
 -101752
 -101894
 -101693
 -101461
 -101382
 -101196
 -100851
 -100562
 -100149
  -99479
  -98743
  -97952
  -97042
  -95803
  -94179
  -92334
  -90411
  -88499
  -86474
  -84523
  -82817
  -81122
  -79161
  -77239
  -75134
  -73387
  -71623
  -69208
  -66204
  -63467
  -62633
  -64370
  -69432
  -74972
  -78840
  -82291
  -83557
  -82401
  -80980
  -78286
  -71087
  -58714
  -43482
  -31567
  -24745
  -24585
  -32987
  -49284
  -70811
  -94948
 -118681
 -139278
 -154719
 -163877
 -166070
 -161763
 -152408
 -139995
 -127053
 -118010
 -116687
 -120006
 -119409
 -112085
 -101391
  -90878
  -81695
  -72735
  -61219
  -47117
  -32747
  -19102
   -6915
    2876
    9763
   13586
   14212
   11993
    7527
    1644
   -4616
  -10268
  -14628
  -17144
  -17680
  -16509
  -13976
  -10649
   -7273
   -4809
   -4142
   -6077
  -11358
  -20270
  -32645
  -48111
  -65938
  -85333
 -105236
 -124770
 -143155
 -159679
 -173831
 -185486
 -194707
 -201821
 -206976
 -210556
 -213164
 -215330
 -217486
 -219881
 -222120
 -222859
 -221396
 -217675
 -211588
 -203746
 -195738
 -188150
 -179977
 -169986
 -157510
 -142789
 -126510
 -109279
  -91162
  -73144
  -56430
  -41418
  -28073
  -15785
   -4459
    5952
   15523
   24416
   32655
   40337
   47331
   53420
   58268
   61534
   62913
   62316
   59600
   54696
   47736
   38954
   28699
   17537
    5901
   -5917
  -17661
  -28883
  -39637
  -49980
  -59922
  -69523
  -79168
  -89153
  -99642
 -110421
 -121438
 -132632
 -143796
 -154663
 -164838
 -173905
 -181611
 -187677
 -191709
 -193803
 -194061
 -192664
 -189666
 -185679
 -180884
 -175628
 -170180
 -164791
 -159532
 -154379
 -149135
 -143646
 -137795
 -131294
 -123992
 -116019
 -107429
  -98334
  -89029
  -79845
  -71077
  -62933
  -55444
  -48786
  -43138
  -38635
  -34767
  -31263
  -27992
  -24780
  -21781
  -19106
  -16830
  -14842
  -13235
  -11960
  -11244
  -11402
  -12351
  -13994
  -16378
  -19414
  -22937
  -26643
  -30546
  -34632
  -38644
  -42497
  -46206
  -49737
  -53203
  -56607
  -60064
  -63585
  -67203
  -71085
  -75149
  -79496
  -84169
  -88942
  -93932
  -98770
 -103244
 -107358
 -111209
 -114559
 -117181
 -119335
 -121165
 -122779
 -124235
 -125641
 -127012
 -128270
 -129457
 -130608
 -131513
 -132071
 -132365
 -132152
 -131391
 -130068
 -128194
 -125828
 -122953
 -119733
 -116319
 -112730
 -108987
 -105144
 -101212
  -97156
  -93040
  -88906
  -84595
  -80114
  -75447
  -70793
  -66164
  -61518
  -56915
  -52432
  -48111
  -44151
  -40626
  -37593
  -35016
  -32852
  -31210
  -30035
  -29323
  -28953
  -28903
  -29213
  -29760
  -30601
  -31630
  -32741
  -34229
  -36111
  -38379
  -41164
  -44379
  -48127
  -52379
  -56901
  -61715
  -66710
  -71698
  -76577
  -81449
  -86208
  -90715
  -94988
  -99163
 -103123
 -106759
 -110127
 -113239
 -116145
 -118835
 -121322
 -123537
 -125410
 -126669
 -127373
 -127572
 -127408
 -126860
 -125934
 -124626
 -122788
 -120675
 -118399
 -115919
 -113307
 -110522
 -107657
 -104618
 -101397
  -97967
  -94305
  -90450
  -86549
  -82705
  -78857
  -74964
  -71036
  -67139
  -63436
  -60035
  -56791
  -53910
  -51309
  -48947
  -46890
  -45190
  -43782
  -42591
  -41685
  -41141
  -40854
  -40853
  -41004
  -41437
  -42283
  -43519
  -44916
  -46566
  -48503
  -50652
  -53010
  -55592
  -58311
  -61167
  -64198
  -67203
  -70326
  -73481
  -76542
  -79527
  -82392
  -85258
  -88030
  -90731
  -93430
  -96022
  -98572
 -101015
 -103189
 -105124
 -106951
 -108562
 -109908
 -110995
 -111729
 -112125
 -112343
 -112387
 -112089
 -111522
 -110733
 -109611
 -108287
 -106897
 -105344
 -103556
 -101658
  -99803
  -97783
  -95632
  -93513
  -91338
  -89029
  -86742
  -84445
  -81995
  -79416
  -76724
  -74028
  -71305
  -68532
  -65877
  -63454
  -61210
  -59151
  -57277
  -55647
  -54385
  -53343
  -52440
  -51730
  -51145
  -50654
  -50523
  -50657
  -50929
  -51277
  -51898
  -52831
  -53990
  -55256
  -56759
  -58445
  -60201
  -62161
  -64260
  -66499
  -68827
  -71274
  -73812
  -76290
  -78699
  -81163
  -83668
  -86237
  -88721
  -91001
  -93205
  -95204
  -97112
  -98935
 -100568
 -102080
 -103377
 -104446
 -105246
 -105760
 -106075
 -106095
 -105949
 -105541
 -105039
 -104539
 -103853
 -102807
 -101573
 -100013
  -98326
  -96538
  -94648
  -92708
  -90626
