 -658065
 -508500
 -374556
 -274693
 -220720
 -219410
 -270504
 -359065
 -446961
 -516221
 -599929
 -706014
 -797115
 -852152
 -871475
 -849549
 -789530
 -692069
 -565345
 -426882
 -297621
 -197699
 -137036
 -119366
 -146761
 -212657
 -305348
 -409627
 -509232
 -589058
 -638947
 -653010
 -629253
 -571103
 -487376
 -390547
 -294587
 -213398
 -158503
 -137717
 -154275
 -206198
 -286788
 -385683
 -490064
 -587161
 -665253
 -715589
 -733364
 -718613
 -675705
 -612708
 -540415
 -470403
 -413445
 -378249
 -370478
 -391652
 -438911
 -505418
 -582238
 -659669
 -728357
 -780372
 -804504
 -795814
 -759245
 -698997
 -616444
 -520504
 -428224
 -349467
 -295082
 -276798
 -297584
 -353795
 -431530
 -520007
 -623770
 -774901
 -973451
-1169567
-1269368
-1170725
 -868260
 -409069
  136516
  678875
 1125821
 1403086
 1464560
 1299453
  928085
  398357
 -225891
 -870308
-1456413
-1913249
-2186902
-2247919
-2096087
-1760080
-1292972
 -766522
 -265670
  118799
  346057
  412604
  316421
   82256
 -252174
 -643239
-1018015
-1311007
-1531900
-1686927
-1732944
-1627594
-1367806
-1005384
 -624064
 -245558
  105755
  330291
  409549
  391606
  234974
 -113108
 -467103
 -636635
 -574802
 -300388
  126305
  622341
 1094362
 1452150
 1625397
 1575375
 1298223
  820884
  195084
 -509727
-1214959
-1842136
-2321888
-2604195
-2664856
-2508361
-2167620
-1700059
-1179350
 -684415
 -287134
  -40659
   27638
  -81430
 -341620
 -706983
-1118973
-1515122
-1833118
-2020165
-2043137
-1892583
-1581131
-1136683
 -607428
  -57074
  446330
  842553
 1086463
 1155995
 1055902
  806233
  447546
   29832
 -472638
-1022972
-1431002
-1580968
-1484016
-1132074
 -502065
  348776
 1251643
 2020857
 2513390
 2644658
 2392315
 1789917
  917866
 -116975
-1193860
-2190192
-3012073
-3605221
-3855779
-3725955
-3205300
-2361119
-1322629
 -248095
  692446
 1358123
 1634701
 1274626
  182611
-1306520
-2807282
-4003061
-4645842
-4583481
-3778423
-2297417
 -306462
 1947935
 4179910
 6087728
 7410414
 7995108
 7828994
 6991535
 5654923
 4017104
 2280427
  665343
 -626249
-1447851
-1721843
-1454159
 -723690
  326755
 1501188
 2579336
 3347060
 3651956
 3434921
 2721112
 1594603
  190204
-1338747
-2831609
-4109399
-4999756
-5396914
-5275323
-4682962
-3701382
-2374822
 -894721
  450017
 1400935
 1790531
 1574462
  816520
 -362095
-1801543
-3325312
-4756840
-5922085
-6669138
-6893085
-6556999
-5699033
-4426002
-2900035
-1320720
  102222
 1191330
 1835378
 2000673
 1725289
 1099393
  246299
 -693568
-1573559
-2252234
-2615675
-2596149
-2181476
-1415003
 -390493
  756645
 1866599
 2782655
 3381804
 3594416
 3410935
 2875423
 2069602
 1101530
   91990
 -835830
-1569649
-2023979
-2152839
-1957580
-1483102
 -813488
  -62094
  645811
 1192356
 1490478
 1496852
 1213950
  684470
  -19203
 -806482
-1577148
-2232581
-2689114
-2889010
-2808808
-2462452
-1900218
-1202059
 -466468
  203720
  718254
 1014255
 1064422
  877817
  494841
  -21404
 -594041
-1141716
-1587315
-1868298
-1945263
-1807755
-1475709
 -997295
 -442110
  108537
  573995
  887675
 1007332
  920277
  642592
  214238
 -307756
 -856295
-1362571
-1764281
-2013569
-2083526
-1971856
-1701137
-1315987
 -876340
 -449060
  -96935
  131125
  206669
  125172
  -95752
 -420240
 -798768
-1175683
-1495833
-1711385
-1788464
-1711737
-1486583
-1138581
 -709764
 -252288
  177995
  528523
  759219
  848197
  795526
  619887
  357673
   52814
 -248619
 -501028
 -668347
 -726712
 -667278
 -497927
 -242271
   63645
  374642
  642497
  825907
  897281
  844749
  673514
  403703
   66975
 -297307
 -647636
 -945862
-1161430
-1275421
-1283006
-1194395
-1032976
 -831589
 -628334
 -459990
 -356738
 -338159
 -410313
 -565603
 -784696
-1039508
-1297060
-1523948
-1690660
-1775569
-1767237
-1666688
-1487031
-1251207
 -989072
 -732995
 -513298
 -353657
 -268235
 -260030
 -320616
 -432551
 -571965
 -711658
 -825214
 -890395
 -891885
 -823286
 -688555
 -501453
 -283169
  -59323
  143870
  303019
  400578
  428021
  386113
  284397
  139831
  -26071
 -189689
 -329218
 -427852
 -473966
 -464287
 -403543
 -303708
 -182805
  -61442
   39793
  102624
  115091
   71893
  -23784
 -161762
 -326520
 -499954
 -663276
 -797877
 -889980
 -931984
 -922781
 -868146
 -780389
 -676105
 -573100
 -488603
 -436239
 -424543
 -455852
 -526297
 -626651
 -743369
 -860680
 -963174
-1036945
-1071739
-1063005
-1012387
 -926623
 -818052
 -701849
 -593030
 -504557
 -446224
 -423345
 -436388
 -480631
 -546657
 -622763
 -696014
 -754109
 -787537
 -790098
 -760089
 -699437
 -614909
 -516354
 -414676
 -321529
 -247560
 -200377
 -183490
 -196337
 -234325
 -289773
 -352797
 -413029
 -460463
 -487187
 -489012
 -464925
 -417536
 -353127
 -280260
 -208427
 -147369
 -105515
  -88622
  -98852
 -134811
 -191646
 -262058
 -336599
 -405894
 -462083
 -499535
 -515321
 -509768
 -486316
 -450944
 -411244
 -375330
 -350769
 -343419
 -356548
 -390666
 -443245
 -509258
 -581893
 -653610
 -717031
 -765782
 -795729
 -805361
 -795566
 -769715
 -733438
 -693439
 -656572
 -628783
 -614773
 -616983
 -633519
 -662061
 -698313
 -736230
 -769573
 -792879
 -802132
 -794837
 -770542
 -731197
 -680385
 -622772
 -564105
 -510335
 -466213
 -434738
 -417174
 -412795
 -419125
 -432489
 -448076
 -460886
 -466739
 -462674
 -447162
 -420134
 -383381
 -340084
 -295486
 -255325
 -222738
 -200634
 -191345
 -196199
 -213245
 -241304
 -278978
 -316318
 -345202
 -362474
 -367931
 -362689
 -349600
 -332433
 -315074
 -301566
 -296405
 -303431
 -324233
 -358478
 -403167
 -454645
 -508625
 -560222
 -605039
 -639602
 -661844
 -671891
 -670993
 -662080
 -648644
 -634493
 -623272
 -617201
 -617208
 -625810
 -643897
 -670565
 -707197
 -751917
 -781952
 -789678
 -780049
 -757321
 -727579
 -695479
 -663911
 -636477
 -615658
 -602845
 -596667
 -595650
 -596529
 -595944
 -591827
 -582518
 -566271
 -542885
 -513771
 -481007
 -444640
 -404849
 -367870
 -338138
 -316759
 -304535
 -301493
 -306337
 -316757
 -329982
 -343075
 -353335
 -358819
 -358673
 -352771
 -342056
 -328572
 -314558
 -302732
 -295836
 -295701
 -303361
 -318825
 -340867
 -367960
 -397651
 -427604
 -456137
 -481224
 -502342
 -518515
 -528688
 -532391
 -531167
 -527259
 -523096
 -520872
 -522419
 -529012
 -541013
 -558108
 -579111
 -601831
 -624090
 -643664
 -658624
 -667591
 -669853
 -665773
 -656329
 -643052
 -627712
 -612362
 -598866
 -588543
 -582201
 -580182
 -582523
 -588639
 -595835
 -601929
 -605244
 -603826
 -596398
 -582830
 -564157
 -541958
 -519029
 -499891
 -485030
 -471702
 -459109
 -448984
 -442394
 -439220
 -438570
 -439003
 -439340
 -438794
 -436537
 -432240
 -425392
 -416414
 -406233
 -395462
 -385046
 -376393
 -370383
 -367563
 -368317
 -372603
 -379828
 -389098
 -360832
 -107372
    -363
     -15
     -14
     -13
     -13
     -19
     -19
     -17
     -15
     -17
     -18
     -16
     -14
     -14
     -16
     -16
     -16
     -16
     -16
     -19
     -20
  -83231
 -476480
 -591922
 -590696
 -588738
 -586304
 -585432
 -585961
 -587024
 -592424
 -601044
 -610068
 -618313
 -624942
 -628425
 -627845
 -622302
 -611559
 -596443
 -578352
 -558892
 -539866
 -522512
 -507776
 -496388
 -488501
 -483502
 -480537
 -478863
 -477556
 -475299
 -470982
 -464363
 -455144
 -443136
 -429516
 -415973
 -403239
 -391736
 -382176
 -375424
 -372087
 -372378
 -375798
 -381727
 -389763
 -399228
 -408885
 -417753
 -425187
 -430740
 -434285
 -436265
 -437592
 -439065
 -441485
 -445616
 -451727
 -459681
 -470514
 -484581
 -499579
 -514296
 -528157
 -540476
 -550425
 -542852
 -528979
 -561067
 -564136
 -564402
 -565074
 -566664
 -569151
 -573401
 -578634
 -583552
 -587801
 -591282
 -592156
 -589161
 -593925
 -593166
 -589039
 -582511
 -564381
 -528261
 -509248
 -493171
 -477196
 -462045
 -448388
 -440180
 -458049
 -434497
 -418118
 -399677
 -390223
 -378641
 -364383
 -347683
 -328895
 -308496
 -288107
 -269149
 -252689
 -239461
 -229742
 -223451
 -220209
 -219313
 -219939
 -221263
 -222731
 -223647
 -223645
 -222732
 -221246
 -219753
 -218922
 -219542
 -222224
 -227467
 -235562
 -246353
 -259529
 -274726
 -291171
 -308154
 -325032
 -341162
 -356043
 -369426
 -381297
 -391827
 -401444
 -410508
 -419316
 -428244
 -437827
 -448378
 -459754
 -471394
 -482899
 -494216
 -506260
 -542889
 -572973
 -576752
 -577063
 -575132
 -571587
 -566812
 -561403
 -555890
 -550837
 -546590
 -543468
 -541584
 -540783
 -540562
 -540269
 -539556
 -537800
 -534652
 -530103
 -524342
 -517350
 -509341
 -500833
 -492263
 -484025
 -476796
 -470892
 -466373
 -463247
