  129408
  140989
  156991
  176778
  199650
  224678
  250817
  276976
  302289
  326140
  348490
  369341
  388875
  407643
  426430
  445907
  466603
  488797
  512582
  537887
  564141
  589753
  613611
  635060
  653383
  668117
  679024
  686133
  689677
  690184
  688308
  684708
  679976
  674610
  668834
  662727
  656225
  649022
  640644
  630648
  618502
  603827
  586507
  566527
  544242
  520001
  494379
  468109
  441942
  416538
  392412
  369991
  349499
  330875
  313968
  298452
  283921
  269968
  256366
  242998
  230009
  217786
  206446
  196268
  187856
  181698
  178196
  177692
  180310
  186009
  194350
  204911
  217139
  230551
  244675
  259001
  273303
  287533
  301832
  316272
  330996
  346413
  363159
  381066
  400012
  419909
  440551
  461632
  482629
  503041
  522443
  540233
  556170
  570067
  581931
  591863
  599989
  606588
  611929
  616236
  619689
  622404
  624346
  625365
  625300
  623888
  620765
  615807
  608955
  600076
  589288
  576787
  562724
  547473
  531404
  514889
  498262
  481655
  465171
  448926
  432921
  417119
  401566
  386346
  371305
  356317
  341594
  327275
  313406
  300265
  288086
  276997
  267224
  258980
  252543
  248290
  246209
  245760
  246465
  248249
  251216
  255585
  261068
  267289
  274214
  281861
  290283
  299627
  309902
  321177
  333422
  346594
  360545
  375133
  390149
  405403
  420646
  435614
  450139
  464162
  477532
  490178
  501979
  512945
  523115
  532550
  541221
  549176
  556385
  562936
  568735
  573650
  577606
  580401
  581916
  582103
  580846
  578040
  573710
  567977
  561125
  553240
  544449
  534864
  524726
  514250
  503509
  492465
  481142
  469560
  457706
  445628
  433300
  420745
  408186
  395860
  383811
  371762
  359796
  349574
  341296
  333543
  326029
  318884
  312293
  306566
  301675
  297638
  294588
  292643
  291840
  292051
  293239
  295455
  298757
  303077
  308369
  314662
  321947
  330034
  338885
  348367
  358302
  368559
  379117
  389889
  400793
  411730
  422644
  433511
  444341
  454924
  465233
  475266
  484997
  494342
  503266
  511673
  519532
  526765
  533287
  538886
  543458
  547049
  549598
  551008
  551298
  550607
  548959
  546376
  542972
  538731
  533709
  527966
  521522
  514416
  506655
  498269
  489319
  479825
  469821
  459529
  449164
  438726
  428356
  418106
  408018
  398197
  388790
  379881
  371498
  363523
  356020
  349093
  342881
  337417
  332622
  328513
  325204
  322726
  321167
  320535
  320782
  321899
  323872
  326617
  330191
  334488
  339527
  345228
  351516
  358283
  365423
  372959
  380911
  389176
  397666
  406364
  415310
  424324
  433316
  442257
  451001
  459404
  467416
  474994
  482150
  488718
  494632
  500092
  505164
  509765
  513745
  516961
  519499
  521418
  522646
  523182
  523062
  522265
  520766
  518546
  515659
  512114
  507801
  502846
  497373
  491406
  484958
  478046
  470942
  463808
  456635
  449577
  442492
  435287
  427966
  420554
  413187
  405865
  398681
  391721
  385069
  378879
  373293
  368343
  364086
  360519
  357450
  354899
  353023
  351829
  351280
  351291
  351874
  353054
  354794
  357090
  359904
  363147
  366884
  371125
  375726
  380617
  385871
  391494
  397424
  403576
  409890
  416403
  423019
  429631
  436188
  442645
  448828
  454753
  460505
  466045
  471349
  476313
  480840
  485107
  489107
  492781
  496109
  499038
  501552
  503814
  505337
  506047
  505904
  504926
  503262
  501192
  498602
  495492
  491842
  487833
  483721
  479463
  474968
  470179
  465171
  459987
  454688
  449394
  443818
  437949
  431972
  425980
  420009
  414071
  408284
  402766
  397607
  392809
  388372
  384370
  380808
  377625
  374926
  372712
  370946
  369711
  368994
  368727
  368859
  369429
  370385
  371719
  373591
  375985
  378959
  382559
  386669
  391120
  395965
  401165
  406461
  411870
  417333
  422772
  428113
  433330
  438625
  443948
  449159
  454152
  458978
  463665
  468161
  472439
  476448
  480154
  483521
  486425
  488875
  490842
  492275
  493137
  493502
  493314
  492603
  491447
  489773
  487622
  485097
  482253
  479153
  475837
  472237
  468321
  464163
  459712
  455113
  450450
  445831
  441394
  436970
  432176
  427346
  422753
  418452
  414432
  410659
  407124
  403785
  400617
  397709
  395080
  392758
  390822
  389259
  387914
  386728
  385896
  385563
  385990
  386930
  388155
  389656
  391372
  393339
  395529
  397967
  400650
  403584
  406779
  410186
  413917
  417826
  421820
  425938
  430078
  434107
  438061
  441996
  445896
  449720
  453461
  457052
  460421
  463568
  466496
  469133
  471403
  473386
  475122
  476523
  477624
  478457
  478931
  479051
  478954
  478535
  477742
  476715
  475346
  473593
  471471
  469020
  466254
  463294
  460220
  457028
  453768
  450486
  447206
  443895
  440442
  436856
  433253
  429650
  426109
  422726
  419610
  416829
  414316
  411922
  409752
  407848
  406185
  404787
  403568
  402459
  401579
  400979
  400695
  400727
  401082
  401723
  402521
  403492
  404736
  406366
  408350
  410588
  412959
  415355
  417793
  420239
  422783
  425519
  428509
  431663
  434886
  438150
  441352
  444471
  447498
  450412
  453273
  455915
  458247
  460377
  462273
  463882
  465224
  466310
  467241
  468007
  468426
  468669
  468842
  468938
  468991
  468958
  468769
  468322
  467576
  466486
  465020
  463235
  461188
  458849
  456390
  453859
  451301
  448837
  446403
  443618
  440757
  438097
  435724
  433520
  431351
  429208
  427083
  425096
  423068
  420994
  419083
  417351
  415794
  414370
  413074
  412062
  411332
  410800
  410498
  410429
  410612
  411079
  411776
  412657
  413793
  414988
  416283
  417700
  419274
  421052
  423055
  425233
  427548
  429952
  432378
  434869
  437390
  439919
  442497
  444991
  447262
  449382
  451388
  453177
  454833
  456480
  458171
  459797
  461345
  462786
  463989
  464905
  465647
  466248
  466658
  466858
  466844
  466672
  466249
  465567
  464649
  463480
  462054
  460377
  458461
  456510
  454583
  452728
  450877
  449026
  447158
  445283
  443413
  441473
  439515
  437478
  435428
  433369
  431323
  429266
  427144
  425107
  423236
  421507
  419958
  418567
  417445
  416718
  416315
  416178
  416242
  416300
  416584
  417308
  418178
  419203
  420351
  421565
  422837
  424143
  425422
  426707
  428123
  429596
  431193
  433045
  434919
  436640
  438462
  440567
  442751
  445582
  449675
  453517
  456419
  458431
  459555
  460026
  460115
  459962
  459767
  459616
  459684
  459950
  460308
  460679
  461089
  461441
  461595
  461506
  461147
  460460
  459417
  458064
  456337
  454287
  452139
  450050
  448130
  446184
  444258
  442402
  440563
  439438
  439133
  438851
  438240
  437275
  435867
  434122
  432255
  430444
  428728
  427150
  425872
  425039
  424725
  424830
  425308
  426119
  427123
  428225
  429333
  430182
  430750
  431117
  431213
  431129
  430803
  430011
  429535
  429682
  430447
  431852
  433816
  436208
  438792
  441409
  443974
  446284
  448099
  449364
  450169
  450651
  450868
  450785
  450233
  449633
  449577
  450041
  450889
  451849
  452977
  454171
  455350
  456243
  456691
  459304
  465613
  471023
  473842
  474381
  473049
  470246
  466390
  461928
  457379
  453290
  449975
  447662
  446313
  445682
  445531
  445596
  445602
  445321
  444544
  443146
  441023
  438374
  435504
  432664
  430107
  428034
  426479
  425432
  424879
  424713
  424804
  425072
  425351
  425425
  424941
  423702
  422442
  421545
  421052
  421022
  421521
  422671
  424425
  426915
  430101
  433727
  437390
  440957
  444268
  446990
  448972
  450149
  450681
  450827
  450839
  451200
  452416
  453735
  454735
  455320
  455453
  456646
  460182
  463601
  466046
  467398
  467776
  467301
  466019
  464134
  461885
  459527
  457644
  457554
  458208
  458374
  458107
  457414
  456246
  454847
  453318
  451416
  449147
  446684
  444230
  441876
  439654
  437744
  436309
  434868
  433485
  432706
  433423
  435131
  436651
  437770
  438575
  438973
  438651
  437732
  436512
  435123
  433654
  432222
  431000
  430240
  430023
  430312
  431007
  431997
  433165
  434390
  435607
  436747
  437861
  438786
  439376
  439805
  440101
  440480
  440998
  441640
  442420
  443372
  444577
  446740
  449471
  451768
  453285
  454010
  454055
  453866
  453762
  453549
  453161
  452404
  451730
  451405
  451968
  453163
  454490
  455879
  457314
  458456
  459134
  459235
  458703
  457649
  456312
  454812
  453282
  451951
  450803
  449809
  448912
  448118
  447451
  446886
  446305
  445787
  445344
  444977
  444430
  443519
  442333
  441032
  439730
  438661
  437883
  437325
  437004
  436962
  437166
  437561
  437868
  437968
  438035
  438020
  437894
  437618
  437247
  436849
  436487
  436219
  436179
  436354
  436875
  437644
  438573
  439766
  441152
  442569
  444071
  445557
  446890
  447991
  448864
  449926
  451433
  452407
  452715
  452765
  452612
  452435
  452306
  452259
  452447
  452860
  453293
  454148
  455419
  456442
  457070
  457476
  457628
  457640
  457531
  457230
  456807
  456235
  455529
  454851
  454425
  454124
  453816
  453461
  453073
  452735
  452160
  451347
  450487
  449606
  448614
  448166
  449037
  450127
  450415
  449888
  448875
  447670
  446367
  444553
  442359
  440584
  439428
  438964
  439169
  439620
  440096
  440397
  440460
  440319
  440069
  439718
  439313
  438821
  438405
  438165
  438281
  438647
  438697
  438951
  440138
  441795
  443436
  444969
  446320
  447497
  448294
  448677
  448812
  448785
  448721
  448679
  448722
  449076
  449796
  450807
  452059
  453466
  455008
  457033
  458835
  459983
  460455
  460349
  459794
  459148
  458174
  456587
  454988
  453698
  452851
  452476
  452567
  452904
  453426
  454054
  454585
  454734
  454371
  453600
  452412
  450808
  448953
  446913
  444477
  442220
  440627
  439621
  439177
  439351
  439987
  440827
  441647
  442406
  442932
  442915
  442421
  441688
  441401
  442122
  443109
  443801
  444110
  444113
  444145
  444409
  444852
  444964
  444781
  443953
  442025
  438867
  434973
  429186
  423196
  419845
  420726
  423107
  424741
  426226
  428210
  431445
  436549
  442487
  447541
  451500
  455925
  460350
  462203
  458250
  450275
  439386
  426420
  417711
  433303
  464046
  488462
  501870
  501705
  490923
  474735
  458009
  442933
  430689
  422283
  418390
  418562
  422062
  428198
  436164
  444804
  453050
  459819
  464089
  465469
  464103
  460252
  454697
  448241
  441917
  436601
  433156
  432051
  432980
  435293
  438746
  442835
  447165
  451010
  453897
  456698
  459902
  461668
  460041
  457049
  456380
  456865
  453982
  449052
  444669
  443385
  445343
  449721
  455170
  460869
  464886
  465958
  466094
  465840
  464901
  461266
  454076
  445035
  435951
  428143
  422539
  419785
  420119
  423192
  428221
  434482
  441206
  447430
  452302
  455447
  456624
  455720
  453148
  449649
  445924
  442651
  440549
  439978
  441120
  444010
  448371
  453707
  459368
  464715
  469201
  472229
  473590
  473161
  471036
  467676
  463717
  459741
  456278
  453851
  452846
  453304
  454983
  457553
  460629
  463625
  465906
  466980
  466562
  464543
  460998
  456254
  450761
  444983
  439617
  435262
  432251
  430828
  431015
  432384
  434793
  439060
  447508
  468650
  510864
  584986
  672205
  736912
  759555
  736848
  680391
  604127
  524553
  457201
  408731
  375890
  362153
  366938
  383564
  408995
  436330
  461084
  478751
  485963
  482214
  467402
  443758
  413210
  381573
  351203
  328591
  314382
  309497
  312193
  321838
  335050
  351745
  367339
  378955
  383833
  382051
  374137
  362445
  350075
  339523
  333793
  335638
  346462
  366582
  395080
  429884
  467984
  505982
  540256
  567636
  585727
  593196
  589619
  576125
  555197
  529932
  503709
  479946
  461575
  450622
  447800
  453120
  465299
  482262
  501300
  519064
  532772
  540347
  540570
  533172
  519007
  499554
  476939
  453576
  431953
  414307
  402239
  396596
  397249
  403210
  412940
  424260
  434930
  443188
  447637
  447709
  443482
  435466
  425050
  414200
  404818
  398657
  396953
  400354
  408757
  421344
  436780
  453246
  468822
  481741
  490485
  494377
  493241
  487379
  478060
  469397
  467908
  486326
  545160
  638495
  714514
  735871
  718732
  680252
  634324
  618026
  628128
  633361
  626590
  610066
  587629
  559656
  523838
  479559
  439164
  408774
  386234
  355760
  322454
  295705
  272725
  335187
  432243
  507233
  553702
  570801
  560395
  527208
  477625
  419218
  359771
  305988
  263364
  235526
  223052
  225490
  241033
  266384
  297557
  330367
  361145
  387040
  406357
  418739
  425021
  426978
  426881
  427286
  430244
  436988
  447968
  462526
  479219
  495960
  510474
  520896
  525828
  524277
  515657
  500349
  478835
  451353
  422224
  396159
  372922
  346678
  320461
  283266
  223042
  155048
  143324
  177904
  248095
  427729
  704890
  954252
 1129543
 1215334
 1216834
 1146497
 1026690
  883601
  736596
  601641
  493351
  421637
  390077
  396158
  432400
  487959
  550186
  606336
  645298
