  -94087
 -143210
 -172699
 -182794
 -173695
 -145224
  -99284
  -39375
   30745
  105970
  180394
  249509
  309169
  355267
  385401
  397764
  392116
  370561
  334871
  287339
  232380
  174561
  118195
   68469
   29540
    4264
   -4362
    5171
   32519
   76960
  136429
  207006
  284916
  365652
  443737
  515267
  575958
  621328
  648871
  656922
  643769
  609842
  557391
  488617
  407356
  318469
  226765
  137158
   54105
  -19353
  -84241
 -145065
 -190416
 -211023
 -205438
 -175923
 -125175
  -57406
   20788
  103840
  186129
  261455
  325178
  373782
  404324
  415858
  409018
  385069
  347103
  298643
  243148
  185472
  130580
   82327
   44808
   21416
   14051
   24100
   51518
   94753
  151887
  219592
  293526
  369855
  444447
  512351
  569982
  613518
  639954
  648153
  637058
  606200
  557499
  493208
  416190
  331054
  241794
  152265
   67688
   -7835
  -70999
 -117990
 -146874
 -157059
 -147920
 -121079
  -78873
  -23669
   40279
  108301
  176676
  240842
  296326
  340325
  370372
  384790
  383757
  367673
  337927
  298129
  251408
  201066
  152081
  108563
   73541
   50522
   42090
   49103
   72127
  110078
  160647
  221688
  289512
  359754
  429153
  493099
  547208
  588546
  614047
  621341
  610328
  581093
  534315
  472448
  398441
  315995
  229981
  144759
   64361
   -6390
  -63985
 -105998
 -130128
 -135917
 -123936
  -95082
  -51997
    1596
   62576
  127074
  190567
  249428
  300251
  339621
  365785
  377778
  375191
  359419
  332103
  295057
  251926
  206968
  163153
  124234
   94185
   75042
   69074
   77495
  100074
  136038
  183634
  240114
  302306
  366992
  429861
  486816
  534878
  570591
  591213
  595563
  582764
  552863
  507505
  448725
  378763
  301832
  222139
  143739
   70720
    6761
  -45701
  -83789
 -105272
 -110268
  -99090
  -72529
  -33052
   16491
   72986
  132484
  191150
  245849
  293153
  330068
  355195
  367053
  365550
  352145
  328364
  296260
  259143
  219824
  181167
  147189
  121077
  104594
   99867
  108238
  129268
  162262
  205698
  256724
  313035
  371530
  427899
  478603
  520751
  551173
  567745
  569417
  555118
  524689
  480263
  423831
  357949
  286193
  212067
  139191
   71805
   12936
  -34641
  -68128
  -86569
  -89657
  -77405
  -51192
  -13609
   33224
   86322
  141524
  195819
  245858
  288463
  321750
  343966
  353969
  352103
  339165
  316221
  286055
  251523
  214981
  179534
  148996
  125919
  112664
  110858
  120875
  142659
  175678
  217683
  266413
  319439
  373361
  424831
  471241
  509041
  535435
  549184
  548761
  533216
  503653
  460960
  406935
  344921
  277826
  208706
  141541
   79728
   26059
  -16088
  -45074
  -60576
  -61821
  -49007
  -23757
   12367
   56542
  105269
  156046
  205882
  251233
  289766
  319943
  339818
  349095
  348205
  337048
  316898
  290713
  260634
  229099
  199476
  174022
  154808
  144565
  144091
  153759
  174066
  203918
  241556
  285309
  332674
  380391
  425901
  466742
  499544
  522067
  532693
  529763
  513585
  484870
  443961
  392950
  334549
  271269
  206693
  144328
   86907
   37336
   -1510
  -28213
  -41814
  -41836
  -29037
   -4611
   30004
   71998
  118354
  166631
  213405
  255824
  292356
  320657
  338770
  346787
  345075
  333948
  315039
  290412
  261994
  232822
  205754
  182572
  166216
  158362
  159332
  169980
  190303
  218852
  254399
  295585
  339327
  383016
  424551
  460525
  488774
  507726
  515166
  510239
  493432
  464605
  424803
  376680
  322143
  263537
  204581
  147677
   95310
   50662
   15550
   -8446
  -19837
  -18846
   -6086
   17507
   49829
   88382
  131471
  176139
  219170
  258956
  293123
  319177
  336566
  344796
  343195
  333137
  316199
  293670
  268007
  241444
  215986
  194668
  178998
  170333
  170660
  180061
  198194
  224933
  258480
  296593
  337447
  378242
  416232
  449465
  475193
  491289
  496916
  490894
  472801
  444217
  406151
  360001
  308740
  254509
  199418
  146806
   99122
   58017
   26061
    4859
   -5498
   -4207
    8264
   30262
   60564
   97046
  137294
  179618
  220856
  258546
  291297
  316556
  333142
  341076
  339768
  330050
  313752
  292139
  267365
  242319
  218806
  199465
  186656
  180770
  182914
  193834
  212803
  239175
  271204
  306322
  343159
  379440
  412466
  440701
  462019
  474095
  476783
  469384
  451175
  423537
  387487
  343835
  295202
  243823
  191977
  142997
   98770
   61041
   32513
   13814
    5475
    8193
   20860
   42582
   72524
  107949
  146697
  187017
  225816
  261088
  291140
  313795
  328487
  335282
  333461
  323953
  308753
  288629
  265628
  242924
  222025
  205065
  194152
  189784
  192844
  204245
  222990
  248093
  278385
  311471
  345416
  378756
  408768
  433609
  451891
  461645
  462083
  453139
  434279
  406419
  371193
  329573
  283481
  235704
  188130
  143162
  103387
   70404
   45839
   30997
   25698
   30008
   44010
   65965
   94366
  127904
  163771
  199845
  235073
  266849
  293097
  313345
  326434
  331902
  330681
  323369
  310818
  295151
  277790
  260377
  245187
  233236
  225577
  223651
  227481
  236911
  252094
  271852
  295333
  321920
  349753
  376599
  401464
  422211
  436680
  444525
  444497
  435368
  417854
  391895
  358224
  318779
  275120
  229150
  183941
  141538
  103904
   73925
   52718
   40572
   38346
   45495
   61155
   84310
  112968
  144856
  178218
  211224
  241539
  268141
  290017
  305921
  315602
  319239
  316573
  309033
  297966
  283835
  268558
  254083
  241140
  231616
  227111
  227915
  234462
  246791
  263914
  285743
  311268
  338548
  366437
  392740
  414686
  431301
  441163
  442719
  435991
  421500
  398762
  368845
  333717
  294272
  252608
  210860
  170514
  133775
  102313
   77053
   59338
   49799
   48385
   55847
   71104
   92065
  117821
  146762
  176791
  206910
  235531
  260423
  281087
  296495
  305678
  309132
  307062
  299696
  288654
  275200
  260371
  246478
  234694
  226008
  222221
  223598
  230490
  243413
  261535
  283737
  309109
  335754
  361770
  386068
  406733
  421696
  430141
  431284
  424454
  410069
  388637
  360607
  327269
  289765
  250034
  210561
  172735
  138036
  108665
   85690
   70017
   62727
   63542
   71995
   87819
  109382
  135170
  164271
  194310
  223333
  250637
  274365
  293227
  307028
  314608
  315939
  312268
  304025
  292354
  279167
  265314
  251917
  241049
  233829
  230994
  233138
  240005
  252007
  269439
  291007
  315158
  340835
  365338
  386698
  404228
  416568
  422360
  421603
  413409
  397664
  376122
  348617
  316107
  280771
  243721
  206451
  171314
  139425
  112235
   91821
   78207
   71551
   72657
   80705
   95841
  117579
  142813
  170104
  198748
  226372
  251741
  274452
  292564
  305209
  312630
  314335
  311206
  304319
  293510
  280575
  267580
  255022
  244328
  237068
  234011
  235971
  242451
  253366
  268979
  289986
  313131
  335721
  357400
  376459
  391875
  402694
  407329
  405602
  397454
  382315
  361124
  334807
  303749
  269912
  234814
  199733
  166907
  137793
  113120
   94631
   83394
   79129
   82015
   91835
  107419
  128117
  152655
  179243
  206561
  232890
  256305
  276308
  291993
  302385
  308168
  309441
  306098
  299651
  290894
  280137
  269132
  259283
  251721
  247708
  247215
  250151
  257120
  267891
  282241
  299940
  319049
  337666
  355488
  371314
  383617
  391865
  394912
  391928
  383112
  368298
  347749
  322567
  293577
  262019
  230218
  199230
  169926
  144044
  122120
  104987
   94388
   90079
   91704
   99746
  113362
  131603
  153901
  178529
  203893
  229180
  252656
  272835
  289365
  301370
  308291
  310682
  308541
  302721
  295024
  285922
  276029
  267365
  260663
  256580
  256186
  259784
  267137
  278510
  293122
  309677
  327709
  345655
  362258
  376848
  388138
  394533
  395782
  391552
  381528
  366217
  345645
  320391
  292023
  261637
  230713
  202509
  177712
  155127
  136082
  121566
  111644
  107611
  109712
  117223
  129962
  147275
  167818
  190916
  215435
  239608
  262033
  281619
  296900
  307497
  313213
  313743
  310214
  303079
  293310
  282986
  273195
  265222
  260060
  258400
  260291
  265489
  274362
  286314
  299968
  315201
  331343
  346883
  361209
  373468
  382310
  387240
  387708
  382874
  373325
  359303
  340485
  317587
  292016
  264468
  236260
  208934
  183207
  160771
  143013
  130131
  122608
  120956
  124848
  133958
  147881
  164922
  184479
  205983
  227240
  247359
  266003
  281767
  294271
  303586
  308674
  309948
  308326
  303712
  297412
  290665
  283494
  276864
  271792
  268914
  268853
  272164
  278476
  287718
  299959
  313914
  328803
  344071
  358197
  370069
  378982
  383812
  383984
  379615
  370292
  356047
  337829
  316108
  291364
  265563
  239780
  214585
  191727
  172257
  156259
  144678
  138033
  135696
  138238
  145963
  158078
  173674
  192031
  211862
  232158
  252124
  270298
  285483
  297550
  306090
  310213
  311054
  309306
  304933
  298763
  291973
  284683
  278311
  274139
  272059
  272612
  276210
  282324
  290873
  301904
  314178
  326982
  339968
  351484
  360772
  367782
  371061
  370442
  366082
  357202
  344519
  328818
  309954
  288761
  266195
  242986
  220678
  200426
  182501
  168073
  158182
  152544
  151612
  155510
  163437
  175065
  189985
  206697
  224679
  243479
  261375
  277659
  291861
  302882
  310688
  315700
  317541
  316535
  313413
  308608
  303129
  297711
  292426
  288182
  285975
  285719
  287834
  293055
  300500
  309490
  320266
  331720
  342770
  353123
  361259
  366429
  368819
  367563
  362207
  353311
  340699
  324594
  306226
  286113
  264920
  243939
  223838
  205065
  189123
  176653
  167506
  162754
  162552
  166512
  174584
  186311
  200404
  216487
  233681
  250858
  267569
  282787
  295627
  306235
  314357
  319401
  321845
  321810
  319276
  315337
  310659
  305191
  300298
  296730
  294264
  293962
  295980
  299804
  305807
  313659
  322345
  331657
  341288
  349967
  357297
  362494
  364410
  362703
  357709
  348825
  336598
  321413
  303500
  284018
  264025
  244024
  225088
  208444
  194204
  183013
  175689
  171745
  171259
  175354
  183207
  193960
  207604
  222890
  238669
  254881
  270629
  284890
  297357
  307502
  314660
  319213
  321327
  320840
  318606
  315177
  310694
  305945
  301856
  298817
  297474
  298071
  300422
  304620
  311031
  318804
  327539
  336953
  345481
  352840
  359108
  363040
  363824
  361435
  355553
  345954
  333653
  318776
  301414
  282831
  263563
  244098
  226111
  210310
  196729
  186512
  180057
  177045
  177960
  182660
  190244
  200920
  213983
  227898
  242693
  257920
  272259
  285434
  297209
  306557
  313659
  318866
  321538
  321904
  320617
  317520
  313194
  308671
  304167
  300179
  297690
  296732
  297778
  301312
  306875
  313946
  322664
  331828
  340453
  348227
  354268
  357796
  358712
  356379
  350567
  341821
  329942
  315072
  298466
  280476
  261722
  243468
  226414
  211183
  198971
  189840
  183910
  181786
  183271
  187806
  195693
  206410
  218797
  232560
  247044
  261116
  274563
  286974
  297210
  305484
  311586
  315092
  316381
  315980
  313832
  310632
  306911
  302696
  299114
  297123
  296401
  296892
  299534
  303730
  309145
  316058
  323429
  330701
  337832
  343723
  347690
  350027
  350019
  346923
  340953
  331974
  320259
  306875
  291931
  275736
  259458
  243492
  228464
  215383
  204336
  195696
  190443
  188620
  189774
  194295
  201630
  211174
  222777
  235777
  249253
  263086
  276276
  287732
  297663
  305558
  310793
  314196
  315768
  314957
  312697
  309710
  306092
  302338
  299484
  297350
  296534
  297478
  299907
  303811
  309245
  315578
  322354
  329248
  335476
  340609
  344283
  345419
  344025
  340484
  334196
  325085
  314058
  301111
  286669
  271611
  256272
  241334
  227851
  215862
  205827
  198540
  194029
  192298
  193978
  198601
  205722
  215149
  226191
  238299
  251058
  263927
  276071
  287353
  297256
  304823
  310580
  314366
  315542
  315149
  313937
  311350
  307927
  305056
  302411
  300355
  299707
  300164
  301906
  305402
  309946
  315419
  321544
  327399
  333234
  338549
  341501
  341710
  339814
  335581
  328396
  319225
  308016
  295091
  281615
  267512
  253114
  239312
  226408
  214749
  205484
  198668
  194152
  192794
  194283
  198190
  204949
  214085
  224790
  236878
  249452
  261750
  273735
  284660
  293595
  300921
  306524
  309689
  311022
  310609
  308316
  305530
  302887
  299955
  297290
  295736
  295322
  296020
  298159
  301800
  306959
  313075
  319473
  325867
  331676
  335984
  338421
  339313
  338156
  334290
  328117
  319625
  308854
  296596
  283255
  269074
  255058
  241482
  228794
  218282
  210191
  204545
  201934
  202373
  205521
  211550
  219778
  229434
  240436
  251929
  263038
  273848
  283739
  291723
  298187
  303164
  306056
  307298
  307553
  306318
  303996
  301377
  298680
  296455
  294998
  294308
  294745
  296618
  299535
  303422
  307832
  311830
  315540
  319152
  321932
  323279
  323748
  323161
  320733
  316849
  311705
  304702
  296353
  286540
  275122
  262947
  250439
  237916
  226507
  216954
  209246
  204103
  202123
  202622
  205926
  212396
  220937
  231034
  242484
  254043
  265473
  276482
  285872
  293753
  300355
  305077
  307931
  309726
  310374
  309601
  308196
  306734
  305420
  304465
  303813
  303366
  304098
  305797
  307758
  310628
  314076
  317275
  320505
  323601
  325903
  327362
  327721
  326643
  325271
  322655
  317058
  309103
  299639
  288416
  275989
  263097
  250156
  237744
  226349
  216306
  207425
  200121
  195548
  197934
  210364
  229901
  248680
  272488
  315017
  353860
  370657
  370011
  358742
  346603
  339566
  329805
  314373
  299022
  286325
  276870
  266140
  250356
  236924
  234656
  241021
  252923
  266979
  281382
  296500
  311205
  324013
  334647
  342586
  346623
  347777
  346354
  341933
  335078
  325650
  313826
  300452
  285825
  269847
  253419
  237156
  220903
  205302
  183957
  157334
  139801
  126109
  118198
  131164
  162673
  188262
  191607
  183112
  173752
  150123
  123876
  136483
  142813
  133076
  138515
  173194
  215789
  262512
  312100
  356355
  387682
  407681
  415177
  411388
  397825
  376864
  350870
  321761
  296012
  274386
  259888
  252902
  253048
  260274
  272863
  289149
  307311
  324722
  338941
  348870
  354330
  354965
  351354
  343847
  332158
  318080
  304290
  291535
  280340
  272342
  266651
  264338
  264642
  265374
  265838
  265363
  262695
  258041
  250802
  240689
  229690
  219147
  209930
  203621
  201431
  203253
  210338
  222265
  237203
  254461
  273048
  291871
  310392
  327222
  340540
  349972
  355016
  354281
  349069
  338439
  312864
  268160
  225981
  194219
  174678
  164295
  159919
  167453
  188583
  218641
  258170
  314686
  372921
  408930
  432450
  437858
  425673
  404176
  372313
  334251
  292842
  256085
  228392
  212465
  206538
  207801
  215545
  228308
  245105
  263794
  282917
  301636
  318793
  334286
  349444
  362924
  375502
  386839
  396744
  406486
  416569
  425312
  432678
  439123
  443119
  444523
  442842
  436799
  425588
  409295
  388363
  365173
  341592
  318842
  298893
  283964
  274715
  272501
  277695
  288939
  304438
  322678
  342087
  361447
  379021
  392340
  400084
  401211
  395036
  382759
  365029
  341590
  312964
  282325
  251713
  223510
  200149
  183022
  173604
  173602
  182281
  199142
  222795
  249883
  279253
  309515
  338619
  365851
  390060
  410095
  425231
  435702
  440464
  438505
  429966
  416029
  398197
  378164
  357153
  336454
  318704
  308060
  310277
  323336
  329078
  325901
  327408
  328338
  324499
  318329
  320945
  350916
  398996
  440774
  466664
  476741
  470516
  450583
  422438
  381171
  331944
  284811
  241603
  206165
  181188
  165410
  159107
  162124
  173385
  191399
  214694
  241686
  269586
  297183
  323304
  346586
  366862
  383607
  395745
  403643
  407647
  407073
  402656
  394642
  382858
  368546
  352516
  334866
  316717
  299196
  282743
  268735
  258149
  250842
  247907
  250874
  259323
  273527
  293308
  317229
  343723
  370390
  394893
  415554
  431114
  440529
  442298
  436050
  421653
  399980
  372748
  340783
  306652
  273575
  242844
  216602
  197696
  186653
  183486
  189163
  203251
  224603
  252179
  283995
  317398
  351474
  383846
  412132
  434920
  451016
  459391
  460351
  454301
  441602
  423650
  401686
  376340
  349758
  323878
  299426
  277144
  257722
  244169
  241690
  254492
  277853
  298886
  308079
  307793
  308450
  315277
  318350
  326875
  356753
  401731
  444519
  477653
  498965
  504502
  493759
  466879
  426461
  376669
  321971
  267606
  218117
  176902
  147351
  131580
  129946
  141878
  166568
  201458
  243067
  288580
  334274
  376598
  413840
  444250
  466166
  479133
  482592
  476512
  462613
  442115
  416211
  387399
  357853
  329338
  303935
  282026
  263990
  250999
  242884
  239291
  240581
  246535
  256810
  271421
  289348
  309433
  331140
  353271
  373664
  391652
  406129
  415047
  418696
  416934
  408964
  395447
  376800
  353401
  327223
  299888
  272259
  245984
  222301
  203274
  190508
  185399
  188576
  200069
  219930
  246725
  279288
  315513
  352599
  389441
  423319
  450917
  470489
  480784
  480673
  470304
  451008
  423504
  390855
  356133
  321456
  288804
  260351
  237765
  222017
  214477
  214606
  222587
  239914
  264927
  297221
  338089
  381500
  413409
  430214
  436925
  440545
  439386
  428855
  409870
  386895
  361013
  333131
  305668
  280005
  256426
  236597
  221274
  210390
  204767
  204790
  210160
  220568
  236100
  256058
  279467
  305662
  332867
  359633
  384961
  406767
  423810
  435752
  440060
  436201
  426403
  414676
  404549
  390790
  366383
  339125
  310409
  267824
  211177
  163540
  124114
   63878
  -12192
  -59825
  -94352
 -141903
 -156734
 -100823
    -526
  148753
  319392
  470256
  590254
  698824
  790539
  822496
  794282
  732595
  614108
  458933
  340181
  266912
  238336
  241878
  257835
  301614
  363957
  421120
  457082
  477185
  482614
  473933
  455288
  432411
  410129
  392254
  382506
  383035
  394252
  414913
  442233
  472132
  500799
  523759
  536077
  534827
  518064
  484866
  436730
  376455
  308427
  239924
  174848
  112398
   58463
   19248
   -3148
   -7120
    6442
   33317
   70752
  118888
  173371
  229759
  283821
  331108
  368982
  396220
  411386
  413103
  401635
  379598
  351543
  323113
  297304
  274564
  257789
  248747
  248350
  257520
  275319
  300135
  330973
  365547
  400397
  433798
  464355
  489600
  508235
  519970
  523874
  520040
  509287
  491824
  468883
  441841
  411361
  378950
  346227
  313556
  281986
  253477
  228319
  206655
  189225
  176142
  167999
  165604
  168925
  177652
  191565
  209684
  231388
  256383
  282877
  308809
  332930
  353937
  370367
  382069
  388143
  387826
  382279
  372703
  359413
  344403
  329173
  314768
  303261
  296390
  294604
  298354
  307977
  322590
  341326
  363674
  387503
  410665
  431910
  448992
  460517
  465807
  463753
  453702
  436558
  412872
  383131
  349322
  313408
  276903
  241475
  208916
  180625
  158229
  142753
  134767
  134686
  142103
  156077
  175847
  200271
  227448
  255927
  284583
  311540
  335587
  356006
  371985
  383204
  389898
  391552
  388661
  382652
  373990
  363597
  353145
  343396
  334833
  329072
  326724
  327578
  332419
  341094
  352738
  367030
  382815
  398867
  414350
  427999
  438102
  444017
  445063
  440208
  429489
  413436
  391964
  366109
  336865
  305109
  272526
  241157
  211532
  185210
  163718
  147794
  138255
  135813
  139792
  149785
  165603
  186039
  209983
  236684
  264152
  290599
  315311
  337089
  354613
  367845
  376147
  379431
  378772
  374525
  367196
  358388
  348955
  339742
  332412
  327681
  325733
  327510
  333084
  341581
  353130
  367313
  382852
  398762
  413732
  426033
  434969
  439822
  439313
  433337
  422020
  404939
  382910
  357187
  328111
  296998
  266185
  236582
  209575
  186449
  167815
  154416
  147027
  145305
  149384
  159637
  175015
  194544
  217576
  242190
  267113
  291875
  314851
  334517
  350648
  362675
  369997
  373121
  372087
  367170
  359997
  351547
  342490
  334525
  328247
  324151
  323296
  325812
  331374
  340283
  352003
  365024
  378909
  392988
  405906
  417087
  425185
  428639
  427669
  422068
  410981
  394933
  374897
  350987
  324295
  296301
  267692
  239855
  214562
  192670
  175175
  162965
  156095
  154974
  159983
  169799
  183854
  202033
  223061
  245323
  268345
  290866
  311877
  330790
  346360
  357851
  365560
  369247
  368982
  366068
  360782
  353401
  344880
  333602
  318528
  303470
  291095
  282148
  278109
  279323
  284364
  293448
  306896
  323518
  340747
  356871
  370034
  379959
  386192
  386137
  379547
  367360
  349169
  325623
  299409
  271169
  242151
  214197
  189513
  169517
  154713
  145238
  141413
  143832
  151351
  163583
  180381
  200678
  223284
  247565
  272553
  297139
  320016
  340258
  357495
  371557
  381711
  387941
  390754
  390132
  386257
  380471
  373529
  366130
  359254
  353199
  348406
  345890
  345877
  347731
  351855
  358001
  365287
  373211
  381178
  387928
  393088
  396104
  395524
  391436
  383631
  371343
  355371
  336077
  313363
  288746
  263632
  238472
  214708
  193922
  176449
  163468
  155873
  153379
  156343
  165182
  178819
  196589
  218100
  241778
  266086
  290114
  312583
  332312
  349366
  362836
  371914
  377113
  378262
  375510
  370205
  363046
  354156
  345245
  337155
  329137
  312326
  293031
  287440
  289490
  298581
  312343
  329516
  348608
  367000
  383332
  396475
  404618
  406920
  403410
  393779
  378367
  358256
  334140
  307283
  279643
  252749
  227430
  205206
  187255
  173920
  165676
  162706
  164329
  170971
  182531
  197714
  216353
  238170
  261275
  284637
  307826
  329497
  348950
  365673
  378712
  387769
  393244
  394553
  391483
  385122
  376126
  364665
  352251
  339801
  328228
  318787
  311930
  307887
  307397
  310571
  316528
  325236
  336107
  347001
  357275
  366436
  372755
  375578
  374852
  369704
  360185
  346613
  328787
  307493
  284272
  259775
  235153
  212246
  192207
  175703
  163926
  157489
  156484
  161550
  172245
  187600
  207505
  230814
  255908
  281702
  306907
  329909
  350268
  367120
  379288
  386833
  390188
  389092
  384042
  376425
  366600
  355368
  344217
  333534
  324481
  317901
  313668
  312173
  313881
  318099
  324211
  332335
  341313
  349713
  357721
  364460
  368536
  369834
  367671
  361513
  351821
  338623
  321815
  302373
  281445
  259537
  237794
  217313
  198667
  183811
  173693
  168078
  167757
  173098
  183067
  197255
  215426
  236251
  258724
  282375
  305634
  327047
  346279
  362163
  373609
  381242
  384909
  384371
  380808
  374489
  365773
  356216
  346257
  336321
  327967
  321843
  317435
  315614
  316662
  319840
  325235
  332246
  339943
  348074
  355745
  361409
  363193
  361264
  357486
  349657
  321148
  255209
  163410
   58242
  -50331
 -153536
 -244200
 -316724
 -363382
 -345209
 -252467
 -122074
   26624
  178681
  321518
  445017
  540867
  604400
  634841
  633977
  606602
  559363
  499172
  433253
  368888
  311518
  264955
  232433
  214658
  210983
  220361
  240148
  267100
  299153
  333561
  368013
  402152
  435209
  466519
  497182
  527006
  555013
  581000
  603375
  619657
  628012
  625988
  611080
  582414
  539014
  480416
  408487
  326299
  237314
  146813
   60207
  -17526
  -80855
 -125133
 -147750
 -146395
 -120780
  -72972
   -5841
   76411
  167517
  261334
  351969
  432837
  498650
  545722
  571133
  573941
  555349
  517276
  463815
  400259
  331702
  264017
  203268
  154197
  120561
  105431
  109520
  132548
  173368
  228697
  294175
  365690
  438111
  506310
  566383
  614042
  645705
  660115
  657110
  634698
  594084
  537625
  467843
  388960
  305589
  221515
  141502
   70069
   10214
  -35278
  -63838
  -74902
  -68290
  -44241
   -4711
   47867
  110799
  179615
  250389
  320349
  385463
  441813
  486929
  518587
  535017
  536325
  522975
  496146
  458932
  414202
  364599
  314402
  267686
  227351
  197142
  179635
  175740
  186207
  210878
  248062
  295388
  349939
  407638
  464661
  517387
  561092
  592322
  609054
  608816
  590939
  556435
  506410
  443290
  371126
  293248
  213898
  138142
   69622
   12045
  -30742
  -57104
  -66344
  -57583
  -31588
    9196
   62787
  126429
  195602
  266619
  335772
  399172
  454434
  498079
  527367
  541518
  540769
  525590
  497957
  461284
  418010
  370927
  324251
  281299
  245190
  219578
  205958
  205184
  217559
  242275
  277880
  322138
  371634
  422679
  472234
  516555
  551681
  575166
  585159
  579837
  559081
  523731
  474347
  413775
  345463
  272377
  198654
  128464
   65015
   12021
  -27551
  -52187
  -60837
  -52680
  -28818
    9240
   59505
  118734
  183323
  250181
  315249
  374385
  425455
  465811
  493063
  506757
  506655
  493181
  468663
  435680
  396472
  354555
  313298
  275668
  244859
  223579
  212702
  213579
  226852
  251094
  284435
  325187
  370383
  416906
  461921
  501462
  532302
  552665
  560287
  553964
  533673
  499767
  453491
  397607
  334997
  268167
  201105
  137556
   80277
   32736
   -2196
  -23527
  -29913
  -20993
    1744
   36876
   82909
  136636
  194988
  255386
  313978
  367544
  413582
  449256
  472981
  484828
  484381
  472297
  450553
  420876
  385910
  349071
  312823
  279905
  253351
  234735
  225327
  226880
  238859
  260269
  290378
  326920
  367079
  408460
  447938
  482241
  509221
  526392
  531622
  524466
  504751
  472608
  429644
  377969
  319753
  258570
  197805
  140137
   89123
   47534
   16779
   -1306
   -5537
    3584
   25608
   59252
  101933
  152510
  208138
  263980
  317908
  367668
  409161
  440597
  461752
  471781
  470339
  458864
  438518
  411013
  379183
  345305
  311824
  281758
  257621
  240877
  233060
  235025
  246181
  266142
  294011
  327405
  363971
  401419
  436444
  466452
  489592
  503663
  506546
  498080
  478127
  447116
  406670
  358509
  304472
  247976
  191900
  138810
   92054
   54003
   26151
   10355
    7533
   17575
   40171
   73587
  115315
  163399
  215485
  267665
  317548
  363183
  401900
  432149
  453163
  464421
  465494
