  497585
  495003
  492290
  489468
  486507
  483405
  480211
  476898
  473469
  470032
  466683
  463428
  460344
  457399
  454719
  452277
  450039
  447964
  446115
  444502
  443159
  441973
  441081
  440529
  440348
  440503
  440894
  441540
  442490
  443650
  445085
  446972
  449110
  451365
  453836
  456465
  459221
  462064
  465013
  468119
  471194
  474213
  477107
  479872
  482657
  485464
  488121
  490523
  492787
  494952
  497049
  499021
  500870
  502487
  503896
  505030
  505958
  506627
  507064
  507352
  507399
  507171
  506781
  506233
  505530
  504616
  503417
  502053
  500608
  499028
  497351
  495496
  493459
  491313
  489314
  487537
  485665
  483907
  482261
  480429
  478287
  475809
  473089
  470311
  467522
  464809
  462318
  460133
  458241
  456696
  455485
  454379
  453528
  452935
  452612
  452435
  452301
  452259
  452273
  452360
  452626
  453077
  453673
  454561
  455759
  457190
  458896
  460854
  463004
  465368
  467929
  470316
  472649
  474957
  477249
  479387
  481586
  484372
  487507
  490084
  491727
  493170
  494512
  495808
  497200
  498587
  500032
  502010
  503751
  505075
  505918
  506435
  506828
  506769
  506252
  504886
  502950
  500980
  499203
  497656
  496749
  496782
  496516
  495264
  493668
  492203
  491263
  490022
  487701
  484929
  481915
  478755
  475646
  472826
  470373
  468320
  466664
  465241
  464152
  463317
  462728
  462230
  461797
  461437
  461049
  460483
  459858
  459273
  458914
  458840
  459071
  459707
  461141
  462919
  464815
  466922
  468853
  470611
  472103
  473390
  474530
  475471
  476277
  477109
  478135
  479386
  480799
  482491
  484514
  486602
  488502
  489930
  491083
  492277
  493558
  494835
  496019
  497465
  499276
  500904
  502067
  502644
  502623
  502327
  501937
  501161
  499736
  498031
  496730
  496043
  495552
  495108
  494392
  493231
  492072
  491022
  490131
  488770
  487142
  485514
  483949
  482364
  480860
  479622
  478882
  478573
  478245
  477741
  476929
  475937
  474796
  473454
  471938
  470324
  468649
  467244
  466160
  465333
  464823
  464668
  464822
  465092
  465661
  466552
  467740
  468965
  470224
  471452
  472566
  473617
  474595
  475487
  476331
  477132
  478044
  479103
  480147
  481194
  482283
  483415
  484651
  486042
  487387
  488705
  489986
  491162
  492185
  493195
  494135
  495120
  496142
  496959
  497671
  498297
  498917
  499425
  499753
  499868
  499717
  499310
  498758
  498146
  497431
  496530
  495475
  494247
  492765
  491261
  489911
  488773
  487779
  486850
  486076
  484805
  483410
  482037
  480794
  479630
  478538
  477703
  477302
  476742
  475946
  475152
  474505
  474042
  473639
  473293
  473425
  474086
  474725
  474972
  474935
  474717
  474235
  473372
  472233
  470885
  470236
  470128
  470070
  470064
  470328
  471111
  472465
  474075
  475781
  477591
  479360
  481020
  482621
  483988
  485235
  486608
  487595
  487841
  487620
  487531
  487827
  488983
  491448
  494523
  497479
  500719
  504897
  510606
  509864
  505350
  504944
  504500
  503522
  504379
  505778
  504564
  502373
  496877
  486481
  478872
  474600
  473904
  478349
  483560
  487462
  490296
  491510
  491441
  490234
  487978
  484957
  481245
  477485
  474248
  471470
  469793
  469268
  469632
  470774
  472393
  474179
  475918
  477377
  478387
  478806
  478741
  478336
  477884
  477549
  477665
  478431
  479166
  479609
  480488
  481433
  482589
  484233
  486130
  487806
  489133
  489859
  489920
  489162
  487896
  486560
  485505
  484949
  485113
  485834
  486897
  488186
  490194
  492508
  494901
  497134
  498861
  499727
  500250
  500273
  499370
  498070
  496542
  494823
  493268
  491957
  491182
  490928
  490957
  491249
  491924
  492678
  493543
  494760
  494490
  493338
  493541
  492689
  490868
  488447
  485880
  483721
  482310
  481783
  482255
  483315
  484358
  485341
  486060
  486339
  486170
  485676
  484878
  483687
  482277
  480883
  479639
  478692
  478196
  478246
  479017
  480101
  481171
  481687
  482161
  484414
  487173
  488874
  489845
  490306
  490024
  489218
  488263
  486939
  484355
  481509
  479629
  479085
  480146
  482346
  485066
  486935
  486590
  484660
  482510
  485863
  498947
  523746
  556299
  582522
  596962
  600689
  595873
  584263
  567950
  550107
  532776
  517219
  504867
  496451
  491900
  490347
  491303
  493905
  496680
  498021
  497144
  494006
  488762
  481592
  472905
  463495
  454502
  447130
  441701
  438119
  436403
  436659
  438537
  440671
  442069
  442688
  442670
  441771
  439894
  437339
  434824
  433325
  433580
  435893
  440466
  447723
  457603
  469580
  482629
  495747
  508068
  518839
  527271
  532502
  534233
  532898
  529262
  524016
  517774
  511517
  506185
  502485
  500837
  501125
  503226
  506950
  511589
  516054
  519381
  521277
  521455
  519601
  515880
  510393
  503814
  496827
  490062
  484106
  479504
  476673
  475632
  476200
  477773
  479862
  482146
  484201
  485504
  485727
  484841
  483005
  480582
  477941
  475684
  474237
  473833
  474650
  476687
  479921
  483998
  488414
  492826
  496703
  499686
  501481
  501670
  500396
  498061
  495095
  491727
  488450
  485805
  484135
  483617
  484127
  485540
  487659
  490113
  492663
  494662
  495712
  495885
  494945
  493096
  490376
  487109
  483630
  480561
  478265
  476939
  476610
  477356
  479073
  481639
  484470
  487130
  489487
  491314
  492505
  492882
  492517
  491710
  490840
  490060
  489483
  489444
  490182
  491756
  494029
  496601
  499335
  502185
  504880
  507066
  508382
  508915
  508814
  508719
  508704
  506844
  505030
  504841
  505848
  507899
  509732
  510602
  508248
  499864
  486583
  468798
  455337
  442940
  431074
  423023
  421091
  422737
  398262
  367880
  349126
  341640
  344235
  355369
  372634
  393807
  416149
  437305
  455721
  470671
  481774
  488983
  492838
  494452
  495228
  496382
  498628
  502622
  508709
  516979
  526980
  537960
  549225
  560069
  569622
  577273
  582832
  586139
  587422
  587066
  585438
  582973
  580067
  577046
  573957
  570700
  566864
  562094
  556219
  548806
  539681
  528833
  516436
  502881
  488749
  474953
  462214
  451302
  442803
  437163
  434625
  434861
  437429
  441760
  447155
  452854
  457996
  461851
  464071
  464627
  463773
  461882
  459407
  457000
  455339
  455062
  456443
  459484
  464122
  470302
  477709
  485648
  493394
  500396
  506314
  510749
  513488
  514667
  514575
  513594
  512189
  510633
  509208
  508155
  507608
  507674
  508023
  508489
  508859
  508855
  508252
  506794
  504469
  501348
  497685
  493831
  490071
  486686
  484101
  482582
  482224
  482841
  484315
  486560
  489232
  491924
  494405
  496303
  497405
  497714
  497421
  496551
  495426
  494421
  493692
  493619
  494308
  495733
  497869
  500652
  503934
  507385
  510533
  513120
  515091
  516946
  517960
  517751
  517745
  518081
  519431
  521067
  521737
  519615
  513973
  515639
  544555
  570132
  563464
  540803
  515192
  489127
  463748
  435020
  399808
  378275
  380061
  414691
  450166
  477538
  498356
  512233
  518943
  518484
  511557
  499869
  485466
  470572
  457320
  447649
  442919
  443331
  448421
  457386
  468944
  481562
  493406
  503144
  509920
  513427
  513853
  511694
  507929
  503926
  501112
  500465
  502413
  507134
  514464
  523533
  533267
  542197
  549048
  552881
  553002
  548968
  540924
  529814
  517004
  504003
  492187
  482759
  476612
  474501
  476499
  481889
  489666
  498697
  507607
  515072
  519915
  521326
  519147
  513511
  505024
  494633
  483466
  472846
  463879
  457602
  454487
  454771
  458087
  463699
  470727
  478144
  484986
  490423
  493935
  495233
  494288
  491442
  487424
  483092
  479340
  476947
  476529
  478356
  482088
  487416
  493812
  500517
  506777
  511860
  515139
  516323
  515362
  512452
  508126
  503132
  498362
  494585
  492318
  491795
  493252
  496559
  501302
  506752
  512277
  516997
  520251
  521693
  521066
  518563
  514561
  509432
  503889
  498476
  493860
  490725
  489313
  489604
  491478
  494547
  498362
  502269
  505585
  507788
  508667
  508111
  506055
  502756
  498787
  494666
  491001
  488056
  486226
  485650
  486283
  487979
  490483
  493253
  495968
  498200
  499592
  499941
  499059
  497027
  494157
  490773
  487507
  484847
  483007
  482289
  482718
  484308
  486863
  490008
  493360
  496632
  499139
  500593
  500970
  500365
  498958
  497025
  494937
  493146
  491803
  491212
  491644
  493090
  495380
  498324
  501696
  505145
  508133
  510441
  511842
  512281
  512030
  510932
  509125
  506999
  504855
  503108
  501939
  501451
  501746
  502762
  504301
  505980
  507460
  508556
  509095
  509011
  508124
  506638
  504685
  502393
  500084
  497871
  495907
  494527
  493811
  493641
  493915
  494512
  495237
  496066
  496798
  497024
  496671
  495669
  494300
  492673
  490944
  489433
  488270
  487680
  487732
  488369
  489381
  490580
  492066
  493626
  495004
  496284
  497143
  497459
  497331
  496843
  496054
  495210
  494486
  494087
  494118
  494620
  495638
  497183
  499159
  501269
  503749
  506774
  508698
  509382
  509241
  508548
  507467
  506218
  504799
  503314
  502305
  502048
  502401
  503388
  504778
  506665
  509192
  514055
  520023
  523201
  522496
  518244
  510562
  502240
  492559
  485839
  495423
  520586
  542419
  556341
  562456
  562736
  558592
  550896
  540455
  528292
  515885
  504895
  496322
  490301
  486672
  485355
  486371
  488900
  491807
  493993
  495008
  494914
  493362
  490112
  485171
  479527
  474234
  469479
  465384
  462359
  461115
  461762
  463756
  466418
  469420
  472774
  475911
  478256
  479629
  480161
  480330
  480493
  480727
  481475
  483356
  486748
  491434
  497130
  503573
  510480
  517437
  523792
  528841
  532222
  533858
  533824
  532085
  528814
  524675
  520390
  516435
  513228
  511111
  510283
  510851
  512454
  514515
  516717
  518766
  520241
  520646
  519638
  517319
  514051
  509955
  505326
  500603
  496350
  492939
  490586
  489308
  488976
  489657
  491079
  492723
  494212
  495259
  495740
  495655
  494975
  493737
  492354
  491060
  489931
  489083
  488840
  489352
  490635
  492630
  495025
  497537
  500173
  502673
  504416
  505136
  504866
  503917
  502577
  500915
  499063
  497422
  496342
  495907
  496060
  496873
  498383
  500358
  502410
  504271
  505750
  506827
  507471
  507535
  506876
  505693
  504401
  503229
  502731
  503352
  505709
  508982
  512086
  513993
  511068
  494214
  476333
  466918
  461392
  459412
  460819
  464650
  470286
  477456
  485066
  492025
  487919
  456576
  424453
  402045
  389305
  386485
  393656
  408496
  428265
  450739
  473224
  493340
  509713
  521538
  528521
  531201
  530550
  527692
  523821
  520243
  518508
  519593
  523661
  530197
  539054
  549488
  559916
  569068
  576173
  580490
  581589
  579426
  574524
  567813
  560191
  552139
  544634
  538695
  534441
  531594
  529894
  528845
  527769
  525854
  522348
  516861
  509294
  499766
  488811
  477242
  466062
  456058
  448275
  443346
  441770
  444534
  452734
  463640
  474505
  483981
  491437
  496619
  499451
  499815
  498018
  494656
  490465
  486382
  483349
  481801
  482260
  484825
  489386
  495572
  502798
  510380
  517519
  523594
  528068
  530606
  530984
  529522
  526679
  522686
  518132
  513849
  510437
  508145
  506991
  506954
  507872
  509388
  510896
  512012
  512332
  511550
  509678
  506758
  503050
  498814
  494574
  490825
  488144
  486926
  486893
  488113
  490547
  493853
  497482
  501078
  504120
  506345
  507530
  507641
  506878
  505526
  503817
  501696
  499303
  497663
  497314
  498717
  501515
  505145
  509404
  514085
  521059
  531391
  540596
  553812
  578839
  598528
  607594
  607650
  600087
  586890
  570761
  553664
  537460
  523613
  512895
  505959
  502823
  502483
  503436
  504668
  505686
  505427
  502674
  497282
  489891
  481384
  472054
  462615
  454285
  448291
  444724
  443461
  444218
  446707
  450283
  454081
  457477
  460004
  461264
  461270
  460397
  459081
  458023
  457746
  459269
  463277
  469902
  478909
  490145
  503260
  517129
  530531
  542360
  552024
  558988
  562697
  563065
  560719
  556335
  550584
  544164
  538021
  533053
  529883
  528542
  528883
  530677
  533441
  536347
  538637
  539776
  539196
  536725
  532533
  526649
  519486
  511704
  504100
  497282
  491469
  487048
  484324
  483159
  483277
  484300
  485850
  487523
  488789
  489238
  488565
  486933
  484855
  482666
  480653
  479311
  479049
  480133
  482467
  485968
  490637
  496070
  501851
  507329
  511988
  515385
  517399
  518104
  517518
  515885
  513445
  510882
  509124
  507769
  504420
  494293
  474611
  458915
  451045
  450197
  454789
  463374
  474259
  485509
  495629
  503843
  509522
  512343
  512316
  510282
  507237
  503864
  500926
  499337
  499892
  502606
  506816
  512323
  518824
  525442
  531131
  535431
  538332
  539683
  539293
  537600
  535449
  533542
  532074
  531409
  531989
  533886
  536889
  540297
  543586
  546276
  547527
  546749
  543762
  538560
