 -976716
 -976451
 -976678
 -977079
 -978049
 -979383
 -980889
 -982351
 -983337
 -983770
 -983831
 -983608
 -983254
 -982784
 -982151
 -981550
 -980967
 -980593
 -980570
 -980911
 -981481
 -982163
 -983009
 -983977
 -984813
 -985556
 -986203
 -986590
 -986573
 -986528
 -986454
 -986131
 -984759
 -981504
 -979055
 -978270
 -978948
 -980978
 -984326
 -988442
 -993074
 -997346
-1001314
-1005108
-1008763
-1011747
-1013762
-1014575
-1013941
-1011829
-1008726
-1004763
-1000301
 -995747
 -990956
 -986358
 -982122
 -978569
 -976170
 -974821
 -974453
 -974946
 -976150
 -977820
 -979879
 -982001
 -983976
 -985412
 -986121
 -986212
 -985667
 -984998
 -984341
 -983573
 -982466
 -980886
 -979207
 -977858
 -976830
 -975972
 -975280
 -975236
 -976200
 -976860
 -975789
 -974950
 -975569
 -976775
 -978738
 -981587
 -985420
 -990767
 -996947
-1002093
-1005357
-1006825
-1006687
-1005077
-1002525
 -999205
 -995338
 -990967
 -986308
 -981857
 -978105
 -975184
 -973479
 -972947
 -973495
 -975521
 -979076
 -983735
 -989107
 -994793
-1000054
-1004232
-1007254
-1009214
-1009878
-1009373
-1007597
-1004615
-1000527
 -996227
 -992123
 -988534
 -985404
 -982872
 -981269
 -980880
 -981324
 -982596
 -984363
 -986410
 -988556
 -990546
 -992264
 -993679
 -994117
 -993876
 -992982
 -991064
 -988615
 -984982
 -979554
 -972352
 -964648
 -959016
 -957228
 -959922
 -966426
 -975389
 -985337
 -995256
-1004400
-1012023
-1016933
-1018378
-1018460
-1017673
-1013627
-1007084
 -999611
 -991706
 -984298
 -977263
 -971035
 -966312
 -963530
 -962737
 -963801
 -968901
 -975583
 -982633
 -993051
-1000161
-1001723
 -991576
 -978676
 -967643
 -959701
 -955303
 -954563
 -957853
 -964507
 -973685
 -984726
 -997016
-1010371
-1024014
-1036554
-1046053
-1051118
-1052102
-1049638
-1043552
-1034268
-1022484
-1008946
 -994561
 -980804
 -968486
 -958769
 -952467
 -950354
 -952392
 -957728
 -965137
 -973819
 -983313
 -992524
-1000097
-1005129
-1006983
-1005638
-1001535
 -995073
 -987181
 -978578
 -970102
 -962635
 -956918
 -953556
 -953005
 -955100
 -959560
 -965648
 -972664
 -980203
 -987346
 -993555
 -998791
-1002601
-1004892
-1006156
-1006239
-1005840
-1005683
-1005587
-1005192
-1004857
-1004852
-1005177
-1005255
-1004888
-1004436
-1013884
-1039863
-1054346
-1047440
-1029054
-1005961
 -982175
 -960229
 -942027
 -928512
 -920158
 -917266
 -919617
 -926992
 -939116
 -954757
 -972711
 -991815
-1010655
-1027867
-1042318
-1052868
-1058759
-1059652
-1055741
-1047412
-1035521
-1021141
-1005589
 -990159
 -975592
 -963343
 -954467
 -949064
 -947368
 -949094
 -953928
 -961348
 -970720
 -980912
 -990939
 -999743
-1006929
-1012210
-1015144
-1015865
-1014524
-1011276
-1006585
-1001046
 -994895
 -988492
 -982607
 -977569
 -973716
 -971234
 -969990
 -970179
 -971290
 -973016
 -975466
 -978628
 -982089
 -985716
 -989661
 -993589
 -997418
-1000864
-1003473
-1005143
-1005778
-1005840
-1005402
-1004274
-1002673
-1000300
 -997632
 -994941
 -992096
 -989517
 -987559
 -986396
 -986085
 -986851
 -988458
 -990569
 -993056
 -995782
 -998554
-1001014
-1002836
-1003832
-1003913
-1003194
-1001599
 -999585
 -997387
 -995555
 -993778
 -993229
 -993364
 -989936
 -982490
 -976505
 -983809
-1012845
-1043131
-1064235
-1074718
-1074661
-1064725
-1046509
-1021788
 -992289
 -960543
 -929214
 -900751
 -877374
 -860565
 -851484
 -851061
 -859253
 -875712
 -899537
 -929140
 -962430
 -997238
-1030608
-1060364
-1084726
-1102370
-1112598
-1114842
-1109158
-1096472
-1078551
-1057326
-1034471
-1011476
 -990081
 -971984
 -958586
 -950570
 -947792
 -949928
 -956203
 -965617
 -977065
 -989287
-1000699
-1010213
-1017065
-1021184
-1022231
-1020844
-1017171
-1011712
-1005430
 -998832
 -991906
 -985591
 -980066
 -975067
 -970713
 -967042
 -964077
 -961999
 -961072
 -961153
 -962564
 -965099
 -968710
 -973548
 -979634
 -986482
 -993637
-1000859
-1007894
-1013784
-1017993
-1020123
-1020090
-1018174
-1014394
-1009589
-1004061
 -998288
 -992774
 -987984
 -984180
 -981529
 -980654
 -981565
 -983635
 -986700
 -990394
 -994152
 -997824
-1001197
-1003593
-1004742
-1004714
-1003684
-1001283
 -998044
 -994906
 -992259
 -990056
 -988456
 -987717
 -987296
 -987010
 -987172
 -987501
 -987912
 -988595
 -989636
 -990497
 -991267
 -992143
 -993118
 -994153
 -995718
 -997308
 -999062
-1001394
-1003976
-1006444
-1008312
-1009637
-1010397
-1010511
-1009915
-1008342
-1005955
-1003115
-1000299
 -997795
 -995568
 -993879
 -992824
 -992308
 -992288
 -992787
 -993564
 -994425
 -995372
 -996290
 -996758
 -996702
 -996054
 -994844
 -993134
 -990869
 -988362
 -985917
 -983964
 -982801
 -982087
 -981678
 -981740
 -982423
 -983711
 -985007
 -986409
 -987740
 -988960
 -990251
 -991479
 -992367
 -992822
 -993518
 -994523
 -993898
 -985929
 -982901
 -985394
 -988667
 -992984
 -998165
-1003907
-1009547
-1014572
-1018617
-1021615
-1023432
-1023801
-1022779
-1020777
-1017851
-1014365
-1010074
-1005057
 -999901
 -995070
 -990912
 -988385
 -993668
-1005145
-1014134
-1019751
-1021752
-1020718
-1016965
-1010514
-1001606
 -991334
 -980513
 -969773
 -959968
 -951781
 -945595
 -942197
 -942089
 -945309
 -951305
 -960041
 -971006
 -983409
 -996193
-1008625
-1019785
-1029062
-1035916
-1039713
-1040136
-1037624
-1032836
-1026168
-1018335
-1009958
-1001515
 -994044
 -987894
 -983273
 -980547
 -980226
 -981886
 -984839
 -988219
 -991833
 -995613
 -999138
-1002097
-1004065
-1005119
-1005300
-1004625
-1003188
-1001321
 -999300
 -997514
 -995972
 -994433
 -993143
 -991964
 -990934
 -989968
 -989062
 -988325
 -987770
 -987420
 -987537
 -988219
 -989481
 -991342
 -993778
 -996621
 -999594
-1002384
-1004871
-1007081
-1009022
-1009976
-1009680
-1008187
-1005830
 -973587
 -695828
 -324766
  -77272
   29603
     864
 -148092
 -396079
 -718499
-1088955
-1480041
-1864163
-2213987
-2504173
-2712786
-2823027
-2824936
-2715567
-2499335
-2188988
-1805047
-1374101
 -926953
 -494968
 -107503
  209535
  436500
  561501
  581082
  500495
  332475
   95367
 -187480
 -490759
 -788900
-1058256
-1279895
-1440782
-1533945
-1559327
-1522670
-1434380
-1308700
-1161765
-1010186
 -869298
 -751999
 -667421
 -620557
 -612154
 -639285
 -696032
 -775117
 -868727
 -968905
-1068921
-1163475
-1248363
-1321007
-1380060
-1424804
-1454794
-1470200
-1471158
-1457698
-1429681
-1386684
-1329342
-1258899
-1177433
-1088321
 -996132
 -906305
 -824806
 -757157
 -708308
 -681643
 -678836
 -699331
 -740851
 -799072
 -868021
 -940920
-1010564
-1069905
-1113237
-1136642
-1138669
-1120418
-1084948
-1036737
 -981761
 -926442
 -876935
 -838818
 -816023
 -810484
 -822251
 -849438
 -888721
 -935793
 -985748
-1033357
-1074287
-1105728
-1126347
-1135863
-1135322
-1126680
-1112046
-1094123
-1075599
-1058360
-1043726
-1032518
-1024443
-1018239
-1012637
-1005929
 -996812
 -984590
 -969250
 -951790
 -933775
 -916943
 -903234
 -893954
 -890451
 -893672
 -903420
 -918701
 -937930
 -959183
 -980112
 -998246
-1011751
-1019420
-1020180
-1014236
-1003286
 -989157
 -974261
 -961471
 -952851
 -950153
 -954579
 -966314
 -984534
-1007722
-1033814
-1060497
-1085273
-1105992
-1120891
-1129253
-1130911
-1126280
-1116079
-1102139
-1086682
-1071320
-1057602
-1047177
-1040663
-1037770
-1037654
-1039124
-1040608
-1040578
-1038372
-1033123
-1024345
-1012425
 -997931
 -981948
 -965860
 -951140
 -938833
 -929818
 -924445
 -922528
 -923430
 -926512
 -930913
 -935604
 -939313
 -941139
 -940686
 -938221
 -934016
 -928973
 -923921
 -919990
 -918642
 -920066
 -924949
 -933777
 -946035
 -960978
 -977634
 -994536
-1010605
-1024690
-1035716
-1043307
-1047465
-1048414
-1047206
-1044870
-1042259
-1040171
-1039341
-1040144
-1042983
-1047601
-1053647
-1060323
-1066803
-1072200
-1075799
-1077108
-1075594
-1071464
-1064628
-1055736
-1045956
-1035918
-1026888
-1019433
-1013667
-1009736
-1007613
-1006860
-1006637
-1006566
-1006113
-1004310
-1001118
 -996747
 -991073
 -984660
 -977747
 -970946
 -965072
 -960951
 -958608
 -957788
 -958950
 -961627
 -965328
 -969747
 -973992
 -977586
 -980322
 -981813
 -982000
 -980890
 -978651
 -975944
 -973247
 -971336
 -970864
 -972306
 -975366
 -979901
 -985172
 -991017
 -996831
-1001812
-1006031
-1009441
-1011726
-1012548
-1012268
-1011165
-1009486
-1007888
-1007035
-1007067
-1007946
-1010090
-1013122
-1016838
-1021140
-1025485
-1029112
-1031476
-1032722
-1032807
-1031634
-1030101
-1028293
-1026507
-1024573
-1022550
-1021296
-1020718
-1020954
-1021930
-1023448
-1025110
-1026501
-1027280
-1027348
-1026733
-1025896
-1024484
-1021352
-1017287
-1013221
-1008909
-1004036
 -999385
 -995352
 -992577
 -991707
 -991457
 -991140
 -990692
 -991076
 -991362
 -990125
 -988308
 -986238
 -984273
 -982838
 -981586
 -980501
 -979941
 -979958
 -980285
 -981102
 -982738
 -984787
 -986799
 -988876
 -990872
 -992527
 -993634
 -993994
 -993854
 -993758
 -993423
 -993166
 -993572
 -994875
 -996458
 -998295
-1000740
-1003536
-1006034
-1008222
-1010113
-1011980
-1013763
-1015537
-1017093
-1018451
-1019796
-1021455
-1023678
-1026755
-1030129
-1033235
-1036149
-1038299
-1038312
-1036573
-1034076
-1031117
-1027962
-1024674
-1021273
-1018451
-1016073
-1013922
-1012045
-1010721
-1010054
-1010051
-1010472
-1011135
-1011815
-1012005
-1011784
-1011170
-1009645
-1007161
-1004044
-1000568
 -996878
 -992978
 -988976
 -985267
 -982131
 -979903
 -978602
 -978257
 -978832
 -980091
 -981551
 -982878
 -983971
 -985051
 -986349
 -987759
 -988887
 -989842
 -990900
 -992099
 -993505
 -994901
 -996210
 -997349
 -998550
-1000259
-1001961
-1003568
-1005173
-1006860
-1008664
-1010188
-1011549
-1012894
-1014426
-1015970
-1018022
-1020776
-1023284
-1025338
-1027215
-1028873
-1030213
-1030277
-1029383
-1027993
-1025994
-1023621
-1021263
-1018642
-1016211
-1014193
-1012625
-1011417
-1010874
-1011143
-1011914
-1013089
-1014502
-1015771
-1016428
-1016596
-1016753
-1016453
-1014424
-1010968
-1006801
-1002245
 -997855
 -994173
 -991058
 -988666
 -987311
 -986906
 -987501
 -988664
 -989997
 -991706
 -993558
 -995528
 -997271
 -998525
 -999088
 -998791
 -998196
 -997727
 -997136
 -996505
 -996140
 -995939
 -995960
 -996368
 -996965
 -997762
 -998894
-1000253
-1001688
-1003261
-1004743
-1006042
-1007194
-1008521
-1009933
-1011414
-1012932
-1014228
-1015190
-1016204
-1017228
-1018210
-1019408
-1020560
-1021473
-1022249
-1022681
-1022700
-1022401
-1021668
-1020646
-1019619
-1018678
-1018050
-1017662
-1017425
-1017569
-1017766
-1017686
-1017242
-1016614
-1015635
-1014604
-1013906
-1013206
-1012379
-1011919
-1011293
-1010540
-1009624
-1008468
-1006964
-1005445
-1003916
-1002308
-1000671
 -999231
 -998015
 -997036
 -996450
 -997072
 -997499
 -997361
 -997214
 -996863
 -996538
 -996656
 -996760
 -996683
 -996485
 -996198
 -995946
 -995943
 -996317
 -997044
 -998000
 -999087
-1000549
-1002317
-1003966
-1005503
-1007076
-1008807
-1010260
-1011476
-1012793
-1014694
-1016181
-1016524
-1017095
-1017656
-1017992
-1018217
-1018123
-1017453
-1016506
-1015733
-1015532
-1015814
-1016067
-1016259
-1016607
-1017208
-1017953
-1018741
-1019322
-1019849
-1020424
-1020763
-1020900
-1020898
-1021200
-1020802
-1019530
-1017823
-1015734
-1013208
-1010553
-1008085
-1005953
-1004179
-1002687
-1001355
-1000207
 -999300
 -998708
 -998902
 -999554
-1000092
-1001013
-1002350
-1003933
-1005638
-1007061
-1008012
-1008564
-1008509
-1008259
-1007929
-1007028
-1006061
-1006226
-1006156
-1005363
-1003582
-1001400
 -999523
 -998207
 -997434
 -997234
 -997518
 -998529
-1000507
-1002916
-1005618
-1008438
-1011357
-1014180
-1017154
-1020178
-1022702
-1023979
-1024083
-1023497
-1022270
-1020701
-1018979
-1017093
-1015065
-1013255
-1012311
-1011892
-1011910
-1012455
-1013446
-1014944
-1016582
-1018303
-1019922
-1021517
-1022875
-1023920
-1024286
-1023930
-1023173
-1022366
-1020685
-1019043
-1017646
-1015229
-1011359
-1007438
-1003872
-1001287
-1000756
-1001439
-1002314
-1002669
-1002465
-1002346
-1002260
-1002477
-1003496
-1004513
-1007280
-1011161
-1008048
 -997895
 -988586
 -982398
 -979874
 -981012
 -985512
 -992762
-1001904
-1012165
-1022507
-1032265
-1040681
-1047313
-1051794
-1053914
-1053713
-1050923
-1045760
-1038645
-1029694
-1019785
-1009488
 -999678
 -990904
 -983620
 -978618
 -976219
 -976298
 -978694
 -985953
 -997158
-1006370
-1013029
-1024230
-1037688
-1046958
-1051373
-1051493
-1045817
-1033939
-1019848
-1005136
 -990976
 -978781
 -969220
 -963069
 -960592
 -961894
 -967070
 -975479
 -986774
-1000153
-1014236
-1027977
-1040471
-1051252
-1059476
-1064574
-1066225
-1064675
-1060301
-1053632
-1048817
-1053937
-1062861
-1066389
-1063289
-1054199
-1040137
-1022704
-1003254
 -983154
 -963748
 -946092
 -931422
 -921206
 -914471
 -898304
 -873822
 -860785
 -863958
 -883347
 -915437
 -955925
-1001267
-1048276
-1093526
-1134078
-1167266
-1190749
-1202777
-1202692
-1191168
-1169184
-1138417
-1101753
-1061297
-1019692
 -979598
 -943125
 -913265
 -892373
 -881189
 -879922
 -888112
 -904723
 -928573
 -956555
 -984548
-1010649
-1033405
-1051859
-1065310
-1072920
-1074484
-1070502
-1062003
-1049854
-1035381
-1019983
-1004959
 -991598
 -980594
 -972360
 -968083
 -968296
 -971317
 -975512
 -981178
 -988510
 -997165
-1006595
-1016159
-1025598
-1034733
-1042438
-1048862
-1053234
-1055543
-1055394
-1052765
-1048010
-1041945
-1034453
-1025380
-1016165
-1007520
 -999711
 -993304
 -988724
 -986239
 -986078
 -988172
 -992367
 -998148
-1004785
-1011778
-1018389
-1024153
-1028474
-1031314
-1032316
-1031687
-1029577
-1025766
-1020711
-1015244
-1010106
-1005795
-1001706
 -998776
 -997355
 -997738
 -999397
-1001982
-1005674
-1009758
-1013631
-1017465
-1020538
-1022555
-1023827
-1023981
-1023141
-1022006
-1021467
-1020686
-1019485
-1018106
-1016665
-1015277
-1014166
-1013474
-1013038
-1012718
-1012511
-1012454
-1012296
-1011855
-1011353
-1010797
-1010320
-1010297
-1011139
-1012500
-1014038
-1015530
-1016690
-1017394
-1017567
-1017185
-1016444
-1015057
-1013318
-1011611
-1010230
-1009168
-1008172
-1007441
-1007270
-1007794
-1008984
-1010555
-1012422
-1014599
-1017268
-1020585
-1023849
-1025296
-1025027
-1023791
-1022102
-1019953
-1017488
-1015425
-1014216
-1013255
-1012326
-1012023
-1012576
-1013634
-1014952
-1016368
-1018183
-1020239
-1021953
-1023337
-1024233
-1024509
-1024266
-1023740
-1022612
-1021364
-1020029
-1018403
-1017018
-1015966
-1014925
-1013938
-1013056
-1012524
-1011918
-1011339
-1010810
-1010155
-1009757
-1009278
-1008571
-1008117
-1008032
-1008166
-1008501
-1009098
-1009963
-1010849
-1011402
-1012013
-1012791
-1013268
-1013558
-1013807
-1014062
-1014284
-1014371
-1014618
-1015443
-1016656
-1017613
-1018479
-1019419
-1020335
-1021472
-1022717
-1023483
-1024000
-1024365
-1024092
-1023430
-1022723
-1021810
-1020741
-1019389
-1017990
-1016935
-1016216
-1015870
-1015991
-1016365
-1016914
-1017654
-1018405
-1019187
-1019596
-1019484
-1019163
-1018619
-1017852
-1017041
-1016140
-1015566
-1016696
-1018275
-1018628
-1018118
-1017406
-1016326
-1014938
-1013623
-1012682
-1012055
-1012400
-1013258
-1013301
-1012798
-1012455
-1012319
-1012498
-1012839
-1013714
-1015036
-1016545
-1017857
-1019287
-1020804
-1021721
-1022312
-1022794
-1022813
-1022456
-1021610
-1020434
-1018911
-1017228
-1015732
-1014694
-1014144
-1014059
-1014453
-1015238
-1016215
-1017240
-1018359
-1019323
-1020120
-1020560
-1021442
-1022390
-1022583
-1021465
-1019790
-1018305
-1017070
-1016257
-1015715
-1015202
-1015076
-1015324
-1015857
-1016600
-1017423
-1018416
-1019488
-1020494
-1021369
-1022059
-1022587
-1023121
-1024056
-1024150
-1023103
-1021575
-1019748
-1017874
-1016137
-1014641
-1013440
-1013019
-1013116
-1013466
-1014487
-1016118
-1018058
-1019896
-1021271
-1022581
-1023739
-1024421
-1024958
-1025172
-1024706
-1023999
-1024191
-1024563
-1024351
-1022315
-1019095
-1015655
-1012334
-1009602
-1007649
-1007751
-1012859
-1026432
-1045948
-1057150
-1051977
-1038915
-1024183
-1009533
 -995902
 -983740
 -973569
 -966778
 -963878
 -964756
 -969482
 -978134
 -990706
-1005284
-1019787
-1033596
-1046887
-1058734
-1068247
-1074917
-1077154
-1075847
-1071702
-1064352
-1053953
-1041014
-1027400
-1014545
-1002445
 -992900
 -986598
 -983991
 -985281
 -989520
 -995898
-1003811
-1012230
-1020441
-1028012
-1034341
-1038982
-1041511
-1041769
-1039952
-1036809
-1033545
-1029071
-1023438
-1017751
-1012636
-1008284
-1004794
-1002159
-1000500
 -999902
 -999914
-1000691
-1002064
-1003965
-1006235
-1009049
-1012333
-1016015
-1019854
-1024338
-1029481
-1033446
-1035512
-1036492
-1036210
-1034669
-1032478
-1030455
-1027994
-1023884
-1019167
-1014802
-1010919
-1007997
-1006289
-1006072
-1007769
-1010971
-1015171
-1019840
-1024446
-1028836
-1032608
-1035326
-1036499
-1036353
-1035153
-1032770
-1029481
-1025858
-1022381
-1019354
-1017192
-1015741
-1014772
-1014205
-1013922
-1014312
-1016051
-1018210
-1019857
-1020243
-1019932
-1019349
-1018971
-1018637
-1018350
-1018269
-1018540
-1019073
-1019955
-1021053
-1022335
-1024013
-1026067
-1028082
-1029729
-1030626
-1030559
-1029636
-1028337
-1026831
-1024954
-1022603
-1020562
-1019046
-1017584
-1016371
-1015595
-1015316
-1015399
-1015830
-1016498
-1017422
-1018538
-1019545
-1020323
-1021148
-1021779
-1022095
-1022061
-1021816
-1021501
-1020969
-1020847
-1021315
-1021857
-1022233
-1022138
-1021641
-1021055
-1020383
-1019530
-1018539
-1017622
-1016971
-1016614
-1016638
-1017159
-1018171
-1019512
-1021058
-1022787
-1024781
-1026398
-1027501
-1028422
-1028880
-1028617
-1027649
-1026641
-1025664
-1024473
-1023025
-1021646
-1020535
-1019653
-1019377
-1019376
-1019701
-1020349
-1021175
-1022070
-1022738
-1023310
-1024156
-1024814
-1024960
-1024749
-1024275
-1023698
-1023252
-1022972
-1022608
-1022344
-1022408
-1022426
-1022302
-1022185
-1022236
-1022573
-1022869
-1022910
-1022857
-1022699
-1022341
-1021730
-1021142
-1020522
-1020176
-1020163
-1020519
-1021011
-1021260
-1021284
-1021184
-1021161
-1020849
-1020434
-1020223
-1020496
-1020984
-1021514
-1021897
-1022028
-1022271
-1022704
-1023419
-1023974
-1024908
-1026462
-1027635
-1027593
-1026246
-1024353
-1022292
-1020307
-1018629
-1017697
-1017522
-1017830
-1018588
-1019929
-1021855
-1024387
-1026776
-1027775
-1020787
-1029783
-1040281
-1031317
-1017461
-1005168
 -996494
 -995536
-1000798
-1018991
-1038884
-1056703
-1070205
-1078661
-1082176
-1080755
-1074567
-1064026
-1050003
-1033418
-1015520
 -997728
 -981067
 -966691
 -955624
 -948745
 -946644
 -949453
 -957032
 -969274
 -985310
-1003673
-1022595
-1040931
-1057217
-1070397
-1079846
-1084856
-1085083
-1080688
-1072179
-1060936
-1048110
-1034953
-1022896
-1012488
-1004240
 -998982
 -997017
 -998460
-1002578
-1008292
-1014819
-1021568
-1027966
-1033199
-1036767
-1038782
-1039095
-1038489
-1037143
-1034855
-1031996
-1029098
-1026332
-1023722
-1021791
-1020304
-1018840
-1017413
-1015868
-1014361
-1012867
-1011528
-1010919
-1011050
-1011771
-1013190
-1015412
-1018556
-1022371
-1026537
-1030545
-1033926
-1036595
-1038123
-1038500
-1037626
-1035581
-1032525
-1028516
-1024126
-1019858
-1015995
-1014113
-1014599
-1014839
-1011138
-1009592
-1012059
-1014230
-1006920
-1006099
-1016392
-1028172
-1039028
-1048092
-1055224
-1060074
-1062477
-1062375
-1060001
-1055694
