  620934
  610833
  599002
  585725
  571218
  555817
  539955
  523867
  507873
  492088
  476498
  461370
  446828
  432773
  418979
  405236
  391402
  377473
  363703
  350384
  337804
  326230
  315854
  306793
  299315
  293633
  289784
  287669
  287024
  287753
  289748
  292859
  296993
  301932
  307594
  313908
  320939
  328689
  337175
  346483
  356803
  368094
  380339
  393532
  407555
  422166
  437124
  452144
  467005
  481502
  495398
  508450
  520440
  531685
  542228
  551952
  560910
  569292
  577133
  584214
  590658
  596470
  601263
  604688
  607346
  609167
  609797
  609006
  606716
  602777
  597338
  590640
  582804
  574066
  564759
  554875
  544118
  533273
  522652
  511978
  501206
  490210
  478927
  467301
  455327
  442934
  430235
  417525
  405127
  393290
  382333
  372339
  363486
  355770
  349143
  343734
  339497
  336253
  333901
  332288
  331304
  330973
  331374
  332580
  334591
  337453
  341302
  346168
  352195
  359355
  367531
  376511
  386105
  396234
  406799
  417559
  428345
  439140
  449876
  460364
  470603
  480574
  490308
  499839
  509146
  518182
  526921
  535263
  543167
  550489
  557114
  562931
  567890
  571849
  574758
  576572
  577290
  576972
  575730
  573587
  570671
  567126
  563110
  558604
  553490
  547771
  541511
  534715
  527331
  519300
  510686
  501495
  491831
  481842
  471630
  461378
  451207
  441276
  431774
  422843
  414547
  406951
  399978
  393516
  387549
  382035
  377073
  372728
  369005
  365909
  363452
  361712
  360838
  360868
  361742
  363511
  366182
  369692
  373983
  378995
  384623
  390896
  397586
  404608
  411901
  419396
  427081
  434910
  442886
  450893
  458941
  467035
  475222
  483323
  491307
  499118
  506631
  513750
  520414
  526606
  532283
  537315
  541716
  545311
  548099
  550044
  551213
  551768
  551754
  551225
  550240
  548778
  546747
  544034
  540680
  536757
  532195
  527182
  521778
  515885
  509519
  502721
  495594
  488375
  481132
  473941
  466861
  459976
  453336
  446943
  440758
  434771
  429015
  423488
  418071
  412947
  408221
  403901
  399967
  396534
  393694
  391494
  389959
  389082
  388897
  389377
  390564
  392311
  394553
  397189
  400235
  403778
  407803
  412250
  416975
  421937
  427163
  432708
  438495
  444396
  450508
  456835
  463239
  469724
  476243
  482614
  488764
  494615
  500111
  505191
  509837
  514054
  517873
  521197
  524203
  526915
  529278
  531190
  532704
  533774
  534283
  534139
  533478
  532278
  530485
  528075
  525138
  521637
  517597
  513164
  508404
  503430
  498385
  493422
  488491
  483528
  478627
  473790
  468949
  464117
  459333
  454637
  450009
  445262
  440414
  435739
  431282
  427078
  423185
  419735
  416743
  414151
  411884
  409857
  408637
  408336
  408679
  409452
  410614
  412178
  414140
  416341
  418747
  421387
  424268
  427435
  430913
  434794
  439020
  443578
  448394
  453399
  458528
  463637
  468667
  473596
  478303
  482883
  487366
  491715
  495821
  499706
  503448
  507060
  510545
  513772
  516679
  519185
  521269
  522810
  523780
  523878
  523237
  522425
  521476
  520460
  519146
  517417
  515247
  512688
  509767
  506535
  503010
  499191
  495106
  490751
  486275
  481800
  477240
  472571
  468036
  463597
  459317
  455198
  451153
  447327
  443717
  440317
  437189
  434341
  431741
  429416
  427431
  425853
  424802
  424173
  423863
  423888
  424272
  425053
  426093
  427180
  428737
  430760
  433080
  435624
  438382
  441382
  444568
  447878
  451318
  454923
  458684
  462623
  466688
  470723
  474793
  478836
  482831
  486637
  490118
  493194
  495944
  498449
  500863
  503063
  505021
  506755
  508148
  509219
  510146
  510828
  511279
  511511
  511471
  511150
  510563
  509664
  508370
  506766
  504789
  502470
  499818
  496905
  493838
  490708
  487603
  484485
  481391
  478276
  475116
  471993
  468932
  466067
  463288
  460505
  457744
  455093
  452740
  450636
  448745
  447040
  445598
  444347
  443307
  442503
  441935
  441540
  441272
  441253
  441523
  441996
  442736
  443792
  444977
  446320
  447841
  449549
  451451
  453465
  455595
  457791
  460057
  462357
  464673
  467139
  469700
  472361
  475057
  477769
  480473
  483119
  485589
  487911
  490118
  492163
  494076
  495885
  497611
  499140
  500466
  501552
  502398
  503082
  503581
  503804
  503706
  503368
  502909
  502370
  501668
  500686
  499509
  498292
  496974
  495404
  493579
  491602
  489568
  487481
  485334
  483027
  480648
  478224
  475703
  473135
  470529
  467907
  465292
  462723
  460146
  457519
  454969
  452722
  450871
  449580
  449974
  453413
  457132
  459826
  461337
  461713
  461221
  460382
  459094
  457265
  455441
  454302
  453875
  454531
  455988
  458018
  460536
  463599
  466954
  470379
  473377
  475658
  477220
  478470
  479536
  480771
  482241
  483827
  485628
  487586
  489431
  491095
  492625
  493974
  494781
  495470
  496320
  496867
  496885
  496779
  496834
  497041
  497582
  498246
  498952
  499680
  500149
  500109
  499666
  498755
  497439
  495716
  493648
  491326
  488730
  485589
  482093
  478697
  475486
  472528
  469953
  467786
  465990
  464568
  463397
  462432
  461674
  460994
  460250
  459437
  458735
  458079
  457347
  456743
  456292
  455817
  455414
  455282
  455554
  456192
  457219
  458517
  459862
  461341
  463092
  464980
  466827
  468801
  470924
  472855
  474718
  476469
  478191
  479928
  481613
  483151
  484535
  485902
  487419
  489213
  491048
  492503
  493868
  495232
  496328
  496940
  497286
  497443
  497263
  496740
  495916
  494572
  493365
  492861
  493037
  493436
  493679
  493696
  492475
  489636
  486112
  483260
  481716
  480741
  479577
  478348
  477315
  476407
  475442
  474859
  474601
  474509
  474638
  475211
  475665
  475662
  475429
  474936
  474161
  472985
  471776
  471119
  470971
  471005
  470969
  470741
  470616
  471211
  472416
  473584
  474987
  476006
  476361
  476184
  475671
  474959
  474186
  473647
  473386
  473324
  473699
  474629
  475464
  476026
  476383
  476756
  477206
  477690
  478217
  478751
  479281
  479828
  480425
  481096
  480900
  475234
  467847
  463304
  461539
  461074
  456455
  448524
  441745
  439434
  441337
  446448
  453668
  461857
  470099
  477610
  483828
  488514
  491554
  493164
  493688
  493578
  493272
  492967
  492994
  493686
  495126
  497225
  499747
  502378
  504830
  506793
  508025
  508484
  508230
  507331
  505913
  504249
  502524
  500987
  499766
  498845
  498048
  497258
  496369
  495076
  493085
  490439
  486943
  482578
  477558
  472095
  466484
  461159
  456563
  453008
  450795
  450078
  450769
  452723
  455812
  459661
  463840
  467945
  471653
  474715
  476919
  478229
  478835
  478867
  478606
  478436
  478656
  479453
  480814
  482730
  485229
  488177
  491230
  494172
  496753
  498671
  499866
  500414
  500384
  499873
  498976
  497889
  496781
  495779
  494976
  494464
  494136
  493884
  493592
  493097
  492347
  491165
  489471
  487471
  485127
  482508
  479713
  475586
  463484
  445406
  430788
  422242
  419368
  421531
  427723
  436550
  446635
  456670
  465638
  472725
  477446
  479838
  480233
  479085
  477131
  475114
  473703
  473498
  474809
  477754
  482177
  487656
  493627
  499597
  505008
  509401
  512431
  513970
  514138
  513269
  511698
  509806
  508085
  506907
  506444
  506769
  507777
  509180
  510533
  511410
  511371
  510051
  507244
  502943
  497357
  490834
  483824
  476969
  470842
  465887
  462502
  460919
  461099
  462825
  465757
  469391
  473146
  476527
  478985
  480202
  480141
  478890
  476774
  474221
  471594
  467158
  460497
  456556
  455681
  457498
  461577
  467116
  473092
  479116
  484701
  489353
  492625
  494340
  494673
  493729
  492126
  490164
  488039
  486356
  485543
  485715
  486890
  488869
  491296
  493830
  492523
  477379
  459156
  446367
  439062
  436674
  438546
  443529
  450413
  458443
  466883
  474974
  482113
  487809
  491735
  493909
  494679
  494288
  493122
  491691
  490387
  489633
  489672
  490732
  492609
  495018
  497769
  500723
  503633
  506279
  508507
  510282
  511599
  512489
  513028
  513336
  513490
  513491
  513472
  513370
  513069
  512430
  511173
  509020
  506005
  502120
  497438
  492185
  486551
  480893
  475583
  470873
  466960
  464056
  462348
  461842
  462454
  463906
  465941
  468318
  470745
  472867
  474389
  475141
  475204
  474615
  473605
  472248
  470640
  469495
  469141
  469680
  471000
  473043
  475689
  478707
  481830
  484885
  487659
  489940
  491757
  493105
  494162
  494972
  495595
  496193
  496822
  497537
  498399
  499397
  500374
  501284
  502069
  502544
  502593
  502103
  501109
  499605
  497533
  495010
  492340
  490072
  488503
  484411
  453558
  412487
  408392
  409227
  386118
  367235
  364896
  388029
  422061
  470756
  492517
  499385
  518299
  548855
  570733
  581074
  582005
  577147
  567359
  552421
  536236
  522844
  514289
  510831
  512148
  517207
  524537
  530774
  512965
  475066
  448651
  431592
  430837
  459647
  495633
  526967
  551497
  569018
  578721
  578524
  569100
  553218
  533422
  511806
  490113
  469873
  452172
  431172
  389663
  349737
  331598
  324921
  322373
  329594
  344924
  366303
  391972
  418986
  443494
  463559
  479353
  490931
  498523
  502569
  504316
  504399
  503456
  502276
  501287
  500630
  500526
  501047
  502230
  503937
  506086
  508855
  512129
  515960
  520552
  525912
  532174
  539308
  547142
  555096
  562594
  569009
  573587
  575456
  573977
  568993
  560386
  548427
  533733
  517187
  499902
  482856
  467171
  453789
  443656
  437529
  435018
  435572
  439232
  444978
  451600
  458316
  464357
  469196
  472404
  473879
  473753
  472380
  470221
  467711
  465388
  463801
  463175
  463856
  465875
  469209
  473414
  478163
  483059
  487682
  491780
  495231
  497976
  500085
  501745
  503152
  504395
  505709
  507193
  508907
  510793
  512619
  514260
  515351
  515621
  514854
  512841
  509596
  505375
  500254
  494664
  489092
  483963
  479704
  476585
  474823
  474401
  475104
  476824
  479270
  482004
  484568
  486690
  488056
  488642
  488528
  487726
  486284
  484647
  483107
  481959
  481478
  481761
  482872
  484795
  487326
  490241
  493293
  496326
  499110
  501437
  503203
  504416
  505077
  505158
  504761
  504076
  503417
  502835
  502595
  502663
  502893
  503014
  502991
  502771
  502364
  501504
  499973
  497839
  495270
  492321
  489239
  486181
  483146
  480459
  478434
  477296
  476986
  477007
  476792
  476050
  475161
  474743
  475023
  475462
  475987
  476447
  476708
  476655
  476210
  475516
  475375
  477158
  480775
  485036
  489117
  492891
  496067
  498582
  500376
  501516
  502004
  502138
  502046
  501852
  501923
  502248
  502661
  503166
  503942
  504972
  506168
  507269
  508123
  508587
  508574
  508073
  507144
  505817
  504131
  502261
  500357
  498539
  496797
  495302
  494040
  492891
  491868
  490845
  489776
  488621
  487307
  485607
  483656
  481816
  480410
  479412
  478696
  478348
  478339
  478480
  478893
  479728
  480844
  482208
  483662
  484776
  485278
  485163
  484985
  485057
  485127
  485143
  485351
  485772
  486539
  486973
  482142
  467187
  437931
  179032
 -462851
-1183024
-1721499
-1986200
-2010824
-1840623
-1527620
-1125831
 -688228
 -263573
  107238
  394713
  583906
  674791
  681074
  627470
  546197
  470400
  427399
  434732
  499195
  618166
  782113
  976997
 1184951
 1385840
 1559822
 1690723
 1768534
 1791205
 1764889
 1702489
 1622087
 1543386
 1483251
 1452143
 1452278
 1478136
 1518630
 1558764
 1582400
 1573899
 1519690
 1410517
 1243084
 1021633
  757293
  467724
  174905
  -97578
 -326966
 -495844
 -594518
 -621354
 -582634
 -490759
 -362500
 -217092
  -73889
   49187
  138147
  184373
  186017
  147802
   80230
   -1680
  -80685
 -140306
 -167217
 -153251
  -96232
     187
  128100
  275904
  430257
  577211
  704178
  801414
  863470
  889490
  883330
  853037
  809300
  763923
  727717
  708564
  710405
  732896
  771925
  820407
  869575
  909772
  932438
  930499
  900034
  840935
  756778
  654589
  544136
  436703
  343171
  272500
  230592
  219624
  237524
  279144
  336774
  401147
  462608
  512583
  544458
  554231
  541174
  508152
  460867
  407277
  356483
  316936
  295597
  296869
  321826
  368243
  431277
  504156
  579135
  648333
  704806
  743171
  760300
  756041
  732823
  695653
  650809
  605262
  565228
  535730
  519719
  517726
  527906
  546530
  568473
  588190
  600266
  600182
  585182
  554508
  509670
  453914
  392355
  331010
  275862
  232061
  203463
  191698
  196351
  215135
  244153
  278512
  313190
  343588
  366084
  378227
  379475
  371210
  356416
  339354
  324691
  316704
  319235
  334436
  362994
  403986
  454576
  510834
  568496
  623129
  670564
  707640
  732604
  745112
  746365
  738702
  725640
  711027
  698237
  690191
  688631
  693959
  705153
  720217
  736236
  749876
  757937
  757796
  747582
  726799
  696048
  657010
  612648
  566320
  521591
  481446
  447872
  422361
  405196
  395536
  391405
  390398
  390004
  387662
  381360
  369872
  353064
