 -101357
 -101238
 -100937
 -100479
  -99903
  -99292
  -98781
  -98440
  -98269
  -98220
  -98364
  -98719
  -99262
  -99905
 -100533
 -101070
 -101446
 -101688
 -101770
 -101656
 -101414
 -101076
 -100751
 -100520
 -100403
 -100358
 -100418
 -100573
 -100789
 -101040
 -101351
 -101751
 -101895
 -101518
 -101311
 -101534
 -102137
 -103036
 -104136
 -105240
 -106274
 -107056
 -107511
 -107484
 -106923
 -105955
 -104776
 -103573
 -102395
 -101357
 -100659
 -100366
 -100453
 -100838
 -101400
 -102074
 -102757
 -103303
 -103683
 -103812
 -103607
 -103033
 -102214
 -101268
 -100272
  -99283
  -98439
  -97904
  -97712
  -97806
  -98078
  -98497
  -99032
  -99556
 -100012
 -100358
 -100603
 -100744
 -100792
 -100742
 -100554
 -100321
 -100171
  -99815
  -99106
  -98558
  -98410
  -98550
  -99020
  -99813
 -100962
 -102459
 -104011
 -105077
 -105337
 -104831
 -103801
 -102389
 -100787
  -99222
  -97955
  -97181
  -97091
  -97728
  -98978
 -100618
 -102431
 -104309
 -105969
 -107120
 -107672
 -107593
 -106903
 -105673
 -104082
 -102391
 -100853
  -99621
  -98876
  -98686
  -98953
  -99688
 -100819
 -102121
 -103463
 -104641
 -105512
 -105956
 -105943
 -105498
 -104668
 -103556
 -102427
 -101350
 -100407
  -99696
  -99249
  -99094
  -99203
  -99464
  -99820
 -100220
 -100704
 -101052
 -100877
 -100160
  -99177
  -98598
  -98842
 -100075
 -102147
 -104523
 -106649
 -108157
 -108775
 -108341
 -106645
 -103802
 -100807
  -98163
  -95635
  -93563
  -92609
  -92951
  -94493
  -96838
  -99642
 -102563
 -105170
 -107135
 -108173
 -108649
 -108042
 -106220
 -104319
 -101288
  -97150
  -91091
  -85911
  -83264
  -83726
  -87272
  -93459
 -101361
 -109854
 -117698
 -123687
 -127074
 -127574
 -125131
 -120014
 -112808
 -104344
  -95994
  -89017
  -84295
  -82349
  -83366
  -87113
  -92977
 -100114
 -107452
 -113964
 -118748
 -121159
 -120908
 -117940
 -112521
 -105423
  -97768
  -90519
  -84500
  -80385
  -78595
  -79358
  -82592
  -87820
  -94213
 -100923
 -107044
 -111715
 -114450
 -115013
 -113344
 -109811
 -105026
  -99676
  -94578
  -90552
  -88118
  -87651
  -89234
  -92645
  -97364
 -102729
 -108046
 -112657
 -116012
 -117697
 -117425
 -115307
 -111746
 -107333
 -102763
  -98563
  -95376
  -95964
 -101668
 -105511
 -104772
 -101511
  -97444
  -93799
  -91314
  -90499
  -91498
  -94169
  -98137
 -102885
 -107772
 -112073
 -115233
 -116800
 -116495
 -114369
 -110718
 -106042
 -100974
  -96183
  -92299
  -89816
  -89080
  -90138
  -92868
  -96880
 -101613
 -106381
 -110489
 -113388
 -114723
 -114337
 -112351
 -109076
 -104939
 -100525
  -96397
  -93145
  -91094
  -90402
  -91136
  -93148
  -96156
  -99678
 -103168
 -106160
 -108181
 -109008
 -108584
 -107013
 -104485
 -101428
  -98378
  -95778
  -93905
  -93055
  -93381
  -94799
  -97054
  -99849
 -102817
 -105566
 -107690
 -108929
 -109198
 -108469
 -106834
 -104609
 -102121
  -99754
  -97834
  -96675
  -96436
  -97124
  -98659
 -100796
 -103277
 -105739
 -107868
 -109301
 -109877
 -109552
 -108385
 -106598
 -104434
 -102158
 -100084
  -98443
  -97396
  -97070
  -97524
  -98723
 -100451
 -102431
 -104403
 -106059
 -107344
 -107910
 -106819
 -104031
 -101115
 -101252
 -106472
 -111563
 -113576
 -112062
 -107168
  -99685
  -90770
  -81756
  -74079
  -68885
  -67053
  -68968
  -74570
  -83158
  -93708
 -104936
 -115381
 -123771
 -129189
 -131101
 -129299
 -124090
 -116283
 -107101
  -97923
  -90126
  -84871
  -82811
  -84184
  -88821
  -96026
 -104778
 -113876
 -122013
 -128098
 -131394
 -131544
 -128552
 -122845
 -115198
 -106617
  -98220
  -91091
  -86108
  -83749
  -84185
  -87193
  -92151
  -98151
 -104277
 -109600
 -113344
 -114965
 -114286
 -111369
 -106701
 -101013
  -95044
  -89671
  -85697
  -83615
  -83694
  -85937
  -89960
  -95253
 -101102
 -106660
 -111208
 -114163
 -115229
 -114380
 -111739
 -107820
 -103199
  -98476
  -94408
  -91474
  -90097
  -90585
  -92811
  -96394
 -100877
 -105718
 -110154
 -113533
 -115433
 -115719
 -114425
 -111617
 -107747
 -103393
  -99116
  -95452
  -92862
  -91694
  -91912
  -93425
  -96079
  -99428
 -102918
 -106098
 -108579
 -109925
 -109989
 -108858
 -106679
 -103724
 -100502
  -97395
  -94910
  -93409
  -93147
  -94175
  -96329
  -99307
 -102685
 -106067
 -108952
 -110955
 -111898
 -111668
 -110309
 -108054
 -105253
 -102300
  -99653
  -97670
  -96575
  -96498
  -97450
  -99373
 -101997
 -104943
 -107648
 -109702
 -110839
 -110935
 -109989
 -108072
 -105486
 -102559
  -99648
  -97147
  -95342
  -94457
  -94522
  -95487
  -97165
  -99234
 -101324
 -103175
 -104541
 -105297
 -105340
 -104629
 -103321
 -101617
  -99752
  -97989
  -96555
  -95666
  -95551
  -96177
  -97404
  -99129
 -101192
 -103302
 -105139
 -106118
 -104758
 -104079
 -104394
 -104615
 -104851
 -105201
 -105648
 -105974
 -106187
 -106183
 -105906
 -105488
 -105074
 -104658
 -104216
 -103849
 -103640
 -103490
 -103346
 -103253
 -103304
 -103456
 -103846
 -105757
 -108538
 -110028
 -109844
 -107882
 -104518
 -100248
  -95647
  -91395
  -88166
  -86405
  -86317
  -87893
  -91062
  -95378
 -100251
 -105162
 -109448
 -112515
 -114102
 -114077
 -112408
 -109325
 -105371
 -101173
  -97400
  -94572
  -93045
  -93025
  -94514
  -97297
 -100974
 -105050
 -109010
 -112295
 -114476
 -115235
 -114524
 -112494
 -109484
 -105941
 -102264
  -98870
  -96236
  -94771
  -94527
  -95385
  -97188
  -99617
 -102323
 -104919
 -106968
 -108204
 -108475
 -107752
 -106220
 -104016
 -101397
  -98764
  -96503
  -94941
  -94298
  -94706
  -96073
  -98194
 -100835
 -103615
 -106139
 -108133
 -109358
 -109639
 -108970
 -107479
 -105427
 -103110
 -100894
  -98954
  -97548
  -96924
  -97130
  -91369
  -30446
   44606
   75909
   56208
  -10974
 -114702
 -239131
 -365963
 -476398
 -553560
 -584917
 -564066
 -491869
 -376315
 -231573
  -76176
   69507
  186659
  261198
  285514
  259308
  189085
   86685
  -32460
 -151375
 -253504
 -324628
 -354844
 -339944
 -281930
 -188839
  -73682
   47330
  157388
  241491
  288667
  293386
  256145
  182851
   83659
  -28374
 -139105
 -235038
 -304968
 -341350
 -341403
 -307392
 -246263
 -168631
  -87209
  -14833
   37444
   62085
   55923
   20392
  -38934
 -113394
 -192528
 -265404
 -322003
 -354545
 -358650
 -333819
 -283601
 -215079
 -137691
  -62066
    1656
   45267
   63736
   55923
   24275
  -25631
  -85992
 -147766
 -201900
 -240556
 -258153
 -252155
 -223302
 -175517
 -115380
  -51214
    8145
   54591
   82077
   87255
   69969
   33127
  -18084
  -76587
 -134574
 -184633
 -220511
 -238005
 -235502
 -214147
 -177682
 -131893
  -83725
  -40230
   -7677
    9455
    9040
   -8488
  -40243
  -81519
 -126431
 -168767
 -202743
 -223782
 -229164
 -218207
 -192589
 -156035
 -113658
  -71317
  -34658
   -8474
    4097
    1941
  -14007
  -40923
  -74525
 -109814
 -141710
 -165791
 -178643
 -178661
 -166036
 -142705
 -112042
  -78525
  -46938
  -21734
   -6397
   -2998
  -11960
  -31976
  -60247
  -92919
 -125711
 -154473
 -175657
 -186796
 -186882
 -176494
 -157547
 -133136
 -107009
  -83109
  -64938
  -55002
  -54608
  -63672
  -80716
 -103301
 -128250
 -152026
 -171335
 -183519
 -186962
 -181210
 -167118
 -146598
 -122348
  -97643
  -75662
  -59056
  -49696
  -48353
  -54763
  -67552
  -84425
 -102644
 -119385
 -131990
 -138588
 -138166
 -130686
 -117123
  -99383
  -79874
  -61238
  -46000
  -36107
  -32797
  -36426
  -46352
  -61120
  -78678
  -96723
 -112960
 -125343
 -132475
 -133721
 -129229
 -119931
 -107510
  -94053
  -81712
  -72453
  -67733
  -68321
  -74291
  -84917
  -98801
 -114166
 -129064
 -141620
 -150308
 -154249
 -153091
 -147110
 -137292
 -125100
 -112375
 -100886
  -92066
  -87049
  -86385
  -90035
  -97258
 -106852
 -117339
 -127099
 -134624
 -138802
 -138940
 -134898
 -127176
 -116770
 -105057
  -93567
  -83725
  -76631
  -73058
  -73309
  -77136
  -83791
  -92176
 -100961
 -108820
 -114669
 -117683
 -117431
 -113986
 -107947
 -100188
  -91763
  -83824
  -77504
  -73645
  -72739
  -74926
  -79834
  -86722
  -94786
 -102928
 -109972
 -115047
 -117613
 -117439
 -114704
 -109944
 -103864
  -97387
  -91538
  -87216
  -84966
  -85211
  -87946
  -92838
  -99260
 -106390
 -113204
 -118808
 -122514
 -123881
 -122898
 -119782
 -115011
 -109370
 -103717
  -98791
  -95252
  -93620
  -94195
  -96753
 -100879
 -106031
 -111474
 -116437
 -120282
 -122494
 -122731
 -121061
 -117734
 -113210
 -108048
 -102979
  -98737
  -95872
  -94682
  -95370
  -97720
 -100994
 -104739
 -108508
 -111501
 -113100
 -113252
 -111956
 -109430
 -106096
 -102260
  -98229
  -94513
  -91813
  -90454
  -90216
  -91160
  -93196
  -95946
  -99000
 -101911
 -104218
 -105549
 -105767
 -104822
 -102894
 -100277
  -97386
  -94667
  -92501
  -91136
  -90818
  -91599
  -93403
  -96012
  -99026
 -102088
 -104805
 -106809
 -107953
 -108156
 -107511
 -106194
 -104515
 -102760
 -101269
 -100329
 -100173
 -100892
 -102388
 -104517
 -106971
 -109445
 -111734
 -113562
 -114853
 -115447
 -115143
 -113983
 -112164
 -109726
 -107062
 -104754
 -103168
 -102522
 -102799
 -103960
 -105850
 -108139
 -110389
 -112276
 -113502
 -113819
 -113033
 -111209
 -108592
 -105449
 -102138
  -99106
  -96763
  -95318
  -94849
  -95305
  -96544
  -98294
 -100235
 -101993
 -103282
 -103935
 -103844
 -103034
 -101592
  -99694
  -97647
  -95745
  -94177
  -93124
  -92772
  -93171
  -94350
  -96147
  -98251
 -100370
 -102309
 -103862
 -104836
 -105164
 -104868
 -104024
 -102864
 -101634
 -100589
  -99914
  -99785
 -100264
 -101410
 -103081
 -104999
 -107011
 -108878
 -110419
 -111575
 -112034
 -111650
 -110647
 -109326
 -107870
 -106260
 -104841
 -103895
 -103454
 -103570
 -104253
 -105432
 -106946
 -108496
 -109878
 -110851
 -111279
 -111140
 -110368
 -109081
 -107388
 -105493
 -103592
 -101889
 -100732
 -100069
  -99652
  -99636
 -100042
 -100690
 -101515
 -102388
 -103122
 -103584
 -103696
 -103449
 -102846
 -101878
 -100678
  -99450
  -98308
  -97415
  -96907
  -96793
  -97079
  -97674
  -98533
  -99607
 -100720
 -101702
 -102432
 -102902
 -103061
 -102915
 -102502
 -101943
 -101424
 -101033
 -100771
 -100734
 -100987
 -101524
 -102305
 -103326
 -104428
 -105503
 -106425
 -107113
 -107507
 -107581
 -107431
 -107101
 -106628
 -106049
 -105503
 -105130
 -105047
 -105266
 -105767
 -106496
 -107343
 -108094
 -108677
 -109007
 -108952
 -108556
 -107922
 -107093
 -106195
 -105334
 -104547
 -103923
 -103558
 -103376
 -103388
 -103636
 -104021
 -104343
 -104532
 -104537
 -104350
 -103980
 -103438
 -102706
 -101915
 -101198
 -100623
 -100196
  -99965
 -100069
 -100641
 -101179
 -101386
 -101446
 -101404
 -101286
 -101149
 -100869
 -100504
 -100204
 -100076
 -100144
 -100365
 -100728
 -101170
 -101596
 -102066
 -102562
 -102962
 -103215
 -103375
 -103481
 -103525
 -103552
 -103595
 -103693
 -104016
 -104408
 -104613
 -104779
 -105002
 -105299
 -105594
 -105837
 -106123
 -106361
 -106574
 -106768
 -106927
 -106999
 -107011
 -107014
 -106940
 -106781
 -106581
 -106357
 -106137
 -105961
 -105855
 -105774
 -105635
 -105495
 -105300
 -104970
 -104548
 -104116
 -103724
 -103421
 -103196
 -103037
 -102959
 -102921
 -102950
 -102949
 -102948
 -102975
 -102985
 -102982
 -102909
 -102776
 -102617
 -102383
 -102088
 -101772
 -101413
 -101108
 -100875
 -100739
 -100727
 -100802
 -101033
 -101589
 -102173
 -102525
 -102526
 -102402
 -102281
 -102198
 -102184
 -102178
 -102276
 -102576
 -103048
 -103605
 -104196
 -104749
 -105175
 -105475
 -105777
 -106046
 -106053
 -105586
 -104860
 -104148
 -103545
 -103213
 -103214
 -103513
 -104097
 -104890
 -105778
 -106720
 -107660
 -108447
 -108951
 -109089
 -108817
 -108190
 -107244
 -106154
 -105070
 -104034
 -103248
 -102795
 -102772
 -103211
 -103812
 -104618
 -105529
 -106111
 -106171
 -105919
 -105419
 -104808
 -104352
 -103891
 -103343
 -102578
 -101701
 -100909
 -100345
 -100152
 -100393
 -100995
 -102235
 -103731
 -103482
 -101309
  -99384
  -98500
  -98833
 -100336
 -102777
 -105723
 -108741
 -111364
 -113262
 -114072
 -113626
 -112011
 -109367
 -106071
 -102565
  -99275
  -96629
  -94933
  -94414
  -95130
  -96869
  -99376
 -102240
 -105084
 -107666
 -109593
 -110568
 -110510
 -110009
 -109025
 -106591
 -103141
 -100864
  -99757
  -98720
  -97602
  -96682
  -95748
  -94702
  -94373
  -94989
  -96602
  -99042
 -102068
 -105384
 -108648
 -111437
 -113440
 -114416
 -114384
 -113382
 -111538
 -109117
 -106511
 -104165
 -102342
 -101238
 -101001
 -101599
 -102949
 -104868
 -107883
 -113207
 -118552
 -121168
 -120407
 -116244
 -109229
 -100533
  -91530
  -83557
  -77758
  -74962
  -75603
  -79750
  -86452
  -91678
  -94772
  -99705
 -107015
 -115940
 -124822
 -132162
 -136913
 -138350
 -136234
 -130749
 -122553
 -112729
 -102543
  -93326
  -86283
  -82259
  -81685
  -84670
  -90527
  -98202
 -106557
 -114207
 -120186
 -123848
 -124736
 -122743
 -118219
 -111828
 -104504
  -97057
  -90169
  -84720
  -81424
  -80625
  -82335
  -86266
  -91834
  -98194
 -104498
 -109923
 -113776
 -115666
 -115400
 -113139
 -109469
 -105112
 -100830
  -97359
  -94939
  -93617
  -93817
  -95657
  -98850
 -102993
 -107534
 -111844
 -115380
 -117519
 -118098
 -116985
 -114454
 -110694
 -106306
 -102058
  -98642
  -96356
  -95418
  -95965
  -97820
 -100725
 -104336
 -108086
 -111399
 -113814
 -115008
 -114800
 -113234
 -110526
 -107021
 -103154
  -99365
  -96177
  -93993
  -93062
  -93536
  -95268
  -97992
 -101316
 -104789
 -108023
 -110668
 -112201
 -112497
 -111601
 -109773
 -107152
 -104176
 -101338
  -99045
  -97509
  -97006
  -97564
  -99052
 -101295
 -103930
 -106600
 -108977
 -110903
 -111899
 -111706
 -110509
 -108584
 -106188
 -103685
 -101427
  -99691
  -98735
  -98741
  -99604
 -101113
 -103043
 -105093
 -106991
 -108505
 -109365
 -109447
 -108738
 -107369
 -105488
 -103324
 -101250
  -99569
  -98488
  -98141
  -98532
  -99574
 -101177
 -103136
 -105150
 -106912
 -108206
 -108959
 -109097
 -108566
 -107405
 -105824
 -104079
 -102407
 -101224
 -100678
 -100471
 -100634
 -101334
 -102535
 -104075
 -105743
 -107361
 -108865
 -109832
 -110054
 -109648
 -108729
 -107431
 -105918
 -104416
 -103096
 -102156
 -101722
 -101839
 -102502
 -103556
 -104775
 -105967
 -106929
 -107510
 -107713
 -107465
 -106788
 -105785
 -104621
 -103467
 -102506
 -101862
 -101405
 -101236
 -101308
 -101621
 -102184
 -102913
 -103704
 -104398
 -104891
 -105151
 -105192
 -104961
 -104455
 -103761
 -102997
 -102238
 -101603
 -101256
 -101248
 -101595
 -102223
 -103121
 -104171
 -105207
 -106127
 -106815
 -107185
 -107210
 -106904
 -106301
 -105520
 -104743
 -104092
 -103606
 -103365
 -103404
 -103714
 -104249
 -105005
 -105861
 -106658
 -107298
 -107733
 -107893
 -107726
 -107277
 -106665
 -105918
 -105115
 -104335
 -103675
 -103237
 -102997
 -102893
 -103014
 -103422
 -103981
 -104492
 -104989
 -105603
 -106013
 -105840
 -105170
 -104279
 -103330
 -102463
 -101814
 -101516
 -101589
 -102230
 -103249
 -104188
 -104934
 -105621
 -106161
 -106377
 -106278
 -105992
 -105526
 -104956
 -104388
 -103968
 -103756
 -103568
 -103524
 -103650
 -103900
 -104193
 -104537
 -104926
 -105309
 -105669
 -105863
 -105812
 -105618
 -105379
 -105067
 -104726
 -104392
 -104090
 -103905
 -103876
 -103955
 -104054
 -104343
 -104867
 -105293
 -105405
 -105309
 -105114
 -104903
 -104713
 -104533
 -104381
 -104308
 -104338
 -104454
 -104582
 -104767
 -105001
 -105289
 -105572
 -105713
 -105735
 -105726
 -105670
 -105694
 -105570
 -105235
 -104881
 -104510
 -104106
 -103788
 -103623
 -103661
 -103959
 -104464
 -105028
 -105691
 -106348
 -106813
 -107035
 -106991
 -106697
 -106188
 -105586
 -104866
 -104055
 -103321
 -102925
 -103087
 -103568
 -104042
 -104246
 -104279
 -104238
 -104137
 -104089
 -104082
 -104385
 -105720
 -108728
 -112469
 -113389
 -109475
 -103168
  -96613
  -90938
  -87071
  -85564
  -86648
  -90223
  -95780
 -102646
 -109908
 -116616
 -122028
 -125297
 -125678
 -123238
 -118646
 -112555
 -105799
  -99413
  -94046
  -90548
  -89520
  -90985
  -94615
  -99692
 -105569
 -111524
 -116553
 -120169
 -121917
 -121584
 -119246
 -115249
 -110155
 -104686
  -99536
  -95369
  -92638
  -91682
  -92567
  -95011
  -98571
 -102743
 -107013
 -111015
 -113736
 -114704
 -114057
 -111947
 -108641
 -104676
 -100629
  -97094
  -94557
  -93321
  -93594
  -95293
  -98213
 -101860
 -105716
 -109298
 -112098
 -113777
 -114375
 -113826
 -111890
 -108715
 -104919
 -101143
  -98003
  -96070
  -95671
  -96588
  -98393
 -101057
 -104329
 -107667
 -110641
 -112902
 -114264
 -114528
 -113600
 -111592
 -108888
 -105887
 -102934
 -100369
  -98567
  -97756
  -98030
  -99276
 -101280
 -103729
 -106255
 -108578
 -110356
 -111345
 -111438
 -110629
 -109017
 -106866
 -104547
 -102555
 -101001
  -99877
  -99206
  -99161
  -99870
 -101187
 -102956
 -104995
 -106960
 -108578
 -109676
 -110180
 -110033
 -109249
 -107894
 -106267
 -104609
 -103154
 -102024
 -101246
 -101076
 -101540
 -102529
 -103948
 -105563
 -107137
 -108413
 -109070
 -109180
 -108770
 -107868
 -106611
 -105221
 -103861
 -102674
 -101790
 -101392
 -101439
 -101869
 -102665
 -103698
 -104805
 -105841
 -106567
 -106954
 -107028
 -106766
 -106164
 -105331
 -104411
 -103536
 -102858
 -102490
 -102472
 -102764
 -103360
 -104219
 -105197
 -106139
 -106969
 -107568
 -107828
 -107776
 -107429
 -106843
 -106076
 -105219
 -104429
 -103870
 -103530
 -103469
 -103681
 -104204
 -104933
 -105674
 -106344
 -106937
 -107338
 -107413
 -107143
 -106602
 -105975
 -105311
 -104625
 -104000
 -103541
 -103372
 -103465
 -103752
 -104198
 -104720
 -105308
 -105845
 -106220
 -106417
 -106401
 -106218
 -105915
 -105499
 -104998
 -104497
 -104128
 -103926
 -103818
 -103858
 -104075
 -104392
 -104753
 -105133
 -105506
 -105799
 -105953
 -105990
 -105809
 -105480
 -105107
 -104667
 -104240
 -103869
 -103626
 -103637
 -103892
 -104243
 -104632
 -105085
 -105583
 -106061
 -106456
 -106745
 -106816
 -106793
 -106767
 -106565
 -106050
 -105186
 -104259
 -103496
 -102998
 -102903
 -103269
 -104029
 -105072
 -106256
 -107394
 -108382
 -109162
 -109544
 -109122
 -106358
 -107083
 -108137
 -104569
 -100141
  -96811
  -95461
  -97183
 -101389
 -109158
 -116954
 -122895
 -125744
 -125116
 -121132
 -114375
 -105781
  -96616
  -88189
  -81637
  -77889
  -77475
  -80512
  -86554
  -94738
 -103963
 -112957
 -120496
 -125683
 -127899
 -126945
 -123007
 -116777
 -109149
 -101199
  -94075
  -88748
  -85907
  -85924
  -88811
  -94122
 -101063
 -108689
 -115939
 -121846
 -125678
 -126985
 -125633
 -121875
 -116308
 -109763
 -103109
  -97130
  -92681
  -90347
  -90313
  -92448
  -96368
 -101484
 -107003
 -112025
 -115862
 -118056
 -118344
 -116642
 -113273
 -108725
 -103627
  -98686
  -94574
  -91866
  -90953
  -91844
  -94409
  -98319
 -103032
 -107854
 -112155
 -115395
 -117106
 -117037
 -115267
 -112094
 -108050
 -103739
  -99730
  -96607
  -94801
  -94534
  -95837
  -98430
 -101906
 -105737
 -109395
 -112674
 -115276
 -116165
 -114384
 -111574
 -108608
 -105080
  -99525
  -96259
  -96790
  -99060
 -102389
 -106182
 -109875
 -112892
 -114735
 -115080
 -113819
 -111182
