 -117018
 -115043
 -111873
 -107742
 -103088
  -98126
  -93200
  -88610
  -84707
  -81773
  -79923
  -79091
  -79012
  -79302
  -79641
  -79339
  -78364
  -77447
  -76437
  -74950
  -72962
  -70598
  -67696
  -64131
  -60652
  -57717
  -55886
  -56095
  -56095
  -53182
  -50765
  -50473
  -51606
  -52472
  -47856
  -27046
    4448
   28334
   35833
   25231
    -817
  -39116
  -88556
 -146301
 -202928
 -249427
 -281021
 -295790
 -293830
 -277087
 -248640
 -212732
 -174024
 -136899
 -105041
  -81318
  -66943
  -61617
  -63776
  -70847
  -79856
  -87968
  -92546
  -91615
  -84399
  -71203
  -53385
  -32802
  -11723
    7769
   23616
   34526
   39981
   40497
   37146
   31737
   26325
   22990
   23597
   28980
   39145
   53102
   69210
   85106
   98357
  106558
  107434
   99518
   82326
   56311
   22913
  -15588
  -56354
  -96254
 -132568
 -163052
 -186048
 -201275
 -209084
 -210687
 -208054
 -203481
 -199127
 -196951
 -198634
 -204879
 -215715
 -230390
 -247452
 -265089
 -281190
 -293392
 -299921
 -299748
 -292808
 -279635
 -261338
 -239441
 -215629
 -191713
 -169064
 -148757
 -131431
 -117234
 -105691
  -95763
  -86290
  -76092
  -64159
  -49712
  -32492
  -12788
    8498
   30372
   51395
   70170
   85511
   96354
  102153
  102914
   99065
   91439
   81298
   69979
   58791
   48932
   41050
   35348
   31546
   29006
   27194
   25052
   21245
   14827
    5205
   -7819
  -24083
  -42911
  -63411
  -84515
 -105202
 -124196
 -140503
 -153563
 -163193
 -169716
 -173453
 -175253
 -175482
 -174690
 -173819
 -174071
 -176281
 -180504
 -186307
 -193116
 -200009
 -206100
 -210396
 -212159
 -210949
 -206640
 -199319
 -189590
 -178165
 -166170
 -154746
 -144566
 -135476
 -127670
 -121333
 -115942
 -110940
 -105633
  -99545
  -92388
  -83827
  -73837
  -62566
  -50095
  -37321
  -25196
  -14482
   -5650
    1890
   11254
   25455
   37695
   42153
   38938
   28696
   13177
   -5377
  -24621
  -42582
  -57654
  -68458
  -74242
  -75353
  -72355
  -66506
  -59271
  -52072
  -46344
  -42942
  -42695
  -45567
  -51179
  -58758
  -67081
  -75302
  -82504
  -87831
  -91041
  -91958
  -91010
  -88791
  -85907
  -83037
  -80820
  -79880
  -80560
  -82820
  -86487
  -91140
  -95646
  -99236
 -103092
 -106947
 -109307
 -109632
 -107988
 -104242
  -98533
  -91579
  -83832
  -76147
  -70076
  -66591
  -66105
  -69368
  -75839
  -84249
  -93583
 -102400
 -109197
 -113393
 -115348
 -114985
 -112370
 -107839
 -102081
  -95833
  -90592
  -87221
  -86280
  -87358
  -90064
  -93998
  -98366
 -102697
 -106374
 -108770
 -109241
 -107612
 -104037
  -98717
  -92077
  -84725
  -77459
  -71027
  -65815
  -62534
  -61795
  -62805
  -64723
  -67086
  -69298
  -70394
  -70147
  -68687
  -66033
  -62407
  -57675
  -52247
  -46639
  -41560
  -37688
  -35447
  -35100
  -36535
  -39554
  -43644
  -48402
  -53479
  -58422
  -62808
  -66394
  -68868
  -70060
  -70539
  -70584
  -70613
  -70997
  -72147
  -74414
  -77848
  -82353
  -87542
  -93120
  -98875
 -104439
 -109301
 -113014
 -115524
 -116849
 -117227
 -116634
 -115378
 -113791
 -112317
 -111289
 -110952
 -111251
 -112156
 -113464
 -114860
 -116187
 -117121
 -117303
 -116582
 -114702
 -111613
 -107589
 -102855
  -97852
  -92913
  -88370
  -84386
  -81120
  -78640
  -76985
  -75992
  -75226
  -74428
  -73520
  -72241
  -70455
  -68161
  -65744
  -63444
  -61146
  -58331
  -55153
  -52058
  -49097
  -46132
  -43755
  -42988
  -43952
  -44724
  -41802
  -35909
  -32276
  -31434
  -33594
  -38776
  -46669
  -56273
  -66985
  -77753
  -87704
  -96356
 -103153
 -107995
 -110978
 -112260
 -112154
 -111109
 -109806
 -108662
 -107790
 -107402
 -107718
 -108615
 -109898
 -111175
 -112067
 -112455
 -112130
 -111129
 -109462
 -107239
 -104664
 -102188
 -100017
  -98228
  -96740
  -95477
  -94232
  -92804
  -91040
  -88602
  -85128
  -80505
  -75086
  -69196
  -62787
  -56249
  -50249
  -44903
  -40706
  -38239
  -37952
  -39648
  -43052
  -47528
  -52491
  -57492
  -62157
  -65989
  -68725
  -70235
  -70740
  -70431
  -69596
  -68649
  -67801
  -67433
  -68020
  -69616
  -72174
  -75532
  -79446
  -83647
  -87809
  -91634
  -95021
  -97957
 -100118
 -101487
 -102207
 -102371
 -102125
 -101705
 -101237
 -100746
 -100525
 -100470
 -100414
 -100283
  -99942
  -99249
  -98135
  -96364
  -94082
  -91351
  -88543
  -85668
  -82979
  -80705
  -78955
  -77748
  -76876
  -76349
  -76246
  -76523
  -76789
  -76666
  -76167
  -75415
  -74469
  -73172
  -71515
  -69858
  -68264
  -66909
  -65948
  -65571
  -65809
  -66628
  -67986
  -69872
  -72066
  -74315
  -76187
  -77898
  -79744
  -81143
  -82263
  -83204
  -83891
  -84084
  -84689
  -90098
  -95003
  -93289
  -89169
  -84597
  -80168
  -76291
  -73438
  -71987
  -72099
  -73655
  -76261
  -79693
  -83296
  -86605
  -89301
  -91277
  -92268
  -92029
  -90409
  -87827
  -85120
  -82923
  -81654
  -81398
  -81974
  -83389
  -85486
  -88017
  -90585
  -92730
  -94123
  -94617
  -94234
  -93040
  -91131
  -88821
  -86469
  -84567
  -83161
  -82365
  -82317
  -82934
  -84053
  -85496
  -86987
  -88154
  -88573
  -87933
  -86466
  -84155
  -81206
  -77802
  -74195
  -70775
  -67748
  -65313
  -63711
  -62954
  -62922
  -63588
  -64685
  -65819
  -66754
  -67366
  -67551
  -67317
  -66564
  -65358
  -63830
  -62259
  -61103
  -60572
  -60951
  -62164
  -64249
  -66968
  -70110
  -73364
  -76496
  -79113
  -81179
  -82953
  -84334
  -85436
  -86346
  -87241
  -88234
  -89477
  -91015
  -92844
  -94958
  -97112
  -99254
 -101318
 -103164
 -104647
 -105622
 -105999
 -105782
 -105071
 -103958
 -102538
 -100866
  -99241
  -97777
  -96683
  -95925
  -95639
  -95550
  -95284
  -94489
  -92914
  -90774
  -88205
  -84694
  -84282
  -87062
  -84583
  -77698
  -66227
  -55434
  -47042
  -41836
  -40106
  -41652
  -46185
  -52639
  -60290
  -68244
  -75459
  -81081
  -84816
  -86485
  -86143
  -84100
  -80898
  -77126
  -73459
  -70496
  -68549
  -68334
  -69679
  -72385
  -76166
  -80892
  -86955
  -94974
 -105451
 -113353
 -115500
 -111450
 -102198
  -89437
  -75051
  -60609
  -47728
  -38015
  -32224
  -30683
  -33125
  -38809
  -46553
  -54950
  -62841
  -69120
  -73088
  -74472
  -73461
  -70670
  -66919
  -63222
  -60445
  -59395
  -60761
  -64898
  -71712
  -80604
  -90619
 -100718
 -109944
 -117326
 -122372
 -124931
 -125155
 -123290
 -120204
 -116850
 -114209
 -113057
 -113894
 -116934
 -122000
 -128688
 -136260
 -143894
 -150599
 -155263
 -157300
 -156228
 -151745
 -144158
 -133900
 -121613
 -108251
  -95252
  -83682
  -73893
  -66678
  -62246
  -60170
  -59937
  -60648
  -61562
  -61815
  -60572
  -57537
  -52437
  -45503
  -37166
  -28098
  -19128
  -11063
   -4755
    -779
     682
    -357
   -3643
   -8682
  -14882
  -21492
  -27882
  -33473
  -37918
  -41152
  -43344
  -44930
  -46585
  -48662
  -51546
  -55571
  -61267
  -68529
  -77044
  -86456
  -96321
 -106140
 -115291
 -123035
 -129006
 -133061
 -135285
 -135637
 -134460
 -132380
 -129815
 -127376
 -125802
 -125295
 -125770
 -127037
 -128809
 -130655
 -132212
 -132832
 -132232
 -130063
 -126103
 -120642
 -114031
 -106560
  -98746
  -91080
  -84075
  -78074
  -73283
  -69971
  -67804
  -66543
  -65763
  -65077
  -63965
  -62242
  -59575
  -56060
  -51853
  -47080
  -42269
  -37909
  -34297
  -31606
  -30264
  -30323
  -31744
  -34544
  -38410
  -43052
  -47974
  -52547
  -56300
  -59010
  -60428
  -60557
  -59685
  -58337
  -56933
  -56074
  -56049
  -57017
  -59503
  -63197
  -68009
  -75034
  -85636
  -97789
 -109068
 -115910
 -117876
 -115406
 -109163
 -100255
  -90189
  -80559
  -72816
  -67830
  -66104
  -67737
  -72478
  -79592
  -88008
  -96626
 -104526
 -110838
 -114948
 -116575
 -115919
 -113474
 -109806
 -105764
 -102315
  -99961
  -99192
 -100369
 -103152
 -107025
 -111581
 -115993
 -119485
 -121335
 -121229
 -119255
 -115413
 -110108
 -103840
  -97244
  -91071
  -85928
  -82474
  -81008
  -81222
  -82854
  -85532
  -88758
  -91708
  -93555
  -93645
  -91568
  -87169
  -80768
  -72796
  -63932
  -54753
  -46090
  -38732
  -33297
  -29898
  -28529
  -29127
  -31324
  -34599
  -38138
  -41276
  -43627
  -44859
  -44879
  -43758
  -41886
  -39746
  -37806
  -36695
  -36857
  -38513
  -41838
  -46555
  -52569
  -59426
  -66527
  -73396
  -79713
  -85143
  -89525
  -92733
  -94914
  -96239
  -97178
  -98466
 -100626
 -103513
 -106848
 -110370
 -113986
 -117527
 -120879
 -123774
 -126018
 -127302
 -127518
 -126688
 -124707
 -121790
 -118133
 -114218
 -110194
 -106392
 -103080
 -100393
  -98284
  -96692
  -95413
  -94162
  -92821
  -91100
  -88603
  -85255
  -81143
  -76299
  -70918
  -65492
  -60477
  -56241
  -53288
  -51583
  -51074
  -51444
  -52507
  -53948
  -55383
  -56265
  -56348
  -55744
  -54483
  -52685
  -50631
  -48676
  -47066
  -46156
  -46094
  -46728
  -47923
  -49812
  -52852
  -56833
  -61332
  -65856
  -69868
  -73134
  -75748
  -77509
  -78472
  -78797
  -78738
  -78788
  -79473
  -80890
  -83054
  -85890
  -89250
  -92886
  -96344
  -99365
 -101838
 -103646
 -104635
 -104759
 -103147
 -102174
 -104978
 -109524
 -113658
 -115437
 -114708
 -111734
 -106874
 -100731
  -93958
  -87184
  -80995
  -75681
  -71545
  -68851
  -67641
  -67745
  -68719
  -70175
  -71849
  -73333
  -74374
  -74886
  -74873
  -74406
  -73597
  -72604
  -71724
  -71199
  -71027
  -71170
  -71600
  -72350
  -73243
  -74143
  -74990
  -75741
  -76344
  -76681
  -76874
  -76983
  -77079
  -77501
  -78272
  -79514
  -81259
  -83460
  -86090
  -89022
  -91985
  -94674
  -96869
  -98357
  -99001
  -98673
  -97473
  -95346
  -92395
  -89122
  -85793
  -82750
  -79734
  -75993
  -74363
  -77436
  -81228
  -84096
  -85713
  -85764
  -83990
  -80355
  -75399
  -69754
  -63800
  -58107
  -53319
  -49666
  -47462
  -46811
  -47477
  -49282
  -52028
  -55198
  -58297
  -61001
  -63212
  -64909
  -66139
  -66939
  -67520
  -68122
  -68981
  -70229
  -72066
  -74562
  -77636
  -81253
  -85180
  -89051
  -92599
  -95646
  -98084
  -99830
 -100962
 -101598
 -101852
 -102031
 -102448
 -102982
 -103766
 -104840
 -106136
 -107575
 -108829
 -109707
 -110048
 -109746
 -108849
 -107257
 -104706
 -101246
  -97238
  -92835
  -88356
  -84116
  -79878
  -72370
  -59080
  -45510
  -38022
  -37246
  -42695
  -53335
  -67622
  -83566
  -99162
 -112622
 -122435
 -127882
 -128613
 -124997
 -117894
 -108190
  -97191
  -86225
  -76297
  -68298
  -62668
  -59610
  -58857
  -59806
  -61568
  -63271
  -64184
  -63659
  -61314
  -57287
  -52062
  -46090
  -40047
  -34738
  -30907
  -28854
  -28651
  -30184
  -33075
  -36726
  -40258
  -42862
  -44011
  -43318
  -40408
  -35243
  -28649
  -21937
  -16244
  -12543
  -11530
  -13903
  -20014
  -29701
  -42288
  -56830
  -72150
  -87221
 -101053
 -112804
 -121881
 -127852
 -130946
 -131716
 -130838
 -129174
 -127385
 -126345
 -126438
 -128087
 -131270
 -135681
 -140892
 -146214
 -150727
 -153943
 -155380
 -154752
 -151855
 -147010
 -140563
 -133060
 -125050
 -116923
 -109192
 -102273
  -96375
  -91305
  -86801
  -82518
  -78035
  -73089
  -67514
  -61053
  -53646
  -45489
  -37059
  -28805
  -21160
  -14569
   -9340
   -5823
   -4357
   -4770
   -6717
   -9644
  -13282
  -17171
  -20922
  -24279
  -26968
  -29135
  -30799
  -32149
  -33434
  -35037
  -37414
  -40761
  -45288
  -51133
  -58109
  -65918
  -74258
  -82737
  -90942
  -98528
 -105119
 -110433
 -114583
 -117623
 -119658
 -120939
 -121754
 -122434
 -123193
 -124113
 -125284
 -126764
 -128402
 -129951
 -131204
 -131933
 -131833
 -130763
 -128765
 -125884
 -122209
 -117927
 -113104
 -107998
 -103087
  -98532
  -94443
  -91126
  -88726
  -86709
  -84572
  -81800
  -78354
  -74234
  -69346
  -63843
  -58005
  -52125
  -46533
  -41797
  -38056
  -35311
  -33703
  -33155
  -33483
  -34353
  -35013
  -35413
  -36091
  -37274
  -39045
  -41319
  -43958
  -46878
  -49988
  -53068
  -56079
  -58954
  -61804
  -64510
  -67007
  -69494
  -71996
  -74461
  -76809
  -79000
  -81174
  -83335
  -85497
  -87674
  -89645
  -91400
  -93102
  -94595
  -95879
  -97026
  -98169
  -99320
 -100493
 -101731
 -102798
 -103636
 -104161
 -104292
 -103919
 -103243
 -102351
 -101110
  -99608
  -97952
  -96088
  -94115
  -92180
  -90433
  -88745
  -87124
  -85626
  -84200
  -82899
  -81693
  -80620
  -79465
  -78105
  -76764
  -75505
  -74286
  -73080
  -71857
  -70566
  -69384
  -68256
  -67331
  -66608
  -65880
  -65264
  -64825
  -64577
  -64552
  -64684
  -64869
  -64983
  -65015
  -64924
  -64733
  -64648
  -64718
  -64975
  -65468
  -66134
  -67082
  -68173
  -69434
  -70793
  -72182
  -73427
  -74588
  -75582
  -76379
  -76985
  -77482
  -77932
  -78505
  -79248
  -80084
  -80840
  -81571
  -82412
  -83472
  -84632
  -85835
  -87053
  -88126
  -88965
  -89748
  -90407
  -90779
  -90968
  -91003
  -90792
  -90376
  -89851
  -89247
  -88698
  -88240
  -88032
  -87943
  -87746
  -87535
  -87230
  -86651
  -85825
  -84718
  -83357
  -81780
  -80117
  -78488
  -76845
  -75194
  -73712
  -72433
  -71401
  -70417
  -69352
  -68302
  -67301
  -66383
  -65659
  -65034
  -64626
  -64743
  -65183
  -65498
  -65324
  -64782
  -63927
  -62941
  -62069
  -61565
  -61537
  -61800
  -62567
  -64062
  -66010
  -68028
  -70049
  -72073
  -73944
  -75449
  -76491
  -77048
  -77298
  -77479
  -77616
  -77998
  -78654
  -79547
  -80726
  -82070
  -83455
  -84976
  -86383
  -87389
  -87989
  -88259
  -88288
  -88176
  -87880
  -87534
  -86996
  -86445
  -86105
  -85885
  -85825
  -86074
  -86525
  -86898
  -87036
  -86996
  -86492
  -85177
  -83500
  -82032
  -80845
  -80030
  -79735
  -79928
  -80633
  -81634
  -82514
  -83108
  -83324
  -83095
  -82423
  -81211
  -79650
  -77934
  -75979
  -73849
  -71793
  -69987
  -68396
  -67229
  -66319
  -65675
  -65424
  -65469
  -65518
  -65529
  -65510
  -65403
  -65266
  -65272
  -65451
  -65737
  -66101
  -66636
  -67345
  -68156
  -69031
  -70140
  -71252
  -72165
  -72883
  -73537
  -74124
  -74706
  -75251
  -75684
  -76289
  -77208
  -78304
  -79410
  -80629
  -82019
  -83628
  -85257
  -86680
  -88011
  -89132
  -90128
  -90943
  -91501
  -91772
  -91791
  -91469
  -90886
  -90255
  -89673
  -89127
  -88552
  -87930
  -87436
  -86966
  -86430
  -85852
  -85231
  -84552
  -83708
  -82663
  -81704
  -80545
  -79181
  -77598
  -76059
  -74857
  -73813
  -72796
  -72189
  -71931
  -71504
  -70633
  -69286
  -67430
  -65140
  -62934
  -61336
  -62240
  -60529
  -57475
  -56782
  -57005
  -57987
  -59654
  -61805
  -64025
  -66310
  -68513
  -70303
  -71775
  -72875
  -73681
  -74330
  -74845
  -75409
  -76191
  -77064
  -78074
  -79192
  -80404
  -81602
  -82783
  -83876
  -84824
  -85732
  -86597
  -87323
  -87710
  -87967
  -88249
  -88541
  -88808
  -89143
  -89468
  -89691
  -89909
  -89927
  -89828
  -89573
  -89010
  -88137
  -86820
  -85122
  -83244
  -81392
  -79443
  -77469
  -75545
  -73696
  -72145
  -71197
  -70627
  -68905
  -63740
  -56895
  -52730
  -51988
  -54645
  -60110
  -67562
  -76144
  -84785
  -92613
  -98811
 -102940
 -104729
 -104216
 -101689
  -97692
  -92877
  -87847
  -83007
  -78998
  -76105
  -74246
  -73425
  -73234
  -73488
  -74042
  -74540
  -74583
  -74010
  -72885
  -71268
  -69281
  -67122
  -64956
  -62796
  -60900
  -59346
  -58061
  -57510
  -57438
  -57624
  -57835
  -57540
  -56661
  -55139
  -52996
  -50345
  -47358
  -44318
  -41773
  -40070
  -39552
  -40363
  -42620
  -46286
  -51211
  -56943
  -63279
  -69644
  -75565
  -80692
  -84833
  -88004
  -90217
  -91544
  -92135
  -92432
  -92736
  -93398
  -94620
  -96477
  -98874
 -101930
 -105348
 -108703
 -111642
 -114250
 -116380
 -117780
 -118253
 -117856
 -116537
 -114499
 -112076
 -109293
 -106209
 -102933
  -99658
  -96528
  -93558
  -90730
  -87916
  -84973
  -81777
  -78383
  -74836
  -71059
  -67191
  -63250
  -59355
  -55697
  -52424
  -49742
  -47526
  -45990
  -45015
  -44527
  -44513
  -44881
  -45433
  -46133
  -46731
  -47112
  -47425
  -47621
  -47805
  -48091
  -48450
  -49140
  -50446
  -52259
  -54602
  -57617
  -61026
  -64688
  -68333
  -71874
  -75207
  -78183
  -80725
  -82786
  -84477
  -85833
  -87102
  -88275
  -89600
  -91233
  -93033
  -94810
  -96450
  -97979
  -99103
  -99674
  -99716
  -99490
  -98952
  -98119
  -97137
  -96005
  -94961
  -94104
  -93314
  -92502
  -91746
  -91051
  -90302
  -89601
  -88791
  -87725
  -86440
  -84988
  -83242
  -81182
  -79071
  -76876
  -74758
  -72690
  -70783
  -69222
  -67867
  -66696
  -65763
  -65123
  -64581
  -64143
  -63842
  -63517
  -63107
  -62755
  -62461
  -62217
  -61942
  -61778
  -61665
  -61621
  -61690
  -61926
  -62416
  -63057
  -63711
  -64599
  -65715
  -67051
  -68763
  -70407
  -71781
  -72949
  -73945
  -74707
  -75277
  -75732
  -76055
  -76400
  -76854
  -77547
  -78478
  -79507
  -80669
  -81992
  -83461
  -84602
  -85450
  -86208
  -88373
  -92200
  -92587
  -91097
  -88822
  -86026
  -82921
  -80065
  -78086
  -76983
  -76616
  -76755
  -77440
  -78802
  -80644
  -82742
  -84865
  -86675
  -87967
  -88624
  -88662
  -87938
  -86705
  -85246
  -83737
  -82264
  -80948
  -79933
  -79479
  -79277
  -79248
  -79287
  -79211
  -78921
  -78371
  -77419
  -76152
  -74663
  -73111
  -71489
  -69949
  -68830
  -68136
  -67799
  -67889
  -68432
  -69343
  -70311
  -71028
  -71391
  -71277
  -70533
  -69159
  -67457
  -65588
  -63831
  -62233
  -60739
  -59590
  -59015
  -59175
  -60117
  -61619
  -63632
  -65964
  -68440
  -70763
  -72835
  -74513
  -75742
  -76547
  -76876
  -76775
  -76449
  -76106
  -76111
  -76609
  -77686
  -79223
  -81119
  -83213
  -85321
  -87218
  -88821
  -90081
  -90548
  -90426
  -89855
  -88932
  -87705
  -86480
  -85503
  -84942
  -84543
  -84367
  -84334
  -84286
  -84190
  -83937
  -83640
  -83115
  -82164
  -80850
  -79243
  -77410
  -75456
  -73405
  -71397
  -69820
  -68644
  -67974
  -67837
  -68093
  -68587
  -69129
  -69750
  -70192
  -70438
  -70295
  -69643
  -68561
  -67216
  -65859
  -64633
  -63568
  -62733
  -62360
  -62291
  -62786
  -63822
  -65231
  -66775
  -68337
  -69797
  -71048
  -71896
  -72317
  -72512
  -72782
  -73287
  -74228
  -75553
  -77164
  -78990
  -80978
  -83042
  -84810
  -86185
  -87113
  -87495
  -87410
  -87080
  -86450
  -85448
  -84413
  -83380
  -82477
  -81908
  -81638
  -81672
  -81857
  -82218
  -82756
  -83329
  -83911
  -84533
  -84866
  -84663
  -84042
  -83047
  -81744
  -80269
  -78484
  -76629
  -75007
  -73513
  -72261
  -71282
  -70534
  -69985
  -69621
  -69334
  -69027
  -68716
  -68173
  -67520
  -66907
  -66276
  -65784
  -65467
  -65333
  -65265
  -65411
  -65899
  -66599
  -67413
  -68329
  -69190
  -69951
  -70626
  -71059
  -71128
  -71079
  -70993
  -70918
  -70969
  -71150
  -71528
  -72251
  -73108
  -74139
  -75270
  -76330
  -77417
  -78465
  -79409
  -80081
  -80559
  -80978
  -81327
  -81560
  -81690
  -81683
  -81530
  -81412
  -81472
  -81512
  -81653
  -81830
  -81910
  -82034
  -82119
  -82188
  -82160
  -82049
  -81837
  -81453
  -80808
  -80049
  -79238
  -78507
