 -467569
 -486895
 -501879
 -510840
 -512763
 -507566
 -496532
 -481646
 -463122
 -442775
 -420695
 -391792
 -352969
 -335533
 -341218
 -367577
 -422081
 -489234
 -554518
 -604661
 -627593
 -613719
 -573091
 -526660
 -470518
 -412506
 -368101
 -335969
 -323455
 -329176
 -348034
 -377663
 -413603
 -448776
 -478211
 -497946
 -504640
 -497882
 -478442
 -448843
 -413499
 -377334
 -345288
 -321502
 -309295
 -310109
 -323511
 -347611
 -379149
 -413510
 -446445
 -473903
 -492626
 -500914
 -498637
 -486444
 -466672
 -443279
 -419618
 -399136
 -385592
 -381738
 -387788
 -402903
 -424779
 -450474
 -477453
 -501667
 -519355
 -528236
 -527895
 -519355
 -502659
 -479749
 -454438
 -431231
 -411610
 -400126
 -396760
 -401312
 -412491
 -425424
 -441284
 -459798
 -474767
 -483827
 -487910
 -492084
 -493235
 -485470
 -468662
 -443525
 -404459
 -344957
 -320388
 -370407
 -460702
 -527350
 -541924
 -491395
 -381382
 -231475
  -67476
   83668
  196363
  249612
  232357
  143841
   -7555
 -204428
 -424267
 -642072
 -829999
 -965976
-1037170
-1039181
 -973077
 -850406
 -690924
 -518738
 -359246
 -234795
 -157007
 -123862
 -121299
 -171111
 -307764
 -518382
 -769286
-1023421
-1245884
-1400310
-1462890
-1419463
-1263661
-1017389
 -733770
 -451978
 -201194
  -11159
  101194
  120522
   50128
  -86597
 -261544
 -445246
 -608462
 -725817
 -778659
 -755991
 -662184
 -510041
 -319527
 -116855
   70255
  216400
  302199
  316852
  259502
  138952
  -27680
 -217860
 -407345
 -572416
 -693745
 -758431
 -761422
 -706815
 -606838
 -479872
 -347811
 -232474
 -152834
 -122267
 -146175
 -222030
 -340088
 -484739
 -637045
 -776741
 -885246
 -948739
 -959544
 -916517
 -825474
 -697750
 -550129
 -404068
 -278809
 -188302
 -141292
 -143065
 -191218
 -275698
 -382046
 -493711
 -593869
 -667553
 -704926
 -700553
 -654385
 -573159
 -468034
 -353462
 -246223
 -161123
 -109109
  -97114
 -126452
 -192365
 -285573
 -393540
 -502413
 -598490
 -669673
 -707718
 -709381
 -676564
 -615921
 -537400
 -453306
 -376567
 -318032
 -286000
 -285000
 -314430
 -369328
 -441510
 -520432
 -594601
 -653395
 -688385
 -694197
 -669469
 -617308
 -544373
 -459632
 -373985
 -298009
 -240798
 -208507
 -203857
 -225437
 -268535
 -325830
 -388120
 -445824
 -490330
 -515460
 -517920
 -497567
 -457697
 -404103
 -344858
 -288561
 -243665
 -216886
 -212282
 -230615
 -270006
 -325894
 -391278
 -458108
 -518575
 -566209
 -596171
 -605927
 -595803
 -569268
 -531796
 -490061
 -451084
 -421140
 -405162
 -405799
 -423153
 -454961
 -496732
 -542505
 -586071
 -621108
 -642932
 -648331
 -636451
 -608963
 -569340
 -522185
 -473103
 -427830
 -391556
 -367841
 -358645
 -363541
 -380282
 -405294
 -433681
 -460318
 -480334
 -490085
 -487524
 -472264
 -445682
 -411173
 -373322
 -336690
 -305807
 -284625
 -275613
 -279853
 -296537
 -323100
 -355738
 -390297
 -422563
 -448567
 -465364
 -471566
 -467213
 -453873
 -434370
 -412239
 -391434
 -375360
 -367068
 -368431
 -379603
 -399412
 -425808
 -455570
 -485247
 -511106
 -530050
 -540353
 -541016
 -532388
 -516354
 -495472
 -473008
 -452189
 -435932
 -426285
 -424632
 -430851
 -443590
 -460803
 -479848
 -497448
 -510892
 -518467
 -519207
 -512924
 -500258
 -482393
 -461574
 -440607
 -422330
 -408875
 -401586
 -400923
 -406629
 -417731
 -432435
 -448319
 -462867
 -473581
 -478944
 -478314
 -471615
 -459601
 -443916
 -426568
 -409973
 -396492
 -387652
 -384357
 -386886
 -394665
 -406356
 -420036
 -433462
 -444714
 -452474
 -455654
 -453998
 -447781
 -437679
 -425163
 -411922
 -400001
 -391209
 -386863
 -387306
 -392279
 -401148
 -412418
 -424985
 -437324
 -447686
 -455095
 -459011
 -459188
 -455783
 -449407
 -441405
 -433307
 -426614
 -422499
 -422020
 -425317
 -432146
 -442033
 -453505
 -465379
 -476303
 -485029
 -490736
 -493095
 -491849
 -487390
 -480743
 -472861
 -465137
 -458629
 -454371
 -452766
 -453571
 -456818
 -462017
 -468116
 -474048
 -478951
 -481945
 -482271
 -479328
 -473081
 -464240
 -453689
 -442703
 -432392
 -423925
 -418001
 -414955
 -414749
 -417079
 -421276
 -426290
 -430848
 -433982
 -435436
 -434959
 -432279
 -427615
 -421499
 -414453
 -407578
 -402042
 -398573
 -397148
 -398048
 -401236
 -406449
 -413119
 -420559
 -427894
 -434282
 -439169
 -442283
 -443388
 -442837
 -440982
 -438461
 -435990
 -434352
 -434010
 -435215
 -438268
 -443029
 -449125
 -456102
 -463065
 -468987
 -473585
 -476584
 -477659
 -476881
 -474402
 -470783
 -466494
 -462014
 -458204
 -455608
 -454564
 -455061
 -457049
 -459950
 -463294
 -466530
 -469003
 -470148
 -469485
 -467091
 -463016
 -457570
 -451476
 -445297
 -439624
 -434922
 -431545
 -429495
 -428830
 -429654
 -431577
 -434098
 -436846
 -438886
 -439624
 -439097
 -437180
 -433905
 -429838
 -425457
 -421448
 -418201
 -416136
 -415266
 -415673
 -417446
 -420189
 -423838
 -428006
 -432012
 -435265
 -437657
 -439094
 -439266
 -438388
 -436650
 -434314
 -432236
 -430862
 -430626
 -431733
 -434216
 -437697
 -441617
 -445949
 -450379
 -454283
 -457258
 -459150
 -459728
 -458948
 -457238
 -455289
 -453312
 -451676
 -450815
 -450880
 -451861
 -453621
 -455888
 -458515
 -461202
 -463533
 -465135
 -465559
 -464973
 -463261
 -460678
 -457589
 -454257
 -451167
 -448581
 -446572
 -445388
 -445200
 -445641
 -446431
 -447286
 -447980
 -448169
 -447658
 -446289
 -444298
 -441765
 -439071
 -436368
 -433657
 -431152
 -429270
 -428013
 -427542
 -427858
 -428988
 -430612
 -432379
 -433945
 -435056
 -435373
 -435113
 -434512
 -433372
 -431550
 -429747
 -428169
 -427059
 -426769
 -427347
 -428794
 -431010
 -434071
 -437342
 -440461
 -443335
 -445759
 -447466
 -448623
 -449243
 -449168
 -448664
 -447988
 -447414
 -447298
 -447868
 -448968
 -450662
 -453019
 -455562
 -457792
 -459668
 -461081
 -461760
 -461801
 -461062
 -459758
 -458023
 -456019
 -453891
 -451870
 -450527
 -450212
 -450366
 -450846
 -451575
 -452360
 -453124
 -453432
 -453076
 -452375
 -451255
 -449555
 -447719
 -445759
 -443665
 -441585
 -439781
 -438347
 -437101
 -436227
 -435715
 -435649
 -436024
 -436633
 -436917
 -436617
 -435827
 -434676
 -433287
 -431971
 -430946
 -430170
 -429907
 -430283
 -431153
 -432522
 -434199
 -436024
 -437791
 -439155
 -440073
 -440729
 -441166
 -441442
 -441531
 -441589
 -441814
 -442193
 -442769
 -443729
 -445027
 -446523
 -448225
 -449928
 -451502
 -452940
 -454188
 -454891
 -455154
 -455328
 -455166
 -454697
 -453991
 -453343
 -452702
 -452030
 -451632
 -451646
 -452062
 -452946
 -454144
 -455407
 -456220
 -456310
 -456177
 -455686
 -454371
 -452375
 -449797
 -447495
 -445568
 -444494
 -444295
 -443610
 -441743
 -438993
 -436597
 -435634
 -436351
 -438141
 -440038
 -441553
 -442516
 -442765
 -442361
 -441436
 -440319
 -439084
 -437774
 -436647
 -436176
 -436301
 -436717
 -437326
 -438212
 -439361
 -440691
 -441970
 -443064
 -443977
 -444508
 -444682
 -444595
 -444164
 -443663
 -443150
 -442864
 -442877
 -442956
 -443371
 -444246
 -445383
 -446708
 -447946
 -449002
 -449804
 -450535
 -451244
 -451774
 -451880
 -451622
 -451268
 -450950
 -450626
 -450549
 -450662
 -450570
 -450285
 -449790
 -449677
 -449968
 -449871
 -450099
 -450849
 -451219
 -451178
 -452158
 -454084
 -455372
 -455981
 -456603
 -456628
 -455764
 -454091
 -451804
 -449034
 -446166
 -443474
 -440887
 -438790
 -437459
 -436839
 -436957
 -437760
 -438762
 -439799
 -440518
 -440866
 -440680
 -440082
 -439339
 -438661
 -437995
 -437029
 -435991
 -435309
 -434993
 -435191
 -435657
 -436442
 -437515
 -438896
 -440441
 -442056
 -443513
 -444697
 -445797
 -446944
 -447888
 -448365
 -448429
 -448167
 -447751
 -447273
 -446825
 -446631
 -446995
 -447811
 -449106
 -450629
 -452033
 -453258
 -454185
 -454719
 -454860
 -454928
 -454698
 -454098
 -453384
 -452810
 -452312
 -451766
 -451289
 -450804
 -450224
 -449797
 -449506
 -449277
 -449090
 -448746
 -448275
 -447557
 -446388
 -444998
 -443821
 -442792
 -442261
 -442391
 -442810
 -443173
 -443495
 -444034
 -444752
 -445212
 -445168
 -444842
 -444495
 -444063
 -443396
 -442625
 -441922
 -441280
 -441058
 -441073
 -441214
 -441708
 -442259
 -442687
 -443270
 -444196
 -445309
 -446429
 -447136
 -447217
 -446952
 -446439
 -445758
 -445157
 -444688
 -444471
 -444415
 -444663
 -445415
 -446508
 -447713
 -448685
 -449486
 -450212
 -450485
 -450220
 -449717
 -449128
 -448415
 -447640
 -446967
 -446735
 -447014
 -447461
 -447882
 -448294
 -448863
 -449521
 -450522
 -451336
 -451758
 -451859
 -451605
 -451079
 -450472
 -449936
 -449496
 -449062
 -448625
 -448366
 -448262
 -448278
 -448432
 -448681
 -448946
 -449038
 -449189
 -449282
 -449187
 -448883
 -448624
 -448379
 -448120
 -447781
 -447229
 -446443
 -445283
 -444042
 -442959
 -441895
 -441185
 -440782
 -440749
 -441120
 -441696
 -442477
 -443262
 -444054
 -444780
 -445274
 -445367
 -445113
 -444756
 -444301
 -443695
 -443101
 -442693
 -442720
 -443238
 -444295
 -445558
 -446922
 -448477
 -450134
 -451472
 -452351
 -452666
 -452488
 -452008
 -451240
 -450412
 -449509
 -448776
 -448461
 -448514
 -448982
 -450076
 -451387
 -452565
 -453660
 -454477
 -454931
 -454911
 -454253
 -452966
 -451527
 -450164
 -449029
 -447969
 -447172
 -446459
 -445719
 -445103
 -444956
 -445305
 -445863
 -446488
 -447190
 -447850
 -448314
 -448418
 -448132
 -447429
 -446279
 -444934
 -443609
 -442498
 -441820
 -441505
 -441785
 -442549
 -443684
 -445029
 -446142
 -446749
 -447148
 -447446
 -447420
 -447124
 -446881
 -446877
 -446816
 -446735
 -447067
 -447777
 -448725
 -449805
 -450619
 -451330
 -451753
 -451364
 -450805
 -450763
 -450553
 -450900
 -450642
 -450476
 -452145
 -455393
 -458114
 -455917
 -446796
 -429589
 -412227
 -401249
 -394717
 -396989
 -408942
 -424033
 -442800
 -471575
 -510450
 -551147
 -576421
 -580431
 -558744
 -508778
 -435998
 -352061
 -269842
 -202522
 -160946
 -152268
 -178726
 -237696
 -322159
 -420920
 -520121
 -605380
 -659708
 -670586
 -646441
 -611791
 -579309
 -546886
 -511674
 -476311
 -448456
 -438140
 -447331
 -470270
 -502156
 -537772
 -570999
 -596252
 -609148
 -607226
 -590086
 -559578
 -519118
 -473424
 -427637
 -386927
 -355387
 -335884
 -329360
 -335234
 -351281
 -374102
 -399407
 -422780
 -440280
 -448788
 -446593
 -433908
 -412841
 -386581
 -359232
 -335336
 -318869
 -312731
 -318381
 -335705
 -363213
 -398094
 -436369
 -473794
 -506526
 -530886
 -544319
 -545195
 -533370
 -512113
 -487707
 -464966
 -446955
 -435734
 -431333
 -430853
 -432689
 -438923
 -451587
 -470841
 -494252
 -518043
 -538635
 -554502
 -561892
 -557867
 -542379
 -517356
 -486829
 -454168
 -422676
 -395718
 -376019
 -365416
 -364425
 -372381
 -387342
 -406954
 -428081
 -447563
 -462963
 -472220
 -473781
 -467969
 -456272
 -440579
 -423396
 -407678
 -395876
 -389332
 -389184
 -395621
 -408177
 -425546
 -445442
 -465423
 -482916
 -496407
 -504995
 -507855
 -504652
 -496242
 -484128
 -470271
 -456811
 -445652
 -438251
 -435434
 -437338
 -443439
 -452771
 -463642
 -474185
 -482618
 -487407
 -487488
 -482576
 -472973
 -459568
 -444062
 -428781
 -415226
 -405036
 -399376
 -398358
 -401919
 -409554
 -419941
 -431153
 -441518
 -449673
 -454644
 -455916
 -453327
 -447043
 -438909
 -431200
 -424945
 -421060
 -419923
 -421523
 -426113
 -433807
 -444015
 -455527
 -466620
 -475692
 -482016
 -485392
 -485752
 -483567
 -479651
 -474631
 -469458
 -464786
 -461288
 -459396
 -459405
 -461121
 -464140
 -467850
 -471368
 -474188
 -476200
 -476562
 -474812
 -470834
 -464792
 -457621
 -450011
 -442932
 -436839
 -431977
 -428635
 -427324
 -428627
 -431977
 -436417
 -440935
 -444593
 -446852
 -447213
 -445766
 -442711
 -438368
 -433490
 -428889
 -425331
 -423387
 -423307
 -425295
 -429012
 -434239
 -440239
 -446359
 -452170
 -457183
 -460883
 -462928
 -463172
 -461866
 -459394
 -456205
 -452950
 -450264
 -448731
 -448463
 -449385
 -451369
 -454283
 -457994
 -462056
 -465672
 -468432
 -469703
 -469615
 -468372
 -466017
 -462758
 -458832
 -454971
 -451580
 -448885
 -447063
 -446472
 -447120
 -448875
 -451314
 -454002
 -456397
 -457977
 -458415
 -457605
 -455877
 -453397
 -450561
 -447743
 -445216
 -443299
 -442093
 -441985
 -443153
 -445198
 -447817
 -450642
 -453399
 -455630
 -457019
 -457415
 -456847
 -455230
 -452743
 -449801
 -446876
 -444600
 -443081
 -442356
 -442559
 -443667
 -445554
 -447886
 -450020
 -451557
 -452593
 -452935
 -452569
 -451555
 -450147
 -448594
 -447179
 -446261
 -445966
 -446065
 -446469
 -447174
 -448064
 -449240
 -450776
 -452405
 -453967
 -455216
 -455868
 -455959
 -455762
 -455424
 -455017
 -454719
 -454592
 -454650
 -454729
 -454860
 -455280
 -455884
 -456534
 -457125
 -457583
 -458005
 -458497
 -458845
 -458992
 -458957
 -458701
 -458113
 -457289
 -456356
 -455474
 -454637
 -453887
 -453200
 -452720
 -452457
 -452268
 -451905
 -451490
 -451013
 -450388
 -449688
 -449046
 -448633
 -448291
 -448004
 -447786
 -447625
 -447618
 -447648
 -447594
 -447302
 -446776
 -446241
 -445948
 -445928
 -446070
 -446396
 -446788
 -447114
 -447353
 -447590
 -448081
 -448910
 -449985
 -451115
 -451910
 -452519
 -452852
 -452934
 -452931
 -453154
 -453705
 -454474
 -455381
 -456363
 -457308
 -457824
 -457734
 -457220
 -456506
 -455724
 -455078
 -454878
 -454927
 -455083
 -455481
 -456093
 -456847
 -457464
 -457874
 -457962
 -457721
 -457320
 -456585
 -455602
 -454443
 -453307
 -452511
 -451999
 -451833
 -452006
 -452332
 -452622
 -452752
 -453083
 -453673
 -454099
 -454287
 -454021
 -453446
 -452806
 -452310
 -452067
 -451901
 -451662
 -451373
 -451022
 -450704
 -450385
 -450200
 -450329
 -450750
 -451368
 -451919
 -452352
 -452725
 -452914
 -452904
 -452651
 -452132
 -451407
 -450672
 -450252
 -450137
 -450444
 -451197
