  714367
  742314
  703491
  597648
  428265
  203097
  -66288
 -364675
 -674937
 -978985
-1257072
-1491880
-1668114
-1773017
-1798888
-1741988
-1603262
-1388998
-1109400
 -778005
 -411961
  -29934
  348632
  703587
 1016563
 1272238
 1458432
 1567364
 1596264
 1546988
 1425444
 1242143
 1010482
  746554
  468340
  193040
  -62747
 -283391
 -456489
 -573203
 -628294
 -621042
 -555263
 -438807
 -282631
 -100775
   90533
  275136
  437154
  562825
  642958
  674693
  648128
  557180
  403979
  196075
  -56082
 -338525
 -634814
 -927074
-1197447
-1428518
-1605214
-1715683
-1750741
-1706208
-1581800
-1382231
-1116569
 -797876
 -441664
  -66358
  308653
  664656
  983315
 1247895
 1445481
 1567737
 1610979
 1576020
 1467550
 1295092
 1071789
  813044
  535335
  256608
   -6249
 -237805
 -424320
 -556551
 -629186
 -639502
 -590510
 -489420
 -346165
 -174630
   10380
  193280
  357847
  489370
  575799
  608013
  580420
  491739
  344687
  145885
  -93417
 -360194
 -638446
 -910515
-1159474
-1369196
-1525364
-1617041
-1637030
-1581489
-1452049
-1253725
 -995006
 -689084
 -351662
     893
  349865
  676997
  966408
 1203766
 1377547
 1481270
 1511474
 1469906
 1361685
 1195280
  983087
  739867
  481502
  223826
  -16844
 -227220
 -396242
 -514926
 -578704
 -586267
 -540081
 -447581
 -318093
 -163048
    2754
  165172
  310433
  425189
  498319
  521319
  489380
  401976
  262481
   77333
 -143501
 -387270
 -639801
 -885717
-1109269
-1296029
-1433345
-1510298
-1520301
-1460855
-1332299
-1140016
 -893440
 -604220
 -286602
   42998
  368283
  672529
  939819
 1157640
 1315527
 1406847
 1429935
 1385983
 1280067
 1121532
  921773
  693964
  452316
  211725
  -13161
 -209439
 -366823
 -477551
 -536874
 -543997
 -502137
 -417940
 -299996
 -159473
   -9286
  137019
  266600
  367265
  429261
  445286
  411480
  326918
  194776
   22007
 -182244
 -406677
 -638043
 -862153
-1064370
-1231089
-1350652
-1413738
-1414604
-1351232
-1224960
-1040900
 -806866
 -533932
 -236441
   71128
  373354
  654232
  900270
 1099548
 1242916
 1324741
 1343168
 1299815
 1199594
 1050797
  864425
  653041
  430513
  209804
    3444
 -176223
 -319844
 -420679
 -474788
 -481358
 -444054
 -368940
 -264680
 -141555
  -11298
  114053
  222777
  304748
  351488
  356248
  315884
  230723
  103539
  -59588
 -249413
 -454926
 -663935
 -862902
-1039333
-1181291
-1278560
-1323138
-1310289
-1238232
-1109091
 -927690
 -701934
 -442930
 -163107
  124249
  404774
  664129
  889247
 1069642
 1197124
 1267171
 1278391
 1232247
 1133968
  991229
  813889
  613969
  403724
  195549
    1365
 -168292
 -304813
 -401667
 -455162
 -465479
 -434803
 -368561
 -274904
 -163703
  -45500
   68234
  166710
  240996
  282297
  285094
  247199
  168297
   51424
  -97510
 -270258
 -456744
 -644872
 -822783
 -978749
-1101892
-1183197
-1215887
-1195336
-1120210
 -992623
 -817560
 -602919
 -359320
  -98383
  166937
  423362
  658696
  861531
 1021875
 1132760
 1190107
 1192522
 1142415
 1045424
  908554
  741398
  554621
  359997
  168557
   -8919
 -162601
 -285095
 -371070
 -418048
 -425379
 -395856
 -335025
 -250394
 -150231
  -44626
   55791
  141555
  203740
  234888
  230710
  189583
  111420
    -436
 -140315
 -300610
 -471448
 -641782
 -801181
 -938867
-1045189
-1112531
-1134756
-1107731
-1030473
 -905453
 -737694
 -534508
 -305798
  -61662
  185815
  423906
  641444
  828099
  974798
 1075563
 1126157
 1125689
 1077494
  985632
  856453
  699103
  523541
  340123
  160044
   -6413
 -151110
 -267081
 -348707
 -393885
 -402372
 -376412
 -321227
 -243769
 -153113
  -58491
   31062
  106968
  160826
  186106
  178639
  136785
   61607
  -43321
 -173186
 -320731
 -476268
 -631130
 -774865
 -896984
 -989185
-1044184
-1056360
-1022776
 -943290
 -819557
 -657249
 -463371
 -246479
  -17144
  214025
  435889
  636766
  807531
  941299
 1031618
 1075165
 1071485
 1022325
  932344
  808341
  657601
  490543
  316859
  145768
  -12494
 -149679
 -259875
 -338285
 -382442
 -393315
 -372232
 -323632
 -254866
 -173523
  -87989
   -7305
   60394
  108330
  130770
  123804
   86082
   18163
  -77111
 -194298
 -327397
 -468326
 -607461
 -735670
 -844208
 -925002
 -971269
 -977006
 -940084
 -861045
 -741804
 -586341
 -401671
 -196562
   19571
  236626
  444109
  631603
  789834
  911552
  991818
 1027356
 1017748
  965231
  874223
  751848
  605813
  444856
  278979
  117661
  -30277
 -157397
 -257986
 -327868
 -365448
 -371711
 -349123
 -302383
 -238012
 -163057
  -85388
  -13222
   46179
   86610
  102660
   91014
   50701
  -17729
 -110181
 -222221
 -347639
 -477876
 -604628
 -719914
 -814991
 -882364
 -916127
 -911982
 -868051
 -784953
 -664836
 -512663
 -335693
 -141596
   61489
  263283
  453904
  624577
  766847
  874490
  943284
  970440
  955673
  901667
  812760
  695366
  556857
  405486
  250629
  100791
  -36545
 -154377
 -247667
 -312941
 -348248
 -354228
 -334060
 -291852
 -233506
 -165789
  -96110
  -32230
   19507
   53228
   63909
   49143
    8443
  -56977
 -144727
 -249512
 -364656
 -483367
 -597496
 -698255
 -778583
 -832237
 -853935
 -840464
 -790514
 -704575
 -585340
 -437432
 -267229
  -82903
  106872
  292961
  466344
  619346
  744572
  836402
  892378
  910968
  891955
  837846
  753536
  644474
  517613
  380728
  241289
  107243
  -14538
 -119631
 -203884
 -263769
 -298003
 -307877
 -295421
 -264488
 -220498
 -169195
 -116886
  -69907
  -33334
  -12706
  -11830
  -32227
  -74836
 -137866
 -218127
 -311465
 -411904
 -512555
 -606609
 -687305
 -747588
 -782293
 -787620
 -760781
 -700878
 -609575
 -489403
 -345000
 -182629
   -9356
  166646
  336957
  494061
  630313
  739380
  816899
  860177
  868121
  841082
  781601
  693824
  583530
  457549
  323693
  189654
   62390
  -51891
 -147254
 -220315
 -269691
 -294408
 -295387
 -276357
 -241180
 -195297
 -144926
  -95691
  -53443
  -23953
  -11087
  -17998
  -46121
  -94526
 -161732
 -244231
 -336547
 -433041
 -527743
 -613447
 -684297
 -734447
 -758791
 -754313
 -718974
 -652400
 -556402
 -433909
 -289779
 -130880
   35730
  202659
  362015
  506248
  628946
  724690
  789687
  821440
  819822
  786032
  722918
  634650
  527164
  407038
  280930
  155723
   38185
  -65981
 -152294
 -217522
 -260066
 -280217
 -279386
 -260743
 -227772
 -185150
 -139360
  -95764
  -59054
  -34208
  -25031
  -34456
  -63700
 -111466
 -175495
 -252562
 -338262
 -427281
 -513698
 -591076
 -653137
 -695042
 -712314
 -702328
 -663791
 -595993
 -500882
 -382596
 -245396
  -94785
   62226
  218847
  367814
  501952
  615463
  703448
  762504
  790257
  785552
  749339
  685166
  597827
  492388
  375360
  253509
  132914
   19822
  -80328
 -163320
 -225830
 -266460
 -285323
 -283902
 -265012
 -232959
 -192469
 -148779
 -107239
  -72353
  -48405
  -39821
  -48481
  -75043
 -119565
 -179777
 -252430
 -333271
 -416435
 -496104
 -567068
 -623489
 -660198
 -673785
 -661216
 -620966
 -553198
 -459282
 -343265
 -210010
  -64707
   86083
  234754
  374603
  499639
  603994
  683010
  733384
  753827
  744866
  707131
  642341
  555893
  454308
  342548
  226922
  113378
    7581
  -84841
 -160724
 -217878
 -254912
 -272577
 -272163
 -255995
 -227989
 -192349
 -153871
 -117940
  -89228
  -70961
  -66447
  -77903
 -105593
 -149004
 -206186
 -273351
 -346737
 -421615
 -492613
 -554136
 -601101
 -628561
 -633037
 -612798
 -566690
 -495977
 -402614
 -289205
 -160929
  -23509
  117766
  256291
  384983
  498377
  591001
  658991
  700508
  713969
  699471
  658663
  594543
  511901
  415573
  310704
  202904
   98403
    1725
  -83096
 -152942
 -205696
 -240092
 -256027
 -255800
 -242094
 -218612
 -189852
 -159510
 -131714
 -110652
  -98528
  -97711
 -110586
 -137645
 -177877
 -228972
 -288015
 -350995
 -413707
 -471611
 -519969
 -555068
 -573007
 -570589
 -546858
 -500674
 -432652
 -344836
 -240260
 -122663
    2308
  129328
  253454
  368739
  470679
  555097
  616919
  653219
  663735
  648795
  610178
  550960
  474726
  385876
  289633
  190590
   93375
    3042
  -76883
 -143488
 -194509
 -229026
 -247019
 -249820
 -239983
 -220639
 -195681
 -169977
 -146991
 -128521
 -118409
 -119016
 -130938
 -155095
 -190583
 -235100
 -286093
 -340792
 -395211
 -445326
 -487441
 -517265
 -531565
 -527656
 -503195
 -457714
 -392122
 -308361
 -209196
  -98028
   20719
  140981
  257793
  366082
  460605
  537278
  592743
  624695
  632142
  615374
  576170
  517158
  441975
  355430
  261504
  164745
   70589
  -16524
  -92948
 -155629
 -202945
 -234470
 -249857
 -250683
 -239447
 -219225
 -193869
 -167215
 -142386
 -123159
 -112558
 -112420
 -124126
 -147965
 -183290
 -227596
 -278389
 -332180
 -384621
 -431893
 -469792
 -494601
 -503584
 -493978
 -464685
 -416527
 -349737
 -266200
 -169516
  -63635
   46957
  157431
  263200
  359858
  444442
  512485
  560621
  586560
  589658
  570910
  531289
  473537
  401699
  319484
  231421
  141949
   54978
  -25105
  -94501
 -151165
 -193910
 -221900
 -235371
 -235908
 -225690
 -207686
 -185183
 -161595
 -140536
 -124746
 -116502
 -117894
 -129942
 -151911
 -183242
 -222789
 -267334
 -313846
 -359376
 -400082
 -432383
 -452946
 -458842
 -448308
 -420256
 -374698
 -312864
 -236890
 -149255
  -53231
   47098
  147575
  244304
  332424
  407934
  467984
  509874
  532032
  534364
  517158
  481273
  429372
  364777
  290645
  210928
  129773
   51490
  -20451
  -83779
 -136377
 -176267
 -203502
 -218871
 -222997
 -217603
 -205209
 -188364
 -169976
 -153807
 -141854
 -136168
 -138606
 -149042
 -167898
 -194152
 -226651
 -263372
 -301843
 -338526
 -370719
 -395792
 -410534
 -412312
 -399783
 -371815
 -328765
 -271916
 -202298
 -122114
  -34722
   56878
  148825
  236993
  317319
  386427
  440961
  478840
  498982
  500254
  482899
  448543
  399237
  337869
  268106
  193382
  117760
   44828
  -23190
  -83614
 -134036
 -173324
 -200803
 -216595
 -222119
 -218857
 -208913
 -194997
 -179512
 -164847
 -153592
 -147887
 -148939
 -157209
 -173064
 -195856
 -224468
 -257200
 -291185
 -323511
 -351146
 -371183
 -381385
 -379729
 -364932
 -336062
 -293001
 -236875
 -169787
  -93678
  -11091
   73969
  158197
  238759
  311026
  371863
  419136
  450779
  466272
  465242
  447416
  414318
  368393
  311359
  245957
  176117
  104827
   35686
  -28071
  -84748
 -132727
 -170594
 -197760
 -215101
 -222770
 -222527
 -216023
 -204775
 -191724
 -179881
 -170508
 -165002
 -165190
 -171626
 -184162
 -203289
 -227315
 -254277
 -282239
 -308642
 -330551
 -345876
 -352565
 -348603
 -333039
 -305102
 -264257
 -211576
 -148568
  -77146
    -340
   79206
  158786
  234313
  302203
  359842
  404241
  433326
  446864
  444413
  425542
  391786
  344905
  288168
  224424
  156579
   87099
   19671
  -42499
  -97757
 -143645
 -178930
 -203670
 -218160
 -222650
 -218763
 -208483
 -194307
 -179297
 -165226
 -154135
 -148514
 -149287
 -156400
 -170434
 -190719
 -215651
 -243540
 -272554
 -299871
 -322894
 -338990
 -345974
 -341898
 -325096
 -295184
 -252876
 -199348
 -135947
  -64916
   10603
   87803
  163595
  234685
  298576
  352485
  393041
  418321
  427946
  421777
  400761
  365944
  319079
  262769
  200333
  134884
   69367
    6423
  -51314
 -101976
 -143909
 -176174
 -198132
 -210611
 -215422
 -212553
 -204044
 -192834
 -180500
 -168581
 -159628
 -155315
 -156318
 -163395
 -176681
 -195141
 -217148
 -241202
 -265554
 -287792
 -305622
 -316306
 -318227
 -310463
 -291769
 -261575
 -220191
 -168550
 -108752
  -42814
   27022
   97789
  166246
  229929
  286320
  332647
  367121
  388058
  394498
  387109
  366630
  333608
  289715
  237007
  178641
  117602
   56728
   -1852
  -55617
 -102152
 -140331
 -169374
 -189175
 -200872
 -205202
 -203081
 -196294
 -186995
 -176921
 -168035
 -161070
 -157904
 -160001
 -167553
 -179778
 -195656
 -214816
 -235786
 -256738
 -275582
 -289839
 -297637
 -297289
 -287862
 -268488
 -238930
 -198984
 -149864
  -93096
  -30241
   35466
  101504
  165531
  224702
  276398
  318790
  350066
  368332
  373454
  365184
  343614
  310661
  267813
  217458
  161827
  103401
   45439
   -9608
  -59836
 -103413
 -139438
 -166911
 -185973
 -197178
 -201189
 -199300
 -193480
 -185236
 -176616
 -168940
 -163091
 -160844
 -163057
 -169726
 -180811
 -195419
 -212588
 -230706
 -248021
 -263219
 -274385
 -279855
 -277970
 -267701
 -248090
 -218969
 -180617
 -134030
  -80339
  -21700
   39405
  101582
  161985
  216926
  265076
  304572
  333112
  350053
  354477
  345872
  325388
  294302
  253986
  206576
  153833
   97915
   42160
  -10780
  -59450
 -102047
 -137041
 -164055
 -183201
 -194397
 -198501
 -196963
 -191594
 -183825
 -175221
 -167646
 -162499
 -160558
 -162320
 -168288
 -178575
 -192388
 -208794
 -226462
 -243314
 -258275
 -269276
 -274229
 -272187
 -261359
 -240577
 -210660
 -172242
 -125880
  -72742
  -14721
   45846
  106081
  163348
  215724
  261032
  296402
  320633
  333624
  334440
  323682
  301770
  269568
  228781
  181901
  131255
   79185
   27641
  -21398
  -66053
 -104337
 -135351
 -158926
 -175312
 -185151
 -188666
 -186910
 -181813
 -174567
 -166715
 -160402
 -156728
 -156262
 -159454
 -166945
 -178141
 -192328
 -208346
 -224865
 -240242
 -252078
 -258824
 -259290
 -252329
 -236954
 -212679
 -180337
 -140201
  -92947
  -40259
   15800
   73320
  129502
  182165
  228468
  266592
  294921
  311928
  317200
  311338
  294585
  267935
  233406
  192608
  147135
   99201
   51066
    4362
  -39666
  -79055
 -112655
 -140286
 -161417
 -176337
 -185876
 -190411
 -190796
 -188131
 -183491
 -178497
 -174300
 -171763
 -171573
 -174433
 -180159
 -188269
 -198159
 -208234
 -217927
 -226147
 -231217
 -231957
 -227070
 -215678
 -197380
 -172465
 -140617
 -102223
  -58866
  -11780
   37943
   88176
  136642
  181447
  220321
  251964
  275382
  289061
  292755
  287051
  271964
  247710
  216138
  178439
  135846
   90971
   45293
     730
  -40955
  -79379
 -113651
 -142126
 -163921
 -179086
 -187814
 -191602
 -191448
 -187840
 -182033
 -175446
 -169087
 -163319
 -159123
 -157381
 -160356
 -170796
 -187656
 -206023
 -227460
 -259648
 -290313
 -305293
 -303381
 -285954
 -256984
 -219084
 -168322
 -103164
  -27579
   54239
  137993
  222314
  305267
  379291
  434693
  469049
  480720
  469820
  437567
  384998
  314489
  229977
  136094
   37694
  -59151
 -149503
 -228736
 -292944
 -339280
 -366080
 -373029
 -361184
 -332758
 -290618
 -239020
 -182622
 -125826
  -73492
  -25265
   17055
   43410
   55315
   51910
   24736
  -25098
  -81535
 -129025
 -167927
 -200902
 -216800
 -216311
 -224515
 -216910
 -185116
 -149396
 -123755
 -100906
  -82044
  -70102
  -63690
  -59522
  -58278
  -57919
  -56636
  -52490
  -43052
  -26317
     382
   34713
   75992
  122022
  171343
  220657
  266592
  305755
  333791
  347422
  345438
  327390
  292987
  242530
  178758
  105005
   24658
  -57243
 -136153
 -208860
 -272131
 -322438
 -358125
 -377630
 -381751
 -371745
 -349337
 -316709
 -276985
 -233868
 -190715
 -149446
 -112337
  -81703
  -58162
  -42830
  -35964
  -36649
  -43636
  -56026
  -70704
  -84753
  -96159
 -103743
 -105478
 -100974
  -89278
  -69759
  -42744
   -9338
   29914
   72470
  117043
  168243
  229067
  286155
  331910
  363154
  379024
  379463
  359463
  316667
  253180
  168884
   60030
  -64309
 -184188
 -298523
 -398327
 -476228
 -531299
 -558153
 -555568
 -523444
 -466747
 -390868
 -301726
 -204608
 -104858
  -10014
   73581
  139899
  184882
  206025
  203274
  178010
  132822
   71593
     835
  -73024
 -143216
 -202647
 -246138
 -270318
 -272311
 -250575
 -206198
 -141410
  -60531
   31385
  128017
  223392
  311996
  388734
  448589
  487332
  502086
  491487
  455577
  396260
  316817
  220667
  112701
    -778
 -113908
 -221590
 -319157
 -402254
 -466850
 -510479
 -532039
 -531183
 -509469
 -469150
 -411947
 -341474
 -262827
 -180813
 -100075
  -25558
   38335
   88012
  120659
  135354
  132559
  112945
   79441
   35529
  -15292
  -68247
 -119160
 -164037
 -199308
 -221280
 -227500
 -216290
 -186858
 -139886
  -77364
   -2935
   78655
  163033
  244764
  317392
  373523
  405458
  410854
  398348
  370770
  321099
  254643
  178298
   95065
    3413
 -104828
 -222718
 -331690
 -421057
 -486096
 -522875
 -530295
 -510685
 -461566
 -386296
 -294551
 -192620
  -87871
   11549
  100575
  173246
  224319
  249898
  248215
  219520
  165688
   91654
    2639
  -95344
 -194574
 -288083
 -368620
 -428788
 -463928
 -471254
 -448570
 -396972
 -319436
 -219238
 -102383
   23486
  151158
  272792
  380815
  468849
  531240
  563813
  565331
  536120
  477558
  393770
  289052
  168827
   39957
  -90018
 -213754
 -324372
 -416006
 -484368
 -526115
 -540047
 -526807
 -487592
 -425163
 -344947
 -252238
 -153333
  -55458
   35880
  115141
  176705
  217068
  234575
  228232
  199205
  149601
   82843
    4087
  -80689
 -166652
 -247314
 -316162
 -368125
 -398902
 -405665
 -387804
 -345509
 -279953
 -194414
  -93624
   16821
  130370
  240291
  339983
  424023
  487927
  526417
  533782
  506656
  447384
  365643
  272253
  171934
   64772
  -46672
 -151531
 -249158
 -345500
 -436242
 -509843
 -559646
 -584393
 -581660
 -551048
 -494294
 -414493
 -316162
 -205132
  -88457
   26872
  134570
  228021
  301260
  349980
  371433
  363858
  327587
  265516
  181129
   80239
  -30143
 -142785
 -250033
 -343727
 -416789
 -463685
 -480683
 -466219
 -420189
 -344983
 -244971
 -126490
    2662
  133655
  258433
  369076
  457663
  518013
  546403
  540378
  500047
  427445
  326239
  203443
   66868
  -75902
 -216662
 -345644
 -455704
 -541199
 -596545
 -619613
 -610017
 -568493
 -498738
 -405440
 -295198
 -175778
  -54994
   60065
  162909
  247366
  308663
  343889
  351823
  332034
  286530
  218637
  133461
   36979
  -64367
 -163672
 -255135
 -332355
 -389641
 -423612
 -431328
 -411359
 -364548
 -293989
 -202822
  -96779
   16611
  130314
  237880
  332934
  409361
  461977
  486533
  481784
  447453
  383749
  294265
  183104
   53525
  -85704
 -219313
 -337169
 -434966
 -510693
 -559695
 -576908
 -560516
 -513845
 -440433
 -344877
 -234452
 -116589
    1543
  111493
  206182
  279936
  327861
  347234
  337587
  299998
  237298
  154087
   56166
  -49676
 -156065
 -255551
 -341384
 -407120
 -448608
 -462981
 -447546
 -402589
 -332787
 -244312
 -144794
  -37502
   75018
  183377
  281823
  372844
  455070
  513246
  544751
  567010
  583026
  568279
  529898
  486001
  414283
  286250
  115230
 -100248
 -344586
 -589824
 -820305
-1038784
-1234887
-1372458
-1433874
-1425989
-1327610
-1141189
 -909985
 -649988
 -372088
  -85643
  204605
  470988
  699784
  888610
 1036352
 1133661
 1176110
 1164946
 1104194
 1000187
  861511
  699192
  523966
  346392
  176875
   24211
 -104877
 -206095
 -277066
 -318529
 -331873
 -321494
 -292964
 -252403
 -206149
 -160088
 -120348
  -93534
  -82661
  -86774
 -107627
 -146665
 -202306
 -272390
 -352766
 -437417
 -521092
 -601039
 -672427
 -730400
 -770491
 -788509
 -781271
 -747787
 -687430
 -599753
 -485581
 -348251
 -192751
  -26070
  144834
  314652
  475945
  621105
  743692
  837914
  899715
  926478
  917168
  872910
  796772
  693190
  568759
  430903
  286948
  143997
    9467
 -110352
 -210388
 -286582
 -337641
 -363719
 -366378
 -349238
 -316433
 -273128
 -226262
 -182351
 -146564
 -123765
 -117472
 -129249
 -159045
 -205907
 -267352
 -339700
 -417812
 -495090
 -565849
 -624894
 -666662
 -686199
 -680290
 -647082
 -586083
 -498893
 -388040
 -256979
 -111624
   41371
  195880
  344911
  481983
  601307
  697720
  766517
  805267
  813443
  791371
  741073
  666563
  571519
  461220
  341874
  218835
   98060
  -14633
 -115221
 -199630
 -264587
 -309450
 -334718
 -341283
 -332028
 -310292
 -280488
 -247266
 -215133
 -188241
 -170630
 -164927
 -172809
 -195387
 -232219
 -280891
 -338717
 -401718
 -464806
 -523225
 -571515
 -604523
 -618640
 -611012
 -579112
 -522431
 -442048
 -339619
 -218573
  -83944
   58953
  204044
  344374
  474113
  587363
  678728
  744527
  782088
  789662
  768183
  720325
  648994
  558152
  452408
  336760
  217316
   99998
   -9912
 -108104
 -190993
 -256683
 -304189
 -333098
 -344536
 -341063
 -325168
 -301442
 -274648
 -247995
 -225522
 -210866
 -206208
 -212820
 -232002
 -262403
 -302375
 -349509
 -399991
 -449928
 -495454
 -531804
 -554397
 -560196
 -546409
 -511057
 -453758
 -376000
 -279355
 -167052
  -43758
   85530
  215616
  341573
  457845
  558567
  639092
  696514
  728294
  732998
  712198
  667293
  599934
  513897
  414048
  305523
  194024
   84613
  -17983
 -109829
 -187638
 -249040
 -292488
 -318369
 -328495
 -324739
 -310124
 -289007
 -264226
 -239639
 -219348
 -206430
 -203147
 -210748
 -229574
 -258529
 -296505
 -340902
 -388392
 -435510
 -477698
 -510150
 -529800
 -533157
 -517375
 -481472
 -424718
 -348201
 -254366
 -145957
  -26588
   98696
  224568
  345046
  454299
  548168
  622878
  674817
  702108
  703894
  680275
  633005
  565140
  480375
  382971
  277912
  169951
   64437
  -33898
 -121178
 -194404
 -251700
 -293024
 -318458
 -328343
 -325290
 -312318
 -292564
 -269570
 -247122
 -228441
 -216180
 -213022
 -219603
 -236243
 -262067
 -295122
 -333666
 -374488
 -414018
 -448623
 -474449
 -487679
 -485382
 -466277
 -429197
 -372990
 -299235
 -210270
 -108753
    1142
  115196
  229032
  338141
  439078
  529014
  602597
  655849
  686753
  693517
  675577
  634548
  572277
  491257
  394668
  287529
  174559
   60700
  -50394
 -154284
 -245833
 -321594
 -380595
 -421569
 -444145
 -450571
 -441942
 -420514
 -390103
 -355106
 -319279
 -285767
 -257472
 -236748
 -226016
 -225357
 -234158
 -251597
 -274954
 -300729
 -325921
 -347444
 -361763
 -365148
 -354742
 -328897
 -286586
 -227339
 -152280
  -64167
   33834
  138349
  245082
  348351
  443243
  525388
  590469
  635649
  658745
  658323
  635026
  589417
  523218
  439838
  343664
  238892
  130430
   23010
  -79022
 -171174
 -250903
 -315919
 -363740
 -394978
 -410562
 -411079
 -399265
 -378455
 -351782
 -322422
 -293158
 -267062
 -246450
 -233167
 -228188
 -231899
 -243526
 -261019
 -282339
 -305206
 -326676
 -343043
 -351400
 -348929
 -333586
 -304157
 -259697
 -200537
 -128224
  -44789
   47232
  143882
  240666
  333766
  419203
  493017
  552002
  598179
  628809
  632913
  612161
  567780
  502357
  418424
  320004
  211966
   98497
  -14930
 -123348
 -222413
 -308315
 -377912
 -428357
 -459194
 -470545
 -463131
 -440019
 -404923
 -360726
 -311916
 -263416
 -219042
 -182198
 -155273
 -139911
 -136706
 -145221
 -164016
 -191165
 -223591
 -257055
 -287421
 -310976
 -324131
 -323593
 -307120
 -273421
 -222382
 -155413
  -74494
   17460
  116458
  218183
  317882
  410339
  490560
  554253
  597828
  618907
  616632
  590584
  542251
  474194
  388612
  289418
  182291
   71561
  -38019
 -141385
 -234146
 -313068
 -375836
 -420947
 -447601
 -455697
 -446939
 -424452
 -391058
 -350594
 -307133
 -263797
 -223747
 -190333
 -166098
 -151818
 -148171
 -154946
 -170358
 -192440
 -218140
 -244103
 -267206
 -284318
 -292316
 -288211
 -269951
 -236070
 -187093
 -123592
  -46985
   39490
  131472
  225169
  316375
  400242
  472685
  529319
  567154
  584312
  579781
  552806
  504484
  437154
  353943
  259387
  157591
   52199
  -51702
 -149050
 -236166
 -309548
 -367154
 -408043
 -431850
 -438208
 -428988
 -407634
 -376797
 -339706
 -299684
 -259627
 -223188
 -192917
 -170341
 -156746
 -152918
 -157923
 -170352
 -188420
 -210086
 -231815
 -250057
 -261543
 -263820
 -255584
 -234241
 -198744
 -150295
  -89177
  -17119
   62453
  146250
  230772
  311792
  385519
  448051
  496005
  526810
  539055
  531452
  503967
  457604
  393723
  315789
  227913
  133169
   35645
  -59556
 -148019
 -226226
 -292706
 -344694
 -371669
 -361034
 -316452
 -245238
 -155938
  -57831
   39911
  128084
  195215
  210865
  155737
   43134
 -119067
 -321390
 -550861
 -792578
-1028941
-1240633
-1409820
-1519919
-1557280
-1513041
-1383126
-1168756
 -877793
 -523726
 -124829
  297458
  719659
 1116528
 1464199
 1742756
 1936702
 2035363
 2034673
 1937441
 1751230
 1489017
 1168604
  810143
  435004
   65476
 -277523
 -575115
 -812278
 -978831
-1069127
-1082990
-1026234
 -908253
 -742164
 -543812
 -330839
 -121247
   67713
  220953
  326658
  376035
  364749
  293408
  166311
   -8592
 -219114
 -451053
 -689427
 -917554
-1118710
-1278704
-1384747
-1426877
-1399563
-1300352
-1131661
 -900310
 -615587
 -290275
   59735
  416637
  762462
 1078927
 1349749
 1561220
 1702254
 1766562
 1751951
 1659730
 1496603
 1273047
 1002083
  699226
  380894
   63962
 -233998
 -497021
 -712863
 -872871
 -969996
-1002218
 -972096
 -885510
 -751992
 -584604
 -398131
 -208363
  -31213
  118666
  229164
  291123
  299409
  252395
  152506
    5804
 -177944
 -385540
 -602110
 -811918
 -999961
-1151299
-1252863
-1294929
-1270736
-1177110
-1016936
 -796193
 -524302
 -214705
  116777
  453370
  776961
 1070346
 1317872
 1506482
 1626719
 1673538
 1645721
 1546321
 1381937
 1162546
  900780
  612251
  312740
   17695
 -257187
 -498212
 -693944
 -836057
 -919546
 -943733
 -911556
 -829495
 -707171
 -556213
 -389646
 -221880
  -66768
   63133
  156584
  206148
  207828
  160711
   67549
  -65467
 -229734
 -413692
 -603047
 -783516
 -941706
-1064851
-1142705
-1166541
-1130397
-1032700
 -875808
 -665014
 -409312
 -121819
  183883
  492670
  787371
 1052679
 1274890
 1441614
 1544600
 1579531
 1545213
 1444702
 1284405
 1073500
  823749
  549793
  266302
  -11901
 -270013
 -495574
 -678487
 -810968
 -888845
 -911931
 -882650
 -806982
 -694139
 -554595
 -400837
 -246182
 -103361
   16256
  102666
  148629
  150526
  108076
   23603
  -97040
 -245383
 -410662
 -580453
 -742341
 -882323
 -988738
-1052567
-1065952
-1024184
 -926368
 -774720
 -574341
 -333940
  -65757
  217046
  500142
  768939
 1009450
 1208499
 1355416
 1443505
 1468692
 1430201
 1331052
 1177462
  978429
  745740
  491642
  229851
  -26228
 -263565
 -470510
 -637655
 -758280
 -828694
 -848791
 -821182
 -752268
 -650555
 -525679
 -388643
 -250937
 -124179
  -19001
   55737
   94447
   93753
   53316
  -23817
 -132285
 -264212
 -409290
 -556514
 -694995
 -813126
 -900697
 -949197
 -952156
 -905279
 -808471
 -663946
 -476937
 -255936
  -11080
  245416
  500683
  741908
  956560
 1132492
 1260871
 1335221
 1352332
 1311744
 1216861
 1073150
  888310
  672691
  438424
  197681
  -37292
 -254626
 -444036
 -596559
 -706376
 -770667
 -789196
 -764852
 -703184
 -611689
 -499943
 -378019
 -255709
 -143587
  -50635
   15968
   50063
   48736
   12262
  -56875
 -153657
 -270935
 -400556
 -532537
 -654928
 -757713
 -832491
 -870391
 -865788
 -816511
 -721203
 -581959
 -405354
 -198152
   30350
  268513
  504132
  724937
  919666
 1078073
 1192336
 1256271
 1266776
 1223966
 1130225
  990512
  813130
  608357
  386940
  160511
  -59177
 -261822
 -437766
 -578723
 -679754
 -738491
 -754748
 -731392
 -673505
 -587661
 -482715
 -368661
 -255321
 -151956
  -67161
   -7456
   22161
   19442
  -15711
  -81224
 -171844
 -280186
 -398005
 -516077
 -624272
 -713647
 -776132
 -804363
 -793182
 -740757
 -647007
 -514495
