     221
     219
     212
     204
     193
     176
     161
     146
     130
     115
     100
     165
     276
     326
     426
     404
     361
     333
     314
     294
     272
     246
     209
     167
     114
      71
      27
     -12
     -46
     -80
    -115
    -149
    -178
    -202
    -225
    -249
    -270
    -286
    -300
    -316
    -317
    -320
    -324
    -321
    -317
    -313
    -302
    -292
    -279
    -261
    -247
    -228
    -214
    -190
    -166
    -145
    -121
     -96
     -78
     -56
     -31
     -15
       4
      34
      59
     102
     186
     246
     293
     333
     359
     381
     381
     351
     316
     293
     270
     239
     204
     173
     145
     112
      79
      45
      14
     -17
     -46
     -73
    -101
    -130
    -150
    -168
    -175
    -187
    -244
    -330
    -366
    -355
    -346
    -344
    -330
    -315
    -293
    -278
    -260
    -239
    -220
    -194
    -168
    -143
    -117
     -90
     -58
     -26
       3
      34
      70
      97
     116
     136
     155
     175
     191
     209
     216
     224
     233
     229
     227
     220
     215
     211
     204
     190
     179
     167
     155
     134
     121
     106
      85
      63
      46
    -110
    -402
    -332
      -9
     193
     443
     619
     734
     683
     549
     461
     376
     294
     217
     137
      55
     -15
     -86
    -153
    -217
    -274
    -330
    -380
    -423
    -462
    -495
    -520
    -522
    -523
    -523
    -519
    -509
    -492
    -472
    -450
    -434
    -392
     -95
     252
     431
     452
     589
     558
     455
     388
     310
      24
    -247
    -351
    -300
    -272
    -269
    -271
    -265
    -261
    -254
    -251
    -254
    -245
    -240
    -223
    -207
    -192
    -174
    -151
    -130
    -105
     -83
     -63
     -86
    -208
    -289
    -341
    -392
    -495
    -409
    -305
    -235
    -177
    -116
     -53
       1
      53
     103
     148
     193
     232
     266
     304
     342
     376
     403
     424
     434
     441
     447
     450
     447
     433
     417
     395
     378
     354
     325
     306
     280
     246
     216
     178
     148
     114
      80
      39
       3
     -33
     -71
    -109
    -148
    -181
    -216
    -239
    -254
    -282
    -314
    -335
    -350
    -357
    -360
    -359
    -354
    -351
    -344
    -323
    -306
    -293
    -273
    -247
    -226
    -198
    -168
    -150
    -117
     -83
     -51
     -26
       0
      29
      57
      80
     102
     126
     153
     175
     195
     215
     231
     243
     258
     313
     318
     300
     298
     299
     297
     282
     272
     258
     238
     225
     200
     182
     164
     134
     107
      80
      57
      28
      -2
     -33
     -62
     -95
    -125
    -156
    -183
    -211
    -235
    -248
    -262
    -278
    -293
    -298
    -300
    -300
    -296
    -284
    -277
    -273
    -271
    -254
    -233
     -23
     422
     722
     948
    1130
    1273
    1396
    1497
    1563
    1604
    1622
    1625
    1595
    1549
    1485
    1407
    1314
    1202
    1076
     946
     804
     652
     498
     342
     177
      16
    -139
    -291
    -445
    -584
    -718
    -849
    -972
   -1086
   -1180
   -1262
   -1337
   -1408
   -1585
   -1835
   -2023
   -2163
   -2271
   -2354
   -2406
   -2432
   -2430
   -2403
   -2350
   -2282
   -2194
   -2083
   -1955
   -1811
   -1651
   -1481
   -1295
   -1103
    -906
    -705
    -502
    -296
     -87
     111
     304
     482
     620
     533
     442
     439
     617
     816
     845
     870
     917
     957
    1001
    1037
    1062
    1085
    1099
    1106
    1106
    1098
    1089
    1065
    1032
     994
     957
     917
     861
     808
     745
     687
     622
     559
     488
     417
     352
     284
     210
     141
      72
       5
     -52
    -112
    -160
    -217
    -264
    -303
    -341
    -371
    -401
    -423
    -440
    -453
    -462
    -468
    -467
    -464
    -457
    -441
    -416
    -399
    -372
    -346
    -315
    -284
    -249
    -214
    -178
    -142
    -107
     -70
     -31
       6
      42
      71
     107
     135
     160
     185
     207
     234
     248
     260
     270
     281
     290
     295
     292
     291
     293
     286
     275
     260
     249
     239
     217
     191
     172
     153
     133
     107
      86
      58
      36
      16
      -3
     -23
     -44
     -64
     -89
    -104
     -95
     -53
     -32
     -12
       5
      13
      27
      40
      49
      56
      69
      74
      71
      70
      68
      62
      52
      42
      21
      -3
     -28
     -44
     -51
     -57
     -66
     -70
     -71
     -59
     -47
     -54
    -151
    -474
    -714
    -885
   -1020
   -1121
   -1100
    -786
    -602
    -545
    -465
    -373
    -288
    -179
      26
     223
     374
     502
     617
     719
     802
     877
     933
     978
    1009
    1036
    1033
    1025
    1013
     971
     933
     882
     825
     766
     694
     615
     537
     448
     355
     265
     175
      85
     -10
     -96
    -181
    -265
    -350
    -426
    -495
    -558
    -621
    -666
    -714
    -752
    -783
    -808
    -824
    -830
    -833
    -828
    -818
    -802
    -770
    -742
    -702
    -664
    -621
    -571
    -515
    -464
    -403
    -343
    -287
    -224
    -164
    -103
     -41
      17
      71
     125
     170
     216
     260
     302
     337
     358
     385
     409
     425
     442
     452
     450
     445
     440
     428
     412
     400
     377
     349
     321
     300
     269
     235
     196
     159
     130
      95
      56
      20
     -14
     -45
     -74
    -108
    -141
    -163
    -192
    -220
    -232
    -250
    -265
    -280
    -291
    -299
    -300
    -301
    -306
    -305
    -289
    -284
    -280
    -268
    -247
    -235
    -217
    -196
    -176
    -161
    -136
    -116
     -92
     -68
     -52
     -30
      -2
      21
      41
      55
      67
      87
     102
     112
     122
     135
     145
     159
     158
     159
     164
     158
     156
     156
     158
     149
     140
     130
     123
     110
      99
      87
      73
      63
      54
      35
      15
       6
      -8
     -21
     -36
     -45
     -55
     -64
     -75
     -86
     -96
    -103
    -116
    -123
    -129
    -136
    -139
    -134
    -136
    -138
    -135
    -133
    -129
    -126
    -116
    -108
     -97
     -89
     -79
     -69
     -67
     -54
     -41
     -30
     -27
     -15
      -6
       3
      14
      18
      26
      33
      37
      44
      51
      55
      59
      63
      67
      66
      69
      69
      65
      63
      57
       4
    -108
    -187
    -257
    -316
    -372
    -418
    -453
    -484
    -505
    -521
    -527
    -534
    -539
    -537
    -526
    -506
    -478
    -446
    -410
    -376
    -349
    -325
    -287
    -245
    -200
    -150
     -96
     -36
      25
      82
     137
     185
     240
     292
     334
     371
     409
     443
     474
     493
     516
     532
     545
     552
     547
     535
     527
     503
     480
     460
     438
     408
     374
     332
     298
     257
     215
     176
     134
      97
      62
      26
     -10
     -54
     -88
    -145
    -360
    -569
    -712
    -828
    -921
    -996
   -1059
   -1099
   -1122
   -1139
   -1131
   -1113
   -1087
   -1048
    -995
    -932
    -863
    -785
    -695
    -603
    -514
    -412
    -311
    -212
    -106
      -1
      99
     194
     284
     377
     463
     540
     610
     673
     733
     783
     825
     854
     882
     903
     903
     909
     907
     894
     864
     841
     802
     765
     723
     672
     615
     560
     494
     426
     359
     291
     226
     159
      89
      27
     -37
     -99
    -159
    -211
    -263
    -314
    -362
    -399
    -430
    -459
    -483
    -503
    -518
    -532
    -533
    -533
    -527
    -518
    -506
    -483
    -465
    -440
    -413
    -378
    -345
    -308
    -266
    -226
    -188
    -151
    -111
     -67
     -25
      16
      53
      93
     125
     155
     181
     209
     230
     247
     267
     278
     290
     301
     302
     301
     303
     303
     293
     287
     267
     246
     231
     212
     194
     172
     149
     125
     102
      76
      55
      33
       9
     -14
     -35
     -58
     -75
     -99
    -116
    -132
    -141
    -157
    -173
    -183
    -197
    -200
    -201
    -207
    -209
    -206
    -209
    -210
    -207
    -197
    -186
    -177
    -166
    -265
    -477
    -641
    -930
   -1272
   -1327
   -1307
   -1311
   -1309
   -1297
   -1268
   -1233
   -1183
   -1115
   -1037
    -950
    -854
    -746
    -631
    -521
    -407
    -287
    -129
      54
     216
     364
     502
     635
     750
     866
     961
    1056
    1132
    1192
    1243
    1281
    1309
    1326
    1325
    1317
    1301
    1272
    1234
    1184
    1122
    1053
     978
     894
     812
     715
     618
     526
     423
     320
     223
     123
      24
     -68
    -157
    -242
    -327
    -407
    -473
    -535
    -592
    -642
    -687
    -724
    -751
    -772
    -786
    -796
    -792
    -781
    -768
    -749
    -716
    -678
    -641
    -601
    -555
    -499
    -442
    -385
    -332
    -274
    -209
    -147
     -90
     -37
      21
      82
     132
     178
     222
     270
     312
     343
     376
     401
     413
     432
     447
     454
     459
     455
     450
     439
     424
     408
     386
     360
     335
     306
     276
     245
     216
     178
     135
     103
      69
      31
      -1
     -37
     -67
    -101
    -129
    -149
    -178
    -201
    -221
    -240
    -258
    -272
    -285
    -294
    -297
    -297
    -299
    -295
    -285
    -277
    -270
    -256
    -240
    -222
    -208
    -210
    -209
    -201
    -185
    -155
    -122
    -101
     -78
     -56
     -33
     -13
      10
      31
      51
      64
      76
      93
     107
     119
     133
     144
     150
     152
     158
     156
     157
     162
     166
     173
     172
     167
     161
     151
     139
     129
     120
     107
      91
      84
      70
      54
      37
      23
       1
     -11
     -22
     -37
     -84
    -342
    -563
    -514
    -487
    -523
    -504
    -474
    -575
    -586
    -505
    -393
    -306
    -225
     -78
     388
     535
     481
     483
     502
     523
     536
     539
     541
     532
     520
     505
     490
     462
     433
     399
     357
     320
     285
     246
     201
     151
     154
     167
      98
      39
     -15
     -67
    -150
    -329
    -494
    -592
    -675
    -818
   -1024
   -1212
   -1345
   -1396
   -1343
   -1310
   -1412
   -1549
   -1611
   -1521
   -1292
   -1085
    -893
    -711
    -580
    -467
    -359
    -218
     -68
      93
     292
     470
     562
     647
     745
     852
     941
    1040
    1168
    1270
    1326
    1366
    1389
    1396
    1386
    1366
    1330
    1301
    1254
    1187
    1106
    1014
     928
     821
     715
     607
     491
     382
     270
     156
      56
     -40
    -126
    -213
    -303
    -386
    -464
    -529
    -549
    -516
    -497
    -529
    -616
    -712
    -812
    -914
    -993
   -1049
   -1086
   -1110
   -1120
   -1113
   -1099
   -1070
   -1025
    -977
    -915
    -854
    -781
    -710
    -622
    -528
    -436
    -335
    -234
    -134
     -44
      48
     141
     230
     308
     385
     461
     521
     583
     638
     683
     730
     764
     793
     815
     822
     822
     821
     805
     789
     763
     730
     689
     654
     613
     558
     505
     447
     384
     326
     264
     197
     125
      69
      17
     -44
    -102
    -162
    -214
    -255
    -303
    -354
    -404
    -445
    -479
    -506
    -532
    -551
    -565
    -572
    -586
    -610
    -633
    -639
    -639
    -635
    -626
    -609
    -594
    -559
    -513
    -470
    -425
    -373
    -318
    -290
    -176
     -16
      96
     193
     320
     403
     459
     503
     533
     556
     581
     592
     575
     550
     527
     483
     439
     383
     325
     289
     286
     282
     259
     230
     200
     164
     129
      96
      63
      26
      -6
     -36
     -70
     -98
    -122
    -143
    -172
    -192
    -212
    -233
    -247
    -263
    -270
    -279
    -285
    -280
    -280
    -277
    -271
    -262
    -248
    -232
    -218
    -206
    -185
    -162
    -143
    -127
    -109
     -87
     -71
     -52
     -26
      -5
      16
      33
      53
      68
      83
     101
     112
     126
     130
     138
     136
     142
     144
     140
     139
     142
     140
     129
     129
     121
     114
     102
      85
      79
      72
      62
      51
      42
      33
      23
      10
     -16
     -49
     -81
     -97
     -97
     -98
     -98
    -103
    -107
    -108
    -115
    -119
    -124
    -124
    -119
    -100
     -94
     -95
     -87
     -82
     -85
    -103
    -111
    -108
     -83
     -81
    -181
    -379
    -526
    -646
    -792
    -919
    -953
    -984
   -1032
   -1030
    -987
    -950
    -895
    -835
    -757
    -660
    -579
    -524
    -453
    -364
    -271
    -154
     -33
      70
     156
     246
     329
     411
     493
     562
     634
     695
     754
     804
     845
     879
     912
     930
     940
     939
     930
     912
     891
     858
     819
     783
     743
     696
     641
     579
     524
     461
     377
     253
     106
     -38
    -169
    -239
    -249
    -270
    -301
    -326
    -365
    -396
    -417
    -434
    -458
    -465
    -463
    -462
    -458
    -445
    -428
    -403
    -383
    -364
    -341
    -310
    -285
    -260
    -222
    -188
    -154
    -121
     -86
     -52
     -18
      20
      53
      81
     109
     134
     149
     165
     186
     195
     214
     223
     220
     226
     225
     223
     226
     215
     201
     193
     194
     179
     167
     155
     140
     124
     114
     101
      81
      67
      49
      34
      10
      -9
     -23
     -42
     -58
     -73
     -82
     -92
    -110
    -120
    -129
    -134
    -136
    -140
    -142
    -141
    -145
    -149
    -147
    -147
    -134
    -129
    -125
    -117
    -108
    -101
     -98
     -88
     -75
     -64
     -56
     -44
     -35
     -25
      -6
       4
      12
      19
      22
      30
      42
      46
      47
      44
      36
      26
      28
      26
      18
      26
      44
      54
      73
      76
      73
      77
      78
      78
      75
      72
      74
      71
      67
      58
      53
      46
      39
      27
      16
       4
     -10
     -20
     -33
     -43
     -55
     -62
     -70
     -81
     -95
    -103
    -110
    -119
    -122
    -128
    -131
    -132
    -134
    -138
    -128
    -125
    -119
    -112
    -107
    -103
     -91
     -78
     -70
     -61
     -52
     -44
     -41
     -30
     -10
       1
       8
      16
      24
      35
      42
      52
      60
      66
      70
      68
      70
      72
      70
      72
      69
      67
      63
      56
      48
      44
      32
      26
      26
      18
      13
       7
      -8
     -11
     -16
     -19
     -26
     -34
     -45
     -49
     -50
     -51
     -49
     -55
     -63
     -62
     -69
     -70
     -73
     -76
     -74
     -69
     -53
     227
     684
     981
    1194
    1367
    1506
    1610
    1688
    1728
    1745
    1738
    1712
    1661
    1585
    1496
    1385
    1260
    1124
     976
     817
     582
     170
    -217
    -635
   -1127
   -1526
   -1832
   -2010
   -2176
   -2327
   -2460
   -2557
   -2636
   -2684
   -2704
   -2699
   -2673
   -2616
   -2537
   -2442
   -2316
   -2165
   -2003
   -1824
   -1637
   -1441
   -1236
   -1030
    -813
    -592
    -373
    -159
      51
     254
     454
     643
     820
     978
    1129
    1270
    1392
    1501
    1586
    1657
    1719
    1764
    1792
    1795
    1784
    1757
    1717
    1666
    1596
    1520
    1425
    1319
    1214
    1095
     974
     842
     717
     584
     448
     316
     184
      51
     -82
    -203
    -316
    -429
    -531
    -620
    -699
    -769
    -839
    -894
    -942
    -978
   -1007
   -1027
   -1039
   -1042
   -1029
   -1010
    -981
    -944
    -898
    -833
    -772
    -703
    -630
    -558
    -483
    -405
    -333
    -253
    -174
     -94
     -14
      61
     128
     196
     259
     321
     380
     430
     479
     519
     565
     595
     623
     624
     617
     609
     595
     581
     560
     541
     514
     492
     458
     424
     383
     339
     302
     260
     210
     164
     116
      67
      20
     -28
     -74
    -117
    -166
    -202
    -240
    -277
    -307
    -337
    -364
    -380
    -389
    -407
    -413
    -413
    -416
    -414
    -405
    -391
    -379
    -364
    -349
    -324
    -300
    -273
    -243
    -210
    -175
    -146
    -104
     -70
     -40
      -8
      28
      52
      73
     102
     127
     151
     169
     187
     198
     212
     226
     237
     238
     242
     240
     241
     237
     227
     219
     215
     206
     192
     177
     165
     152
     130
     113
     100
      91
      74
      55
      30
       9
     -14
     -34
     -54
     -73
     -88
    -105
    -121
    -132
    -143
    -150
    -186
    -244
    -269
    -252
    -244
    -304
    -447
    -399
    -319
    -265
    -226
    -188
    -150
    -109
     -73
     -42
     -10
      24
      56
      83
     101
     120
     136
     153
     168
     192
     153
    -124
    -326
    -450
    -410
    -298
    -229
    -190
    -307
    -497
    -378
    -271
    -196
    -128
     -63
       1
      59
     118
     184
     301
     397
     460
     511
     560
     599
     625
     647
     657
     662
     656
     645
     627
     602
     570
     525
     485
     435
     386
     332
     280
     214
     157
      97
      36
     -21
     -78
    -138
    -189
    -240
    -291
    -342
    -385
    -421
    -448
    -479
    -508
    -523
    -539
    -553
    -557
    -552
    -551
    -540
    -524
    -506
    -487
    -461
    -433
    -401
    -372
    -335
    -298
    -263
    -226
    -184
    -141
    -103
     -64
     -26
      10
      49
      82
     110
     137
     168
     190
     209
     231
     242
     254
     267
     274
     278
     282
     278
     274
     271
     262
     249
     231
     218
     207
     189
     171
     155
     129
     106
      81
      59
      36
      16
     -10
     -33
     -55
     -74
     -96
    -114
    -129
    -143
    -160
    -167
    -173
    -182
    -193
    -199
    -198
    -199
    -202
    -200
    -197
    -195
    -186
    -177
    -170
    -159
    -151
    -151
    -150
    -146
    -132
    -119
    -108
     -92
     -83
     -68
     -58
    -164
    -473
    -683
    -827
    -813
    -655
    -567
    -494
    -425
    -458
    -409
    -262
    -162
     -65
      34
     123
     200
     274
     354
     436
     506
     565
     614
     653
     688
     712
     730
     741
     744
     741
     728
     706
     677
     646
     609
     570
     524
     477
     433
     387
     332
     271
     247
     366
     431
     378
     341
     305
     257
     205
     207
     206
     113
      52
     -34
    -277
    -511
    -681
    -829
    -953
   -1058
   -1141
   -1211
   -1264
   -1305
   -1324
   -1332
   -1329
   -1309
   -1275
   -1226
   -1169
   -1103
   -1025
    -942
    -848
    -726
    -522
    -331
    -150
      22
     182
     333
     479
     614
     742
     847
     943
    1028
    1107
    1163
    1207
    1243
    1263
    1272
    1272
    1257
    1223
    1189
    1140
    1079
    1015
     935
     854
     766
     671
     572
     473
     371
     263
     169
      92
       4
     -87
    -173
    -260
    -342
    -420
    -488
    -559
    -623
    -679
    -725
    -769
    -800
    -833
    -857
    -869
    -874
    -869
    -866
    -851
    -828
    -802
    -769
    -724
    -684
    -639
    -578
    -519
    -457
    -395
    -331
    -266
    -201
    -136
     -73
      -4
      49
     105
     159
     207
     259
     308
     347
     380
     407
     431
     445
     458
     472
     478
     479
     473
     463
     454
     434
     413
     390
     360
     332
     301
     268
     227
     193
     161
     123
      84
      43
       7
     -31
     -68
    -100
    -131
    -164
    -196
    -213
    -239
    -259
    -272
    -288
    -301
    -309
    -322
    -322
    -320
    -314
    -310
    -302
    -293
    -277
    -259
    -246
    -229
    -210
    -184
    -164
    -145
    -125
    -100
     -78
     -55
     -36
     -14
      11
      29
      45
      66
      82
      96
     115
     127
     129
     136
     144
     152
     151
     150
     145
     141
     137
     134
     130
     123
     119
     112
      98
     139
     290
     386
     500
     564
     561
     532
     461
     373
     311
     274
     222
     156
      74
     -26
    -116
    -197
    -274
    -345
    -409
    -469
    -527
    -578
    -613
    -622
    -600
    -580
    -568
    -541
    -510
    -480
    -443
    -406
    -364
    -319
    -275
    -229
    -181
    -130
     -86
     -46
    -157
    -425
    -591
    -695
    -782
    -845
    -882
    -884
    -707
    -488
    -323
    -161
       7
     163
     321
     470
     605
     722
     821
     918
    1003
    1095
    1184
    1251
    1304
    1347
    1361
    1369
    1365
    1336
    1298
    1241
    1167
    1095
    1026
     930
     824
     718
     607
     486
     361
     239
     129
      24
     -20
     -10
    -156
    -396
    -582
    -738
    -874
    -998
   -1102
   -1215
   -1271
   -1110
    -577
    -165
     125
     361
     561
     735
     883
    1002
    1106
    1179
    1225
    1254
    1264
    1253
    1218
    1167
    1106
    1025
     928
     729
     320
     -44
    -355
    -644
    -878
   -1045
   -1203
   -1353
   -1488
   -1602
   -1700
   -1781
   -1835
   -1879
   -1903
   -1902
   -1890
   -1862
   -1811
   -1743
   -1667
   -1582
   -1493
   -1393
   -1268
   -1132
    -983
    -832
    -682
    -530
    -381
    -231
     -85
      59
     200
     341
     468
     586
     695
     800
     887
     966
    1038
    1096
    1144
    1177
    1190
    1206
    1203
    1192
    1172
    1138
    1096
    1046
     989
     925
     853
     775
     697
     605
     507
     421
     331
     235
     139
      50
     -42
    -133
    -211
    -289
    -364
    -428
    -490
    -552
    -599
    -638
    -677
    -705
    -726
    -739
    -752
    -750
    -744
    -738
    -716
    -692
    -664
    -631
    -590
    -546
    -502
    -452
    -397
    -345
    -292
    -238
    -184
    -126
     -76
     -20
      34
      87
     139
     180
     220
     262
     295
     325
     355
     334
     197
      74
     -21
    -106
    -185
    -250
    -315
    -382
    -430
    -468
    -504
    -534
    -556
    -566
    -574
    -576
    -560
    -545
    -528
    -500
    -469
    -431
    -389
    -338
    -293
    -241
    -185
    -135
     -80
     -29
      24
      85
     135
     185
     229
     273
     322
     365
     398
     429
     453
     475
     500
     514
     525
     531
     531
     530
     522
     509
     491
     473
     452
     427
     398
     368
     329
     299
     260
     226
     188
     148
     112
      76
      41
      -1
     -32
     -65
    -197
    -420
    -464
    -423
    -410
    -405
    -397
    -392
    -382
    -372
    -354
    -333
    -308
    -285
    -264
    -231
    -199
    -174
    -153
    -119
     -86
     -61
     -29
      -1
      22
      53
      77
     106
     122
     144
     167
     180
     192
     204
     212
     223
     228
     227
     230
     228
     229
     224
     216
     205
     195
     189
     175
     154
      15
    -103
     248
     335
     278
     257
     232
     207
     188
     168
     149
     124
      97
      63
      34
       7
     -21
     -47
     -71
     -92
    -115
    -134
    -155
    -176
    -198
    -307
    -476
    -582
    -664
    -725
    -776
    -817
    -840
    -855
    -860
    -850
    -828
    -743
    -629
    -537
    -438
    -341
    -248
    -155
     -64
      24
     101
     185
     255
     319
     386
     447
     501
     545
     590
     620
     644
     663
     674
     682
     679
     670
     661
     639
     606
     576
     543
     502
     461
     415
     365
     313
     262
     209
     151
      93
      41
      -9
     -66
    -116
    -163
    -206
    -305
    -529
    -703
    -829
    -932
   -1011
   -1085
   -1134
   -1163
   -1183
   -1186
   -1173
   -1149
   -1116
   -1074
   -1015
    -948
    -869
    -788
    -700
    -607
    -504
    -403
    -301
    -196
     -95
       8
     106
     201
     297
     386
     474
     551
     620
     692
     743
     794
     829
     864
     890
     905
     911
     913
     906
     889
     866
     832
     804
     765
     712
     654
     603
     543
     482
     416
     347
     281
     212
     139
      72
       8
     -57
    -116
    -176
    -233
    -282
    -331
    -370
    -400
    -439
    -472
    -498
    -513
    -528
    -531
    -536
    -533
    -528
    -518
    -503
    -486
    -458
    -436
    -408
    -375
    -340
    -302
    -263
    -225
    -184
    -143
    -105
     -68
     -30
      10
      46
      76
     112
     140
     169
     193
     218
     238
     257
     272
     280
     292
     300
     295
     296
     298
     293
     287
     277
     261
     249
     227
     209
     193
     175
     149
     124
     101
      75
      47
      28
       6
     -22
     -42
     -60
     -81
     -77
     -51
     -35
     -24
     -13
      -1
       6
      17
      25
      26
      28
      31
      33
      37
      40
      43
      36
      33
      27
      21
      17
       7
       2
      -7
      -9
     -20
     -26
     -28
     -39
     -46
     -58
     -69
     -72
     -74
     -85
     -88
     -93
     -89
     -95
     -97
     -99
    -100
     -99
     -93
    -100
    -102
    -111
    -116
    -112
     -96
     -69
     -38
      -6
      19
      40
      57
      69
      92
     107
     114
     113
     115
     121
     126
     124
     119
     117
     112
     105
      93
      84
      72
      60
      43
      31
      20
       5
      -9
     -22
     -36
     -51
     -67
     -77
     -88
     -96
    -106
    -122
    -134
    -142
    -144
    -145
    -153
    -160
    -159
    -161
    -162
    -162
    -157
    -151
    -145
    -137
    -129
    -123
    -112
     -93
     -80
     -63
     -50
     -36
     -24
     -16
      -4
       6
      11
      25
      32
      39
      47
      54
      56
      57
      54
      56
      56
      58
      56
      54
      49
      46
      41
      39
      40
      31
      31
      26
      12
      10
       4
      -3
      -9
     -20
     -31
     -37
     -41
     -46
     -51
     -56
     -60
     -61
     -70
     -73
     -79
     -83
     -87
     -85
     -85
     -84
     -83
     -81
     -81
     -79
     -74
     -68
     -66
     -65
     -52
     -43
     -27
     -22
     -23
     -21
     -14
     -12
      -6
       5
      18
      36
      46
      50
      55
     137
     262
     204
     184
     176
     152
     132
     125
     109
      81
      56
       3
      72
     187
     252
     300
     332
     311
     241
     191
     140
      96
      47
       2
     -39
     -79
    -125
    -168
    -201
    -232
    -267
    -294
    -456
    -654
    -778
    -874
    -953
   -1014
   -1045
   -1074
   -1090
   -1084
   -1069
   -1039
   -1000
    -948
    -884
    -818
    -746
    -666
    -572
    -479
    -381
    -284
    -188
     -85
      14
     115
     207
     288
     377
     457
     529
     604
     664
     719
     765
     807
     840
     867
     881
     887
     881
     880
     870
     838
     808
     776
     734
     690
     640
     586
     533
     479
     408
     340
     277
     220
     149
      83
      23
     -44
    -106
    -162
    -216
    -257
    -307
    -349
    -388
    -419
    -448
    -472
    -487
    -506
    -512
    -518
    -515
    -507
    -502
    -489
    -471
    -447
    -423
    -399
    -365
    -328
    -298
    -260
    -216
    -177
    -140
    -106
     -69
     -28
      31
     184
     306
     362
     419
     470
     513
     556
     588
     608
     620
     638
     640
     630
     619
     605
     583
     550
     520
     485
     445
     395
     345
     297
     249
     197
     140
      83
      26
     -24
     -79
    -136
    -177
    -223
    -273
    -320
    -360
    -390
    -418
    -442
    -464
    -478
    -489
    -502
    -500
    -504
    -501
    -488
    -479
    -461
    -429
    -407
    -382
    -354
    -321
    -283
    -249
    -211
    -175
    -143
    -106
     -71
     -36
       0
      33
      64
      94
     122
     144
     170
     189
     392
     845
    1135
    1167
    1018
     920
     847
     777
     702
     615
     538
     454
     365
     272
     176
      81
     -10
     -93
    -176
    -257
    -335
    -400
    -461
    -522
    -572
    -614
    -649
    -675
    -695
    -710
    -718
    -724
    -719
    -708
    -688
    -665
    -632
    -596
    -559
    -517
    -472
    -423
    -366
    -311
    -257
    -205
    -154
     -96
     -42
      14
      61
     108
     155
     200
     244
     282
     322
     350
     371
     389
     408
     418
     432
     440
     435
     433
     432
     417
     402
     382
     363
     335
     312
     278
     250
     216
     184
     152
     117
      82
      48
      15
     -19
     -51
     -86
    -113
    -138
    -163
    -187
    -210
    -233
    -252
    -258
    -267
    -275
    -284
    -291
    -291
    -288
    -282
    -274
    -267
    -254
    -236
    -221
    -207
    -189
    -164
    -149
    -128
    -108
     -88
     -68
     -49
     -30
     -10
       6
      23
      42
      60
      74
      85
      98
     115
     122
     132
     142
     146
     147
     149
     155
     139
      71
    -123
    -368
    -527
    -517
    -415
    -357
    -305
    -261
    -219
    -176
      97
     565
     421
      76
    -110
    -236
    -333
    -412
    -475
    -530
    -577
    -613
    -635
    -642
    -645
    -635
    -620
    -598
    -567
    -524
    -478
    -436
    -382
    -323
    -262
    -195
    -131
     -72
      -8
      63
     130
     187
     243
     302
     354
     401
     446
     480
     517
     544
     574
     592
     605
     614
     616
     613
     612
     597
     574
     556
     537
     509
     478
     444
     405
     364
     326
     281
     232
     182
     137
      93
      47
       2
     -44
     -82
    -122
    -158
    -189
    -226
    -256
    -280
    -303
    -321
    -337
    -350
    -357
    -359
    -363
    -365
    -360
    -353
    -345
    -330
    -315
    -304
    -280
    -253
    -226
    -206
    -181
    -152
    -123
     -95
     -65
     -38
     -15
       9
      36
      67
      85
     104
     125
     145
     161
     175
     185
     198
     209
     208
     216
     221
     215
     217
     208
     199
     195
     182
     174
     160
     145
     127
     107
      90
      78
      57
      42
      20
       2
     -16
     -32
     -47
     -63
     -76
     -91
    -108
    -118
    -122
    -134
    -141
    -150
    -157
    -158
    -162
    -162
    -166
    -162
    -152
    -153
    -145
    -137
    -126
    -116
    -113
    -103
     -97
     -86
     -74
     -62
     -56
     -45
     -34
     -27
     -14
      -4
       6
      14
      29
      32
      38
      42
      48
      57
      65
      69
      66
      71
      72
      72
      73
      64
      60
      59
      55
      46
      42
      39
      35
      27
      16
      13
      12
       4
      -2
      -4
     -10
     -18
     -24
     -31
     -39
     -44
     -52
     -54
     -61
     -59
     -62
     -71
     -70
     -71
     -73
     -72
     -69
     -23
     258
     659
     869
     805
     717
     668
     615
     568
     517
     470
     413
     351
     293
     239
     174
     112
      47
     -14
     -70
    -124
    -183
    -238
    -282
    -328
    -366
    -399
    -431
    -459
    -480
    -497
    -510
    -515
    -516
    -516
    -511
    -499
    -485
    -467
    -445
    -419
    -388
    -360
    -327
    -298
    -262
    -225
    -193
    -152
    -115
     -77
     -39
       1
      35
      60
      89
     119
     146
     179
     198
     214
     235
     257
     263
     274
     286
     286
     286
     282
     273
     269
     255
     234
     217
     207
     191
     171
     147
     127
     107
      88
      62
      40
     216
     674
     978
    1179
    1160
     947
     792
     652
     522
     394
     265
     144
      26
     -94
    -212
    -315
    -415
    -505
    -593
    -678
    -744
    -800
    -847
    -893
    -930
    -952
    -962
    -961
    -957
    -956
    -943
    -915
    -872
    -822
    -773
    -712
    -646
    -581
    -513
    -437
    -361
    -284
    -207
    -133
     -53
      16
      85
     154
     219
     278
     333
     388
     438
     485
     520
     548
     580
     595
     610
     621
     622
     617
     605
     592
     572
     476
     340
     239
     148
      72
      -6
     -50
     -43
     -37
     -49
     -54
     -68
     -81
     -87
     -94
    -102
    -104
    -117
    -117
    -120
    -129
    -323
    -635
    -838
    -980
   -1098
   -1194
   -1265
   -1314
   -1341
   -1351
   -1344
   -1320
   -1280
   -1224
   -1156
   -1072
    -983
    -880
    -768
    -647
    -524
    -403
    -275
    -147
     -12
     114
     234
     350
     462
     576
     678
     772
     854
     924
     991
    1053
    1098
    1134
    1159
    1178
    1183
    1172
    1157
    1142
    1108
    1066
    1022
     962
     897
     824
     757
     680
     595
     515
     426
     340
     253
     174
      92
       5
     -75
    -153
    -227
    -297
    -359
    -419
    -474
    -524
    -565
    -598
    -624
    -642
    -658
    -669
    -672
    -670
    -652
    -636
    -619
    -598
    -568
    -534
    -493
    -448
    -401
    -356
    -309
    -262
    -214
    -159
    -113
     -62
     -13
      37
      83
     123
     165
     203
     238
     275
     303
     328
     350
     362
     378
     387
     395
     393
     393
     387
     373
     362
     343
     322
     307
     333
     368
     387
     393
     396
     392
     389
     376
     364
     345
     327
     304
     275
     243
     210
     179
     147
     114
      76
      40
       8
     -27
     -65
     -96
    -129
    -164
    -193
    -223
    -249
    -269
    -288
    -308
    -320
    -332
    -340
    -352
    -467
    -605
    -555
    -516
    -481
    -455
    -428
    -395
    -362
    -329
    -296
    -258
    -215
    -179
    -138
    -101
     -68
     -32
       7
      42
      75
     108
     134
     160
     183
     199
     219
     232
     244
     262
     272
     273
     264
     273
     426
     676
     826
     940
    1022
    1081
    1119
    1134
    1137
    1117
    1083
    1046
     988
     916
     806
     588
     378
     189
       5
    -135
    -105
     -63
     -73
    -107
    -150
    -194
    -240
    -287
    -335
    -380
    -424
    -469
    -500
    -536
    -566
    -593
    -622
    -643
    -657
    -673
    -678
    -684
    -685
    -683
    -673
    -654
    -640
    -620
    -592
    -562
    -531
    -494
    -453
    -421
    -383
    -338
    -295
    -251
    -212
    -172
    -127
     -78
     -46
      -6
      38
      72
     103
     133
     161
     183
     203
     227
     246
     260
     261
     268
     279
     281
     279
     273
     262
     246
     239
     223
     206
     184
     167
     145
     121
      94
      73
      52
      28
       4
     -16
     -36
     -58
     -79
    -101
    -122
    -135
    -150
    -171
    -179
    -185
    -200
    -206
    -212
    -214
    -216
    -212
    -213
    -208
    -206
    -200
    -188
    -180
    -167
    -156
    -144
    -128
    -117
    -106
     -82
     -72
     -60
     -48
     -31
     -18
      -1
      11
      25
      39
      51
      55
      42
      42
      47
      47
      46
      44
      37
      23
      -6
    -193
    -324
    -269
    -212
    -173
    -150
    -129
    -113
     -95
     -76
     -59
     -43
     -26
      -8
       0
      14
      39
      51
      61
      72
      83
      95
     107
     114
     118
     115
     118
     128
     131
     126
     121
     117
     114
     105
     101
      93
      84
      70
      64
      63
      49
      39
      26
      18
      10
      -2
     -10
     -22
     -35
     -52
     -62
     -60
     -62
     -72
     -75
     -81
     -86
     -93
     -95
     -93
     -98
     -98
     -98
     -93
     -92
     -91
     -87
     -82
     -79
     -75
     -69
     -64
     -58
     -49
     -43
     -34
     -32
     -22
     -12
      -7
      -2
       2
       5
       5
       6
      12
      19
      22
      30
      29
      30
      31
      33
      31
      33
      29
      30
      29
      28
      25
      26
      28
      24
      15
      12
      12
       5
      -3
      -7
     -10
      -9
     -19
     -21
     -34
     -76
    -112
    -141
    -172
    -193
    -216
    -233
    -251
    -265
    -271
    -275
    -279
    -283
    -279
    -268
    -264
    -259
    -245
    -227
    -213
    -197
    -180
    -151
    -131
    -113
     -88
     -67
     -41
     -17
       1
      21
      44
      62
      90
     106
     123
     141
     152
     163
     173
     179
     184
     193
     200
     198
     197
     197
     207
     337
     664
     894
    1053
    1176
    1265
    1335
    1383
    1411
    1423
    1388
    1225
    1035
     877
     760
     680
     621
     540
     445
     343
     238
     126
      19
     -90
    -195
    -300
    -405
    -501
    -590
    -677
    -829
   -1025
   -1188
   -1329
   -1447
   -1540
   -1616
   -1649
   -1616
   -1594
   -1567
   -1524
   -1474
   -1409
   -1333
   -1246
   -1174
   -1127
   -1064
    -985
    -872
    -746
    -622
    -522
    -437
    -337
    -234
     -79
     223
     491
     706
     893
    1049
    1192
    1320
    1421
    1506
    1580
    1624
    1650
    1658
    1654
    1610
    1455
    1285
    1122
     959
     790
     613
     439
     276
     206
     237
     211
     168
     106
      47
     -14
     -85
    -177
    -262
    -346
    -485
    -868
   -1217
   -1458
   -1653
   -1813
   -1940
   -2036
   -2108
   -2155
   -2164
   -2081
   -1864
   -1499
   -1150
   -1048
    -942
    -808
    -675
    -533
    -379
    -231
     -89
      57
     192
     326
     455
     568
     666
     761
     856
     936
    1007
    1058
    1103
    1139
    1164
    1178
    1174
    1161
    1144
    1114
    1079
    1038
     984
     925
