  560199
  556333
  555125
  557399
  558333
  560284
  563037
  563556
  564573
  566716
  568916
  570860
  572518
  573814
  574580
  575434
  579324
  585082
  589869
  593376
  595373
  596053
  595576
  594844
  594007
  592960
  591865
  590709
  588188
  585522
  583632
  582085
  581342
  581406
  582112
  583502
  585454
  587535
  589421
  591745
  594444
  596410
  597807
  598949
  598880
  597731
  595835
  593589
  591291
  589025
  586978
  585261
  583951
  583033
  582506
  582503
  582927
  583491
  584127
  584834
  585649
  586438
  587149
  587773
  588270
  588527
  588524
  588175
  587565
  586805
  585723
  584284
  582683
  580917
  579060
  577251
  575640
  574853
  574675
  574259
  573443
  572664
  572189
  571983
  572029
  572378
  573074
  573926
  575005
  576762
  578572
  579540
  579679
  579572
  579114
  578587
  578207
  577886
  577623
  577652
  577962
  578630
  579790
  581204
  582928
  584626
  586350
  588354
  590264
  591601
  592668
  593527
  594275
  594880
  595098
  594080
  592595
  590218
  587087
  586408
  586813
  586010
  583485
  582290
  582252
  582562
  583114
  584482
  586311
  587632
  588113
  588102
  587892
  587028
  585694
  584399
  583404
  583195
  583605
  584998
  587227
  588709
  588959
  587911
  585604
  583054
  580838
  578938
  577398
  576365
  576034
  576425
  577362
  578977
  581965
  584391
  585504
  586273
  586480
  586123
  585238
  584015
  582719
  581273
  579885
  578796
  577966
  577395
  577336
  577880
  578732
  579841
  581199
  582385
  583505
  584786
  586333
  587723
  588483
  588865
  588440
  587684
  586988
  586486
  586345
  586599
  587235
  588376
  590061
  591339
  592509
  593884
  593753
  591679
  588823
  586159
  584006
  583552
  585115
  588153
  593913
  601351
  605489
  605412
  602396
  597610
  591951
  587094
  583691
  580756
  577844
  575498
  574142
  574263
  575508
  577043
  578407
  579717
  580516
  580510
  579763
  578486
  577142
  575940
  574484
  573671
  573745
  574537
  575675
  576885
  578339
  579797
  581159
  581791
  581792
  581246
  580611
  580022
  579597
  579832
  580481
  581506
  582991
  584783
  587039
  589627
  592180
  594846
  597551
  599207
  599491
  598804
  597829
  596292
  594720
  593958
  593503
  593487
  595348
  602994
  614685
  623270
  627358
  627476
  624450
  618930
  611754
  603806
  595861
  588698
  583168
  619007
  779112
  845804
  830366
  797236
  753675
  704909
  655616
  610184
  572244
  544343
  527538
  521571
  524846
  534902
  548586
  562479
  573532
  579518
  579093
  571963
  558934
  541625
  522282
  503395
  487213
  475588
  469607
  469510
  474823
  484449
  496690
  509476
  521027
  529909
  535426
  537106
  535551
  532141
  528525
  526413
  527449
  532960
  543739
  559709
  579729
  602308
  625802
  647982
  666786
  680541
  688048
  688604
  682635
  671356
  656501
  639910
  623561
  609471
  599122
  593519
  592982
  596857
  604318
  613745
  623189
  631250
  636496
  637675
  634299
  626461
  614923
  600941
  585868
  571391
  559112
  550230
  545178
  544009
  546555
  551916
  559082
  566624
  573553
  578892
  581902
  582186
  579743
  575140
  569398
  563631
  558946
  556299
  556361
  559435
  565167
  572764
  581718
  591055
  599533
  606168
  610325
  611622
  609996
  605615
  599277
  591802
  584201
  577526
  572881
  570548
  570799
  573402
  577853
  583494
  589388
  594497
  598085
  599374
  598254
  594940
  589853
  583555
  576704
  570203
  564950
  561664
  560615
  561936
  565169
  569843
  575822
  581973
  587460
  591991
  595040
  596280
  595410
  593236
  590366
  587437
  585182
  584136
  584671
  586897
  590535
  595911
  602621
  608663
  613165
  616379
  618106
  618089
  616442
  613337
  609037
  604039
  599298
  595330
  592339
  590639
  590202
  590872
  592356
  593768
  594475
  594586
  594036
  592504
  589939
  586433
  582179
  577567
  573025
  569482
  567158
  565118
  563315
  562460
  562707
  563934
  565613
  567604
  569507
  571086
  572479
  573276
  573508
  573448
  573261
  572979
  572353
  571785
  572082
  573998
  577100
  580644
  584512
  588410
  592256
  596192
  600011
  602541
  603240
  603031
  602343
  601221
  599848
  598727
  597990
  597759
  598244
  599507
  601285
  603169
  604909
  606877
  608645
  609499
  609155
  607754
  604975
  600871
  596290
  591880
  588093
  585275
  583526
  582853
  582934
  583654
  584812
  586011
  586810
  587149
  587337
  587382
  586655
  584483
  581537
  578635
  576040
  574121
  573018
  572836
  573431
  574680
  576833
  580731
  585713
  590724
  594744
  595886
  594417
  591674
  588115
  584063
  580241
  577298
  575282
  578013
  586283
  588643
  589182
  589662
  589961
  589358
  588532
  587690
  586474
  581489
  579398
  585415
  597923
  607430
  613207
  616120
  616631
  615010
  612207
  608923
  604818
  600123
  595617
  592016
  589497
  588199
  587824
  588270
  589294
  590427
  591382
  591980
  592015
  591420
  590273
  588771
  587085
  585241
  583586
  583005
  582866
  582172
  581274
  580439
  579944
  580258
  580354
  579784
  579305
  578784
  577775
  576125
  574174
  573114
  572844
  573100
  574214
  576093
  578760
  581891
  585112
  587902
  589850
  591196
  591931
  592146
  592072
  591833
  591558
  590660
  587590
  583086
  579353
  577221
  576224
  576340
  577652
  579842
  582571
  585539
  588340
  590866
  592736
  593945
  594497
  594547
  594210
  593621
  592960
  592476
  592723
  596139
  599108
  599668
  599557
  594309
  582991
  581474
  596782
  611949
  621993
  627659
  629419
  627775
  623580
  617419
  610160
  602943
  596571
  591613
  588366
  586780
  586651
  587776
  589499
  591206
  592363
  592369
  591046
  588609
  585218
  581007
  576630
  572603
  569352
  567157
  566174
  566385
  567658
  569727
  572188
  574721
  576965
  578507
  579102
  578711
  577537
  575828
  574059
  572467
  571457
  571344
  572309
  574420
  577597
  581759
  586410
  591092
  595449
  599014
  601715
  603262
  603684
  603129
  601700
  599513
  596975
  594566
  552831
  363669
   74423
 -232659
 -426310
 -504592
 -483094
 -382207
 -225676
  -38333
  156235
  337011
  487274
  596801
  661963
  685507
  675319
  643429
  604966
  573590
  559556
  569039
  604061
  663241
  741710
  831782
  924263
 1009848
 1080219
 1129125
 1153539
 1154054
 1135036
 1102992
 1066064
 1032416
 1008062
  996457
  997848
 1009323
 1025481
 1039484
 1044160
 1032372
  998488
  939124
  854490
  748108
  626701
  498686
  373852
  262873
  174781
  116011
   90025
   95910
  129189
  183636
  250825
  321421
  386506
  438426
  471954
  484555
  476633
  451960
  416503
  377780
  344184
  322463
  317446
  331631
  364599
  414224
  476561
  545663
  614996
  678216
  729880
  766426
  786124
  789394
  778892
  758830
  734158
  710128
  691305
  680810
  680160
  688669
  704080
  722881
  741058
  754352
  758882
  752070
  732816
  701516
  660512
  613493
  565047
  519932
  482802
  457249
  445340
  447351
  461918
  486895
  517629
  548492
  575833
  596461
  608046
  609508
  601269
  585143
  564605
  544052
  526695
  514984
  511613
  518360
  535326
  561190
  593338
  628206
  662287
  692092
  714853
  729057
  733667
  728480
  714872
  695244
  672650
  649872
  629767
  615019
  606876
  605272
  609097
  616352
  624610
  631212
  633927
  630719
  620754
  604217
  581880
  555531
  527661
  501627
  479592
  462533
  451834
  448821
  452838
  462693
  476553
  492162
  507374
  520181
  529045
  533374
  533248
  529547
  523692
  518079
  514805
  514745
  518597
  527884
  542898
  563026
  586773
  612469
  638052
  661394
  681219
  696598
  706338
  709967
  707668
  701388
  693089
  684585
  677462
  673054
  671927
  674056
  678831
  685177
  691781
  696910
  699011
  697165
  690766
  679727
  664456
  646179
  626275
  606023
  587194
  570813
  557754
  548554
  543104
  540976
  541307
  542841
  544234
  544695
  543976
  541082
  534755
  525972
  516047
  506714
  498373
  491845
  488503
  488952
  493179
  500689
  511120
  523501
  536550
  549105
  560267
  569243
  575677
  579624
  581447
  581836
  581620
  581877
  583503
  586929
  592321
  599754
  608645
  618481
  628968
  638573
  646700
  652713
  656159
  656857
  655101
  651451
  646566
  641081
  635675
  631223
  628268
  627027
  627504
  629254
  631730
  634362
  636411
  637192
  636306
  633453
  628703
  622424
  615014
  607101
  599173
  592064
  586731
  583323
  581618
  581086
  581400
  582445
  583628
  584448
  584462
  583415
  581162
  577765
  573486
  568640
  563708
  559334
  555827
  553518
  552612
  553166
  555009
  557869
  561284
  564768
  567848
  570330
  572558
  574157
  573855
  572218
  570100
  567927
  566171
  565247
  565584
  567501
  570280
  574093
  578622
  583587
  588828
  593487
  597207
  599985
  601838
  602915
  603343
  603564
  604310
  605026
  606049
  607769
  610162
  613300
  616847
  620643
  624240
  627419
  629792
  631159
  631745
  631071
  629183
  626510
  623321
  620234
  617481
  615380
  613996
  612873
  612118
  611712
  611321
  610772
  609668
  607815
  605186
  601772
  597679
  593044
  588274
  583630
  579170
  575245
  571969
  569505
  567875
  566957
  566635
  566657
  566742
  566733
  566513
  565977
  565022
  564000
  562925
  561870
  561175
  560958
  561377
  562620
  564587
  567221
  570304
  573740
  577293
  580792
  583952
  586804
  589303
  591353
  593059
  594357
  595473
  596690
  598089
  599952
  602264
  604928
  607915
  611059
  614126
  617142
  620379
  622822
  623861
  624418
  624189
  622849
  620662
  618285
  616087
  614327
  612897
  611864
  611380
  611206
  611449
  611985
  612110
  611483
  611390
  612531
  613146
  611632
  607473
  602002
  596030
  590486
  585499
  581757
  579459
  578456
  578449
  579047
  580309
  582112
  583861
  584467
  583555
  577136
  568823
  567369
  567396
  567302
  567687
  568677
  570079
  571943
  574138
  576207
  577726
  578939
  579744
  580191
  580265
  580090
  579967
  580145
  580503
  581225
  582370
  583946
  586127
  588873
  591946
  595134
  598482
  601422
  603913
  605750
  607222
  608287
  608806
  608953
  608889
  608698
  608374
  608426
  608853
  609717
  610822
  611780
  612274
  609726
  608200
  610149
  613040
  615917
  617617
  621857
  629890
  634069
  634111
  631256
  626494
  620585
  614062
  607701
  601882
  596808
  592806
  589820
  587811
  586903
  586564
  585941
  584727
  583347
  582032
  580447
  578380
  575931
  573267
  570757
  568641
  567066
  566187
  565979
  566473
  567365
  568566
  569924
  571202
  572211
  572862
  573268
  573508
  573500
  573582
  574052
  575187
  577114
  579944
  583672
  588137
  593181
  599045
  605418
  610774
  610225
  604716
  603661
  604490
  605542
  606477
  606798
  604949
  596705
  592026
  592437
  594318
  597486
  601621
  606221
  610967
  615846
  620459
  624546
  626206
  624929
  621527
  613534
  604131
  596582
  598752
  599318
  598764
  607704
  608799
  605085
  605362
  606019
  602063
  603000
  604058
  601380
  598367
  596299
  594346
  592473
  590875
  589623
  588760
  588464
  588687
  588953
  589077
  589993
  590520
  587999
  584414
  580063
  576021
  574629
  574122
  571745
  569789
  569749
  570305
  570271
  570575
  570671
  573181
  583546
  597472
  605854
  605673
  597417
  588510
  583798
  580596
  579026
  579531
  581920
  586131
  595695
  602271
  607093
  611658
  615458
  617440
  617956
  616948
  614252
  610797
  608827
  608506
  608025
  606787
  605666
  604863
  604412
  604556
  604326
  603436
  603421
  603516
  604306
  610854
  616045
  617335
  616163
  613282
  609349
  605159
  601493
  599304
  598444
  595700
  591318
  586892
  582651
  579357
  577475
  576490
  576262
  576496
  576800
  577457
  578642
  580168
  581693
  582681
  583147
  583436
  583817
  584213
  584954
  585854
  586896
  588099
  589357
  590796
  591944
  592766
  593337
  593455
  592896
  592258
  591635
  591083
  590860
  591504
  593343
  595812
  598931
  602685
  607088
  608275
  605636
  603420
  601557
  600287
  600291
  602157
  604144
  605562
  606775
  607805
  608379
  608519
  608253
  607837
  607008
  606119
  605362
  604668
  604408
  604734
  605272
  605676
  605912
  606136
  606029
  605729
  605969
  607131
  608443
  609626
  610094
  609029
  604641
  597807
  590318
  584079
  579825
  577568
  577061
  577935
  579707
  581986
  584438
  586658
  588194
  588994
  589098
  588561
  587503
  586296
  585264
  584600
  584565
  585089
  586146
  587742
  589696
  591781
  593700
  595194
  596293
  596928
  597232
  597245
  596912
  589058
  465325
  202873
  -13729
 -144070
 -192564
 -170178
  -91562
   26161
  165056
  307727
  438739
  546238
  622775
  665996
  678395
  666417
  639518
  608113
  582233
  569819
  575833
  601890
  646370
  705197
  772315
  840499
  902810
  952940
  986669
 1002249
 1000282
  983939
  958391
  929854
  904024
  885348
  876403
  877546
  886636
  899873
  912001
  917482
  910930
  888092
  846552
  786404
  710181
  622473
  529910
  440003
  360314
  297345
  255754
  237877
  243421
  269277
  310329
  360432
  412583
  460147
  497672
  521334
  529349
  522247
  502854
  475612
  445935
  419731
  402201
  397142
  406667
  430819
  467668
  513803
  564911
  615929
  662119
  699353
  724470
  736871
  737371
  727997
  711737
  692599
  674519
  660852
  653839
  654506
  662212
  675055
  690469
  705255
  716143
  720358
  716041
  702386
  679900
  650241
  616299
  581545
  549562
  523530
  506090
  498551
  500984
  512248
  530374
  552442
  575145
  595437
  610704
  619038
  619556
  612710
  599832
  583427
  566437
  551737
  541919
  538600
  542547
  554081
  572418
  595576
  620935
  645844
  667473
  683602
  692944
  694825
  689604
  678500
  663419
  646759
  630947
  617692
  608250
  603365
  603051
  606640
  612619
  618760
  622980
  624236
  621599
  614129
  601973
  585720
  566841
  547168
  528549
  513054
  501993
  496171
  495839
  500508
  509253
  520608
  532922
  544497
  553939
  560334
  563173
  562664
  559282
  554179
  549099
  545576
  544929
  548278
  555865
  567471
  582446
  599755
  618161
  636275
  652505
  665721
  675102
  680474
  681805
  679715
  675109
  669082
  662844
  657391
  653681
  652098
  652871
  655629
  659877
  664561
  668408
  670329
  669440
  665325
  658022
  647669
  635043
  621055
  606979
  593728
  582296
  573263
  567007
  563498
  562236
  562637
  563793
  564795
  564909
  563677
  560816
  556191
  550185
  543404
  536793
  531078
  527085
  525303
  526134
  529380
  535071
  542744
  551576
  560724
  569502
  577346
  583428
  587737
  590369
  591525
  591790
  591824
  592126
  593300
  595592
  598968
  603827
  610050
  617186
  624791
  631885
  637973
  642645
  645515
  646457
  645561
  643215
  639880
  635935
  632071
  628772
  626398
  625094
  624827
  625582
  626856
  628240
  629389
  629711
  628957
  626757
  623215
  618618
  613143
  607217
  601482
  596892
  593533
  591298
  590183
  589895
  590191
  590835
  591554
  591980
  591776
  590780
  588995
  586452
  583341
  579902
  576436
  573328
  570878
  569333
  568801
  569382
  570900
  573082
  575719
  578480
  581089
  583283
  584668
  585335
  585300
  584635
  583669
  582649
  581821
  581530
  582062
  583381
  585427
  588272
  591621
  595187
  598813
  602214
  605173
  607639
  609281
  610225
  610545
  610545
  610428
  610624
  611622
  613445
  615722
  618184
  621483
  624485
  631724
  633854
  632116
  629161
  625161
  622042
  619264
  616907
  615084
  613680
  612851
  612570
  612712
  613022
  613230
  613254
  612775
  611676
  610140
  607785
  604915
  601627
  597931
  594152
  590606
  587395
  584742
  582838
  586772
  603574
  616644
  622228
  621892
  616687
  608654
  599138
  589343
  580400
  573029
  567599
  564639
  564146
  565832
  568835
  572775
  577425
  582482
  587439
  591302
  593280
  593671
  592652
  590721
  588411
  586337
  584856
  584404
  585237
  587262
  590172
  593627
  597200
  600245
  602724
  604529
  605668
  606091
  605890
  605385
  605017
  605081
  605954
  607632
  610203
  613507
  617189
  621071
  624856
  628035
  630033
  630659
  629944
  627827
  624476
  620175
  615530
  610894
  606596
  603114
  600796
  599984
  600468
  601732
  603381
  604770
  603561
  598232
  593649
  590837
  588298
  586859
  585234
  583432
  582666
  583835
  584744
  584501
  583536
  582694
  581169
  576150
  573819
  576332
  580338
  584262
  586767
  588695
  590685
  592432
  594066
  595110
  595499
  595383
  596707
  597877
  595376
  590769
  586978
  584126
  584702
  588591
  592318
  596576
  600996
  605033
  608387
  610719
  611940
  612527
  612901
  613143
  613384
  613316
  613062
  608745
  599583
  594396
  593557
  595874
  600143
  605206
  610496
  615400
  619222
  621344
  621918
  621163
  619383
  617041
  614462
  612091
  610198
  609055
  608577
  608505
  608522
  608481
  608356
  608146
  607566
  606280
  604247
  601532
  598224
  594678
  591359
  588577
  586520
  585500
  585586
  586418
  587845
  589659
  591636
  593555
  595016
  595721
  595501
  594225
  592328
  589941
  587624
  585613
  584300
  583908
  584507
  586128
  588572
  591754
  595361
  599013
  602456
  605262
  607545
  609252
  610133
  610173
  609733
  608931
  607951
  607103
  606596
  606536
  606850
  607548
  608683
  610107
  611460
  612595
  613431
  613807
  613674
  612879
  611622
  610004
  608366
  606845
  605648
  616691
  762555
 1053319
 1305503
 1460337
 1522316
 1502306
 1415969
 1282702
 1123532
  959416
  808459
  683923
  593742
  540296
  520873
  528608
  553826
  585564
  612974
  626886
  621043
  592731
  542946
  476207
  399715
  321921
  251176
  194367
  155869
  137235
  137219
  152327
  177414
  206486
  233701
  254283
  265376
  266126
  258325
  245621
  233705
  228985
  237596
  264443
  312273
  380912
  467299
  566048
  670022
  771073
  861376
  933954
  983386
 1006804
 1004160
  978307
  934466
  879540
  821441
  768056
  725865
  698994
  689502
  696527
  716882
  745748
  777283
  805322
  824310
  830134
  820188
  794042
  753574
  702321
  645306
  588070
  536111
  493927
  464546
  449097
  446929
  455609
  471797
  491431
  510635
  525986
  534624
  535364
  528372
  515424
  499305
  483341
  471357
  466648
  471212
  486084
  510611
  542819
  579630
  617488
  652645
  681669
  701763
  711137
  709404
  697617
  677966
