 -490122
 -514446
 -526127
 -522774
 -505050
 -478234
 -445996
 -410313
 -374421
 -339777
 -306954
 -278178
 -255489
 -239350
 -229762
 -226025
 -228181
 -237835
 -253799
 -273074
 -294679
 -317920
 -340722
 -361830
 -379270
 -390418
 -395270
 -392843
 -381875
 -363752
 -339728
 -309058
 -273503
 -235565
 -195896
 -158447
 -125778
  -98753
  -80647
  -73330
  -75536
  -88071
 -112358
 -145881
 -187671
 -236796
 -290277
 -345074
 -397509
 -442446
 -468980
 -461980
 -439526
 -418976
 -404659
 -395364
 -391426
 -391655
 -390882
 -387845
 -381770
 -370707
 -354977
 -335433
 -312704
 -288929
 -268002
 -251509
 -242062
 -240797
 -247120
 -260769
 -281398
 -306211
 -332751
 -358022
 -378202
 -391578
 -396612
 -391514
 -376091
 -350783
 -315865
 -274274
 -229214
 -183017
 -139974
 -102610
  -74244
  -58738
  -56802
  -67768
  -92791
 -130416
 -177391
 -232038
 -290387
 -347278
 -400929
 -447462
 -483051
 -508283
 -521699
 -521850
 -511242
 -490296
 -460967
 -426845
 -389529
 -350899
 -314714
 -283174
 -257156
 -238363
 -227301
 -224133
 -228847
 -239702
 -255277
 -276155
 -299704
 -323122
 -346188
 -366781
 -382440
 -392192
 -394940
 -390186
 -378176
 -359276
 -332868
 -300963
 -265342
 -227172
 -191544
 -159229
 -131785
 -112044
 -100770
  -97764
 -105279
 -123250
 -149727
 -182837
 -220836
 -262270
 -305261
 -347721
 -386801
 -421993
 -451739
 -473399
 -486861
 -491224
 -486767
 -475061
 -456523
 -430897
 -400935
 -369060
 -336274
 -305131
 -277783
 -255193
 -239097
 -230298
 -229235
 -236499
 -250220
 -267515
 -288103
 -311809
 -335359
 -356324
 -374232
 -386225
 -391237
 -388639
 -377902
 -359520
 -334639
 -304733
 -271673
 -238339
 -205179
 -173445
 -147339
 -128053
 -115750
 -112570
 -119283
 -135031
 -159700
 -191717
 -227922
 -268130
 -310698
 -353334
 -393901
 -429807
 -457650
 -477257
 -489365
 -491499
 -484241
 -469788
 -448870
 -422670
 -393036
 -361139
 -329433
 -301031
 -277162
 -258509
 -247029
 -241461
 -242015
 -249964
 -264758
 -284495
 -307645
 -331662
 -353670
 -372608
 -387317
 -394806
 -395202
 -389021
 -375105
 -354087
 -327335
 -295282
 -261657
 -229281
 -198623
 -170684
 -147808
 -131599
 -123167
 -124137
 -133779
 -150973
 -176394
 -208388
 -244511
 -283451
 -322730
 -360298
 -395377
 -425749
 -449771
 -467615
 -477672
 -479607
 -474154
 -461743
 -442436
 -418978
 -392977
 -364806
 -337212
 -311867
 -289450
 -272335
 -260930
 -254840
 -254792
 -260591
 -270320
 -283376
 -299319
 -315966
 -331193
 -345154
 -355698
 -362473
 -364585
 -360806
 -351237
 -336770
 -316712
 -292168
 -265835
 -238865
 -212138
 -189326
 -170548
 -156355
 -149346
 -149717
 -156697
 -171751
 -193616
 -221349
 -254756
 -291298
 -328327
 -364698
 -398249
 -427469
 -452333
 -470678
 -480345
 -481983
 -476389
 -462973
 -443885
 -419777
 -391474
 -362111
 -333871
 -306990
 -283563
 -265882
 -253582
 -248289
 -250959
 -259169
 -271600
 -288538
 -307878
 -327182
 -345926
 -362157
 -373702
 -380860
 -381363
 -374343
 -361368
 -342526
 -318698
 -292497
 -265503
 -237985
 -212738
 -192214
 -176431
 -166762
 -163865
 -166409
 -176181
 -194278
 -217561
 -245046
 -275811
 -307900
 -340675
 -372628
 -401480
 -425477
 -444474
 -457641
 -464784
 -465263
 -458806
 -446509
 -430268
 -410578
 -388135
 -365374
 -342620
 -320745
 -302516
 -288024
 -276741
 -270812
 -270536
 -274362
 -282200
 -293179
 -306193
 -320823
 -335691
 -348121
 -359095
 -367092
 -369245
 -365457
 -356118
 -341288
 -321959
 -300664
 -277108
 -252550
 -229954
 -209374
 -192885
 -182135
 -176293
 -176557
 -185003
 -200076
 -220931
 -248161
 -279889
 -312839
 -347024
 -379792
 -408560
 -432926
 -451119
 -462140
 -467404
 -466284
 -458838
 -446137
 -428727
 -407206
 -384265
 -361105
 -338101
 -317944
 -301924
 -288830
 -280578
 -277700
 -278411
 -283386
 -292610
 -303901
 -316415
 -329300
 -340401
 -349589
 -354986
 -356206
 -354589
 -348585
 -337960
 -324657
 -309056
 -291436
 -272484
 -253873
 -236007
 -220728
 -208592
 -199954
 -196308
 -197600
 -203499
 -215735
 -234674
 -258736
 -287857
 -319844
 -351274
 -381753
 -409247
 -430830
 -447218
 -458561
 -462579
 -460631
 -453374
 -440363
 -422550
 -401262
 -378265
 -356586
 -335716
 -316617
 -301819
 -290822
 -283228
 -280138
 -279762
 -282447
 -288894
 -297079
 -306258
 -317011
 -327932
 -338549
 -348848
 -355739
 -358726
 -357766
 -351689
 -341053
 -325643
 -305260
 -282776
 -259555
 -236303
 -216627
 -201870
 -190970
 -187397
 -191874
 -202253
 -219664
 -243396
 -269953
 -299100
 -329251
 -357974
 -385512
 -409640
 -428517
 -443225
 -451797
 -453471
 -449644
 -440307
 -426077
 -409380
 -390446
 -370475
 -351763
 -333919
 -318327
 -306245
 -296474
 -290315
 -288694
 -289277
 -291971
 -297733
 -303690
 -310071
 -318696
 -326710
 -334065
 -340797
 -344514
 -345161
 -343711
 -338345
 -329174
 -316754
 -300235
 -280782
 -261649
 -243131
 -226750
 -214586
 -206340
 -202928
 -205996
 -214764
 -229904
 -250945
 -275293
 -302004
 -331159
 -359863
 -386028
 -409968
 -429724
 -444247
 -453890
 -456668
 -452934
 -444301
 -430287
 -412307
 -392719
 -370856
 -348784
 -330189
 -313770
 -299296
 -289744
 -284424
 -282990
 -286311
 -293599
 -303562
 -316585
 -330628
 -343906
 -356285
 -365671
 -370047
 -369726
 -364397
 -353265
 -337606
 -317048
 -293739
 -271150
 -250275
 -231541
 -218249
 -210465
 -207077
 -209970
 -218331
 -230446
 -247669
 -267194
 -287699
 -309270
 -330047
 -349202
 -367689
 -384340
 -399007
 -413029
 -425093
 -433484
 -438669
 -439897
 -437528
 -431521
 -421300
 -407048
 -389739
 -370577
 -349917
 -329942
 -312558
 -298204
 -288100
 -282869
 -281300
 -284685
 -293001
 -303095
 -314438
 -326426
 -336634
 -345087
 -351740
 -354593
 -353516
 -348717
 -338919
 -326461
 -311909
 -295233
 -279323
 -264573
 -249696
 -237366
 -228293
 -222308
 -220809
 -225378
 -234586
 -248715
 -268601
 -291710
 -317436
 -344396
 -369997
 -393895
 -414526
 -430082
 -440672
 -445481
 -444142
 -439022
 -429925
 -415615
 -398218
 -378707
 -357905
 -338090
 -321177
 -306539
 -295903
 -289614
 -286669
 -288295
 -293640
 -300660
 -309332
 -318715
 -326858
 -335112
 -341416
 -344166
 -345096
 -342897
 -337340
 -330261
 -321052
 -309716
 -297269
 -283933
 -270268
 -258484
 -248754
 -240443
 -235424
 -234572
 -237029
 -244229
 -256118
 -271567
 -290250
 -310833
 -332264
 -354311
 -375031
 -393040
 -408706
 -420840
 -428286
 -431733
 -430968
 -425817
 -417565
 -405879
 -391314
 -376985
 -361673
 -345802
 -332514
 -321286
 -311761
 -305710
 -301651
 -298904
 -298980
 -301026
 -304790
 -311109
 -318309
 -324661
 -330954
 -336329
 -339922
 -341644
 -339574
 -333875
 -326651
 -318178
 -308709
 -299489
 -288193
 -274920
 -262569
 -252285
 -244001
 -240398
 -240761
 -244801
 -255678
 -270650
 -288951
 -310774
 -333796
 -356181
 -378017
 -397302
 -413295
 -426634
 -434766
 -436883
 -434375
 -426457
 -415988
 -405187
 -390810
 -374009
 -357698
 -341000
 -325530
 -313916
 -304714
 -297956
 -295305
 -295607
 -298941
 -305485
 -311913
 -318781
 -326573
 -332571
 -337034
 -339800
 -340160
 -338727
 -333751
 -325613
 -315965
 -308798
 -300531
 -289194
 -277510
 -265897
 -255747
 -248292
 -243603
 -242710
 -246570
 -254136
 -265604
 -281259
 -298573
 -317959
 -338878
 -358716
 -377557
 -394505
 -407903
 -418324
 -426041
 -429473
 -428615
 -424078
 -415817
 -404827
 -392088
 -377488
 -362470
 -347561
 -332752
 -320106
 -309665
 -301315
 -296586
 -295628
 -297314
 -302373
 -309874
 -317645
 -325923
 -333405
 -339633
 -344435
 -345918
 -343192
 -336856
 -327255
 -315876
 -304924
 -293058
 -279088
 -266441
 -256122
 -248302
 -244809
 -245118
 -248590
 -256141
 -266987
 -280959
 -297911
 -316463
 -335003
 -354631
 -373991
 -390747
 -404728
 -414757
 -420060
 -422112
 -419683
 -412470
 -403188
 -391845
 -379347
 -368008
 -357508
 -347762
 -339940
 -333570
 -327970
 -323883
 -321293
 -319228
 -318243
 -317495
 -317407
 -319034
 -320678
 -321402
 -322936
 -324724
 -326059
 -326436
 -325281
 -322239
 -318571
 -314051
 -308090
 -302254
 -295657
 -288839
 -283154
 -278718
 -274562
 -272204
 -272649
 -275622
 -281980
 -290717
 -301129
 -313849
 -327703
 -342286
 -360636
 -380667
 -396792
 -408366
 -415586
 -417189
 -415129
 -410495
 -402932
 -393727
 -384042
 -373747
 -364816
 -357396
 -350902
 -345171
 -340062
 -334989
 -330202
 -325349
 -319216
 -314005
 -309753
 -306294
 -305394
 -306696
 -310795
 -317602
 -326135
 -334100
 -339529
 -342855
 -343322
 -338653
 -330856
 -321505
 -310340
 -298434
 -287151
 -276879
 -269421
 -265548
 -264759
 -268670
 -277232
 -288978
 -303152
 -320266
 -338451
 -356170
 -373148
 -387961
 -400791
 -411776
 -419242
 -422660
 -422451
 -418446
 -411628
 -402695
 -390260
 -376742
 -364244
 -351046
 -338477
 -328525
 -320694
 -315850
 -314260
 -313845
 -315430
 -319668
 -324149
 -329350
 -335340
 -339863
 -342649
 -344840
 -345795
 -345095
 -342925
 -338331
 -332236
 -325747
 -317867
 -309777
 -303050
 -296977
 -291339
 -286962
 -284208
 -283719
 -286410
 -291177
 -298156
 -308377
 -320378
 -332594
 -347140
 -362852
 -376994
 -390269
 -402509
 -411313
 -416476
 -418011
 -414591
 -407952
 -399509
 -389847
 -379894
 -370370
 -360744
 -351627
 -344682
 -339586
 -335064
 -332035
 -330338
 -327630
 -325859
 -325977
 -326641
 -327737
 -330159
 -332078
 -333849
 -336294
 -337868
 -338260
 -337711
 -335388
 -331534
 -327215
 -321448
 -314594
 -308578
 -301864
 -295100
 -291194
 -288947
 -288941
 -292509
 -297937
 -305984
 -317231
 -329797
 -343206
 -356645
 -369146
 -381570
 -392866
 -401145
 -406980
 -411218
 -412885
 -412277
 -410297
 -405771
 -399185
 -391689
 -382604
 -373032
 -364663
 -356172
 -348510
 -342366
 -336578
 -331407
 -328135
 -326092
 -325220
 -325838
 -327616
 -330950
 -335084
 -338035
 -340156
 -341749
 -341582
 -340214
 -338979
 -336068
 -331160
 -326726
 -322068
 -316712
 -312179
 -307804
 -304396
 -303106
 -302978
 -304225
 -308214
 -313998
 -321205
 -330894
 -342427
 -354755
 -368009
 -380938
 -391639
 -401245
 -409113
 -413378
 -415943
 -416407
 -413816
 -409040
 -402511
 -393508
 -383792
 -374137
 -364709
 -356335
 -348504
 -341345
 -336905
 -335256
 -334909
 -336012
 -338054
 -340065
 -342272
 -344550
 -345568
 -345895
 -345786
 -343681
 -340969
 -338545
 -334679
 -330089
 -325849
 -321504
 -317134
 -314092
 -311852
 -310877
 -311627
 -313274
 -315330
 -319200
 -323599
 -329490
 -335975
 -342694
 -350371
 -359218
 -368578
 -378076
 -387594
 -395838
 -403120
 -409589
 -412910
 -412734
 -411522
 -408588
 -403223
 -397214
 -389933
 -381013
 -372607
 -364838
 -357236
 -350387
 -344540
 -339189
 -335158
 -332857
 -331214
 -330845
 -332303
 -334932
 -337728
 -340707
 -343577
 -346055
 -347352
 -347488
 -346414
 -344835
 -342072
 -338146
 -334956
 -330234
 -324991
 -321110
 -318068
 -315789
 -314771
 -315327
 -317045
 -321752
 -328373
 -336354
 -346663
 -358073
 -368880
 -380022
 -391386
 -400701
 -408425
 -414575
 -417863
 -418414
 -416433
 -410956
 -404006
 -395005
 -382505
 -369483
 -357912
 -347131
 -338401
 -333366
 -330128
 -329305
 -331598
 -335226
 -339728
 -344956
 -349112
 -352134
 -354670
 -355957
 -355569
 -353816
 -349591
 -344354
 -339487
 -334433
 -328885
 -325067
 -321905
 -319110
 -317789
 -317618
 -317957
 -319578
 -321630
 -324224
 -328753
 -334585
 -340547
 -347309
 -355228
 -363397
 -371596
 -379855
 -387886
 -396141
 -402734
 -407204
 -409840
 -409842
 -406566
 -402136
 -396793
 -389236
 -381017
 -372691
 -363914
 -356001
 -349533
 -343394
 -339207
 -336666
 -334920
 -334098
 -334781
 -335884
 -337493
 -339105
 -339681
 -340864
 -343206
 -344946
 -344674
 -344363
 -343571
 -341825
 -340189
 -337364
 -332683
 -328480
 -324258
 -320132
 -317992
 -317839
 -318856
 -321794
 -326094
 -331725
 -339649
 -348369
 -356955
 -366535
 -375581
 -383676
 -391340
 -397729
 -401557
 -403995
 -404912
 -403077
 -400227
 -396026
 -389923
 -382951
 -375819
 -368564
 -362663
 -357490
 -351331
 -346340
 -342055
 -337931
 -336158
 -336232
 -335866
 -335879
 -337186
 -338556
 -339278
 -340833
 -341868
 -342577
 -342975
 -342658
 -341490
 -339826
 -337549
 -334466
 -331355
 -328139
 -324894
 -322862
 -320569
 -319044
 -320332
 -322783
 -326117
 -331608
 -338364
 -346190
 -355302
 -364382
 -373394
 -382283
 -389865
 -396223
 -401013
 -403411
 -403335
 -402302
 -399713
 -395235
 -389642
 -383072
 -375748
 -367917
 -360264
 -353247
 -347690
 -343569
 -339449
 -337254
 -336689
 -335513
 -335095
 -336111
 -336994
 -338014
 -340293
 -342265
 -343640
 -345098
 -345549
 -344769
 -343505
 -341241
 -338634
 -336277
 -333444
 -331262
 -329884
 -327184
 -323275
 -320167
 -318975
 -318826
 -321185
 -325202
 -331274
 -340562
 -350955
 -361084
 -371201
 -380510
 -387622
 -393824
 -398377
 -400038
 -400352
 -398453
 -394007
 -389082
 -383581
 -377305
 -370738
 -363783
 -356827
 -350980
 -346493
 -342476
 -339795
 -338826
 -337785
 -337826
 -338647
 -338412
 -339172
 -341255
 -342377
 -342680
 -342444
 -341365
 -339485
 -337201
 -335372
 -334149
 -332588
 -330292
 -328509
 -327152
 -325615
 -324212
 -324467
 -325877
 -327876
 -331305
 -335598
 -340051
 -345226
 -351505
 -357956
 -364916
 -371620
 -377356
 -383073
 -388186
 -391954
 -395108
 -396856
 -396876
 -395896
 -393360
 -388739
 -383222
 -376929
 -369221
 -361361
 -353764
 -345712
 -339386
 -334672
 -330596
 -328587
 -329218
 -330112
 -331759
 -334698
 -337968
 -341086
 -343824
 -345281
 -345188
 -344582
 -343077
 -340791
 -337398
 -331997
 -326100
 -321094
 -316623
 -312600
 -311398
 -313270
 -316763
 -322819
 -331265
 -340870
 -351601
 -361317
 -368730
 -375235
 -380482
 -383424
 -384749
 -385412
 -384640
 -383582
 -383156
 -381634
 -379561
 -378772
 -378224
 -376937
 -375636
 -373118
 -369906
 -366557
 -361422
 -355774
 -350418
 -344859
 -339737
 -336139
 -333676
 -331878
 -331103
 -331871
 -333826
 -336001
 -337919
 -339279
 -340992
 -342266
 -341933
 -341331
 -339917
 -336907
 -333621
 -330536
 -327914
 -326369
 -326249
 -327331
 -332207
 -338720
 -343111
 -347138
 -352013
 -356186
 -359371
 -362085
 -364636
 -367058
 -368989
 -370307
 -370194
 -368145
 -366424
 -373533
 -394238
 -421635
 -440182
 -461149
 -511173
 -546314
 -531832
 -480950
 -411381
 -346492
 -301186
 -261694
 -223058
 -197754
 -190296
 -200078
 -215477
 -225553
 -241771
 -277950
 -325579
 -374520
 -415507
 -443403
 -459331
 -461937
 -450220
 -426935
 -394966
 -356181
 -316914
 -281979
 -254096
 -236852
 -230748
 -236001
 -253139
 -280317
 -313705
 -350903
 -388993
 -422881
 -449409
 -453590
 -434109
 -418869
 -397490
 -373559
 -376972
 -403745
 -407533
 -360131
 -287342
 -215925
 -126150
  -44010
  -54369
  -69004
  -67122
 -107863
 -214874
 -339143
 -466069
 -587352
 -682219
 -732865
 -741928
 -709412
 -641522
 -546351
 -434676
 -318274
 -207547
 -119018
  -56649
  -27910
  -33685
  -70691
 -134528
 -216319
 -306190
 -394457
 -471253
 -528383
 -561030
 -567695
 -549564
 -510896
 -455762
 -387950
 -316691
 -252729
 -201163
 -166341
 -153720
 -161803
 -191835
 -239419
 -295949
 -355901
 -413798
 -462482
 -498368
 -518131
 -518765
 -503835
 -477245
 -441291
 -400900
 -360997
 -323619
 -294060
 -275128
 -264844
 -263607
 -269998
 -283305
 -302606
 -325060
 -346469
 -365608
 -380382
 -387279
 -387716
 -378865
 -342880
 -272914
 -212762
 -177977
 -170984
 -183840
 -207459
 -250842
 -314487
 -386216
 -464008
 -560070
 -642888
 -666450
 -653339
 -598608
 -509713
 -410370
 -304680
 -206352
 -124797
  -76935
  -70277
 -106599
 -177069
 -268317
 -370191
 -471662
 -563658
 -636032
 -681660
 -697752
 -682846
 -639712
 -576487
 -497229
 -411500
 -326305
 -249135
 -189424
 -152471
 -137462
 -145990
 -178389
 -228450
 -291323
 -360631
 -426633
 -481492
 -520273
 -539429
 -541078
 -526884
 -497840
 -458486
 -415389
 -372376
 -335534
 -308579
 -291984
 -285851
 -290103
 -303429
 -325216
 -353147
 -382674
 -411023
 -435672
 -454273
 -467723
 -475552
 -475565
 -466203
 -451572
 -433998
 -416442
 -402142
 -391802
 -386576
 -388775
 -396198
 -408360
 -421969
 -431403
 -436482
 -436412
 -430420
 -420230
 -406619
 -390166
 -372807
 -357847
 -344743
 -332662
 -322514
 -315941
 -314380
 -318647
 -328498
 -342753
 -362505
 -391550
 -437011
 -491415
 -516187
 -507678
 -494484
 -468475
 -424862
 -372156
 -335853
 -354437
 -410322
 -456751
 -476310
 -471836
 -445661
 -405280
 -363649
 -312039
 -260850
 -228645
 -216018
 -226620
 -260441
 -309378
 -368291
 -431112
 -490611
 -540338
 -575768
 -593707
 -590793
 -568318
 -529097
 -476995
 -418195
 -358723
 -303468
 -258672
 -228641
 -214265
 -217097
 -235329
 -266203
 -308063
 -356080
 -404382
 -448783
 -485691
 -510679
 -522510
 -520819
 -504798
 -477719
 -444498
 -408224
 -373297
 -343706
 -320912
 -306990
 -301597
 -303562
 -312215
 -327091
 -347237
 -368994
 -389862
 -408102
 -423249
 -434717
 -440426
 -441886
 -441682
 -438835
 -434335
 -431275
 -428782
 -425705
 -423611
 -422686
 -421704
 -420463
 -418471
 -413960
 -408400
 -401093
 -391785
 -380980
 -369430
 -357544
 -346736
 -338800
 -334493
 -335179
 -341145
 -349657
 -361122
 -375596
 -389686
 -401240
 -408394
 -414171
 -426291
 -451898
 -480892
 -488517
 -459729
 -403864
 -346948
 -305001
 -263308
 -243004
 -277642
 -353980
 -436187
 -508200
 -563709
 -593545
 -596589
 -572189
 -525372
 -464296
 -397422
 -334608
 -283782
 -250114
 -237790
 -247639
 -276600
 -320551
 -374923
 -432507
 -485407
 -527694
 -553624
 -559165
 -545648
 -515331
 -471207
 -419185
 -363770
 -309099
 -262373
 -228227
 -208796
 -207112
 -223923
 -257486
 -305491
 -361679
 -419326
 -473899
 -519212
 -550411
 -565732
 -564392
 -546816
 -515918
 -475480
 -429362
 -382704
 -339489
 -302223
 -275007
 -259823
 -255200
 -263264
 -283748
 -312984
 -349085
 -388975
 -427229
 -461928
 -490625
 -509834
 -518568
 -515269
 -501914
 -480833
 -455189
 -427488
 -400343
 -376721
 -357862
 -345740
 -340131
 -339741
 -345624
 -356073
 -367147
 -376687
 -383657
 -386576
 -385318
 -380677
 -372944
 -365915
 -361761
 -361219
 -364570
 -372275
 -383479
 -396217
 -410012
 -422257
 -432680
 -444505
 -455571
 -466840
 -483090
 -496137
 -483119
 -443150
 -392018
 -348707
 -314165
 -281923
 -255973
 -244905
 -249056
 -267060
 -298570
 -340236
 -386295
 -433479
 -477105
 -512023
 -535704
 -546839
 -544432
 -528623
 -502234
 -468202
 -429340
 -390208
 -352592
 -319602
 -294984
 -279311
 -273340
 -278309
 -289938
 -306544
 -329876
 -363951
 -410602
 -454492
 -476090
 -486425
 -486171
 -448317
 -372167
 -303724
 -242264
 -133767
    7478
   89548
  140780
  211174
  211397
   69491
 -153531
 -457274
 -778383
-1029566
-1187644
-1291958
-1336886
-1248424
-1039574
 -779262
 -437614
  -69778
  170778
  263787
  219129
   73153
 -118145
 -366010
 -633946
 -857590
 -992524
-1042918
-1009560
 -897678
 -724699
 -515315
 -293863
  -83801
   92517
  218421
  283124
  283120
  222119
  110657
  -38437
 -208052
 -378887
 -534428
 -660448
 -745516
 -785861
 -782485
 -740772
 -673978
 -590913
 -491868
 -391290
 -305454
 -242466
 -208632
 -204797
 -224603
 -264043
 -324003
 -395614
 -469616
 -537558
 -590679
 -624380
 -636924
 -626118
 -591169
 -535230
 -465266
 -392125
 -328078
 -278453
 -243143
 -225985
 -226950
 -244614
 -277544
 -319987
 -365324
 -409508
 -447066
 -470588
 -478490
 -472157
 -451577
 -418647
 -378060
 -333707
 -290559
 -254585
 -229144
 -217130
 -220756
 -238947
 -271041
 -315879
 -368075
 -422028
 -475100
 -522003
 -557493
 -579022
 -584579
 -575354
 -554133
 -522742
 -484002
 -442254
 -401184
 -364364
 -336255
 -318152
 -309359
 -310053
 -319526
 -335395
 -356650
 -379483
 -399996
 -417517
 -430810
 -437245
 -437848
 -432762
 -421743
 -407406
 -391588
 -374878
 -358838
 -345353
 -334212
 -326474
 -323688
 -324153
 -326956
 -331994
 -337219
 -342864
 -348830
 -354090
 -358631
 -363836
 -369160
 -374458
 -380742
 -389403
 -399868
 -411322
 -423616
 -435827
 -447686
 -458952
 -468512
 -476162
 -480455
 -480889
 -477574
 -470648
 -459399
 -444237
 -427163
 -408838
 -390306
 -372971
 -358247
 -346814
 -339670
 -336147
 -336390
 -341291
 -348866
 -357615
 -367448
 -376996
 -383855
 -388934
 -391632
 -389937
 -385122
 -378036
 -368538
 -358014
 -346957
 -335904
 -326013
 -318315
 -312825
 -310620
 -312133
 -316585
 -323929
 -335097
 -349007
 -365784
 -383817
 -402139
 -420403
 -438564
 -453995
 -466324
 -475332
 -480579
 -482754
 -482086
 -477654
 -469608
 -459642
 -447804
 -434493
 -421244
 -407921
 -394509
 -382792
 -373101
 -364857
 -359840
 -356134
 -353629
 -354021
 -355686
 -357142
 -359860
 -363194
 -366280
 -369384
 -371462
 -371704
 -370827
 -368739
 -364637
 -359319
 -353475
 -347106
 -340833
 -334914
 -329003
 -324173
 -321656
 -320246
 -321187
 -325615
 -332414
 -341975
 -354559
 -368363
 -383168
 -399635
 -416560
 -433392
 -449127
 -461964
 -471266
 -477094
 -477565
 -473784
 -467388
 -458296
 -446851
 -434302
 -420130
 -405752
 -393079
 -381457
 -370791
 -362473
 -357008
 -353156
 -351332
 -350758
 -350863
 -353669
 -358532
 -362913
 -367452
 -371437
 -374056
 -375620
 -375884
 -373676
 -370021
 -365029
 -357485
 -348846
 -340447
 -332356
 -325888
 -321373
 -317948
 -317901
 -321634
 -327724
 -335952
 -347503
 -361055
 -375874
 -392264
 -408199
 -423016
 -437023
 -449142
 -458824
 -465444
 -468236
 -467268
 -463836
 -456123
 -444831
 -432440
 -419073
 -404388
 -390811
 -378913
 -369421
 -362802
 -357890
 -354961
 -354841
 -356014
 -357671
 -361115
 -364968
 -367872
 -369828
 -365253
 -350186
 -331049
 -312589
 -296303
 -285083
 -279450
 -276860
 -278894
 -287714
 -301736
 -317400
 -332655
 -345163
 -355561
 -365232
 -370455
 -372016
 -371905
 -369110
 -364754
 -362865
 -363386
 -366453
 -372995
 -384358
 -400494
 -419224
 -437793
 -454876
 -469694
 -478757
 -481364
 -478271
 -469408
 -455290
 -437437
 -416751
 -394665
 -372234
 -350972
 -332418
 -318470
 -309048
 -305007
 -306217
 -311060
 -318244
 -329116
 -341727
 -353983
 -365336
 -373867
 -378860
 -381266
 -381051
 -377220
 -371261
 -363446
 -353591
 -343464
 -334217
 -325830
 -320378
 -319203
 -320881
 -325720
 -333692
 -344176
 -357744
 -372872
 -387580
 -402108
 -416306
 -428139
 -437433
 -445308
 -450155
 -452644
 -453345
 -450631
 -445107
 -438794
 -431063
 -422319
 -414008
 -405078
 -395215
 -385349
 -375576
 -365777
 -358286
 -352847
 -347958
 -344803
 -342460
 -341108
 -341800
 -343655
 -344543
 -346686
 -349952
 -350549
 -329689
 -299927
 -294060
 -298569
 -312410
 -330892
 -351355
 -372057
 -389230
 -400956
 -407876
 -408287
 -402068
 -391363
 -377228
 -362438
 -349249
 -338786
 -333214
 -334406
 -342508
 -356587
 -376202
 -399829
 -424267
 -447072
 -466535
 -479222
 -485299
 -485197
 -477324
 -462661
 -444062
 -421399
 -396644
 -372530
 -349647
 -330268
 -315998
 -306906
 -303583
 -306449
 -313667
 -323034
 -334758
 -347760
 -359070
 -368951
 -376367
 -380602
 -382143
 -380704
 -376104
 -369740
 -363104
 -355855
 -349256
 -344252
 -338982
 -334731
 -333003
 -332291
 -333162
 -337310
 -342967
 -350383
 -360236
 -370727
 -381446
 -393049
 -403987
 -413357
 -421768
 -429437
 -435435
 -439686
 -441883
 -441698
 -440248
 -436845
 -430597
 -423394
 -415143
 -405181
 -394165
 -382328
 -369305
 -357363
 -346686
 -336521
 -327559
 -322116
 -319536
 -319643
 -323394
 -329129
 -336030
 -344415
 -352909
 -361048
 -368622
 -373841
 -376552
 -377200
 -374710
 -369059
 -362646
 -355863
 -347331
 -339312
 -333178
 -328928
 -328270
 -330924
 -336019
 -344335
 -355004
 -367243
 -380530
 -393843
 -406355
 -417454
 -426479
 -432327
 -437271
 -441146
 -441729
 -440641
 -438151
 -432426
 -424165
 -414862
 -403549
 -391155
 -380153
 -369903
 -359536
 -350456
 -343225
 -336844
 -332489
 -330639
 -330451
 -332915
 -336972
 -341367
 -347392
 -353532
 -358187
 -363065
 -367476
 -369334
 -370042
 -369890
 -367393
 -363306
 -358442
 -353338
 -348838
 -345395
 -342394
 -337669
 -333301
 -334242
 -336624
 -308785
 -219846
  -96487
   33652
  150392
  237631
  283600
  282083
  226211
   50792
 -248765
 -582833
 -899573
-1160824
-1339286
-1417981
-1389347
-1259544
-1045962
 -773651
 -474209
 -180624
   77260
  273907
  390911
  420305
  364885
  232682
   41418
 -184281
 -419302
 -637492
 -814936
 -935719
 -988464
 -969237
 -884374
 -744341
 -564316
 -366775
 -171877
    2125
  137729
  223517
  254070
  228386
  151333
   33212
 -113670
 -274054
 -431185
 -571820
 -685472
 -763446
 -803241
 -805388
 -772642
 -712424
 -633993
 -545838
 -458891
 -381345
 -318885
 -276508
 -255893
 -254229
 -269037
 -296747
 -330952
 -366342
 -398538
 -422985
 -436668
 -439168
 -430428
 -413384
 -392154
 -369087
 -348041
 -332441
 -323960
 -323216
 -330366
 -343294
 -359862
 -377698
 -393077
 -402291
 -404534
 -398011
 -381221
 -356115
 -324932
 -290321
 -257527
 -231622
 -212030
 -202367
 -205559
 -221491
 -251249
 -294108
 -345783
 -403593
 -464032
 -520934
 -569666
 -608166
 -632464
 -640178
 -632161
 -608292
 -570547
 -523283
 -468228
 -409269
 -352929
 -302728
 -261027
 -231000
 -214042
 -210023
 -218867
 -238734
 -267005
 -302549
 -341371
 -378647
 -411972
 -439450
 -457144
 -465374
 -464612
 -454330
 -436143
 -412733
 -385250
 -355381
 -326224
 -299081
 -275520
 -257664
 -244534
 -236501
 -235674
 -240428
 -251083
 -268665
 -292207
 -320564
 -354225
 -390110
 -427381
 -466065
 -502675
 -534890
 -561842
 -581125
 -590683
 -590686
 -581038
 -560947
 -532532
 -498615
 -459922
 -419423
 -380272
 -344268
 -314520
 -291183
 -274360
 -265033
 -263679
 -269455
 -281968
 -301307
 -324948
 -349490
 -373322
 -394401
 -411000
 -423408
 -429638
 -429008
 -421707
 -408512
 -390762
 -369573
 -345384
 -320117
 -296532
 -275491
 -257449
 -244502
 -238356
 -238778
 -246942
 -263356
 -285370
 -313539
 -347693
 -384892
 -423525
 -462033
 -497147
 -527990
 -552858
 -568679
 -574460
 -571777
 -559484
 -538509
 -510705
 -477639
 -441230
 -404243
 -369576
 -337383
 -310746
 -290819
 -276803
 -269634
 -269489
 -275679
 -288663
 -307116
 -328083
 -350297
 -371948
 -391139
 -406358
 -416914
 -420786
 -418496
 -411272
 -398530
 -380339
 -359298
 -336552
 -313441
 -292719
 -273758
 -257490
 -247106
 -242622
 -244553
 -254022
 -270286
 -292423
 -320278
 -352892
 -387183
 -422491
 -457681
 -489066
 -515677
 -536561
 -548943
 -553196
 -549594
 -537098
 -516416
 -490393
 -459796
 -426475
 -394162
 -363570
 -335844
 -312729
 -293820
 -280217
 -274282
 -275115
 -281647
 -293836
 -309696
 -327900
 -348237
 -368263
 -386238
 -400933
 -410221
 -412637
 -411017
 -403915
 -391339
 -375806
 -357551
 -337104
 -317087
 -298451
 -281531
 -268758
 -260524
 -257084
 -260185
 -269874
 -284705
 -304655
 -329388
 -356454
 -385641
 -416235
 -446282
 -474570
 -499735
 -518679
 -530298
 -534978
 -531866
 -521593
 -504649
 -480516
 -453504
 -425505
 -395003
 -365639
 -339711
 -315767
 -295205
 -281156
 -274420
 -273815
 -279191
 -290141
 -304948
 -322994
 -342081
 -359754
 -375530
 -389018
 -398957
 -404137
 -404905
 -399668
 -389205
 -375256
 -358045
 -339334
 -320844
 -302331
 -285240
 -272045
 -263596
 -259663
 -261837
 -270710
 -285690
 -306646
 -332434
 -360549
 -390918
 -421706
 -450027
 -475772
 -497322
 -512299
 -520545
 -522459
 -517581
 -506883
 -490405
 -468439
 -442797
 -415522
 -386388
 -357946
 -333434
 -312961
 -297908
 -289438
 -287793
 -291436
