  716265
  723180
  779653
  861279
  930668
  973546
  986024
  980068
  951099
  900318
  829358
  748422
  682654
  627597
  582832
  552831
  535262
  529236
  531931
  538150
  544261
  548451
  548478
  540530
  525329
  505273
  481625
  457021
  432523
  410003
  391199
  377490
  369768
  367787
  372152
  381308
  393749
  407742
  422784
  438788
  454512
  470021
  485985
  501941
  519810
  540422
  562497
  587132
  613547
  640916
  668065
  693828
  716685
  734797
  749011
  761143
  766026
  762326
  750430
  735132
  716056
  692465
  666735
  642463
  622460
  607287
  598889
  598759
  598520
  594439
  607047
  658093
  728430
  808870
  887014
  946764
  981299
  928763
  617420
  237790
  -62485
 -264116
 -363981
 -371976
 -301458
 -171998
   -7213
  170961
  339363
  479286
  578035
  631146
  640760
  613096
  561291
  500959
  447944
  415613
  410445
  435783
  490702
  569394
  664333
  762601
  853221
  927281
  977233
 1000294
  995467
  966067
  921340
  872387
  830350
  802077
  793474
  806725
  838680
  884605
  936038
  983973
 1015813
 1023854
 1003055
  950632
  868847
  762624
  640313
  513371
  392412
  288506
  211704
  168226
  160327
  184064
  233199
  300351
  375630
  449256
  510764
  552688
  571097
  565413
  539313
  497434
  447048
  397814
  359427
  339447
  340578
  364487
  406896
  465144
  535082
  606026
  671550
  726374
  765612
  786845
  789201
  773726
  744052
  708936
  676914
  652885
  639396
  638093
  649551
  672876
  702166
  731719
  757038
  773468
  777429
  766203
  740168
  698280
  645895
  589913
  535497
  488353
  453256
  432779
  429183
  440050
  462853
  493826
  528671
  562730
  589667
  605993
  610251
  602688
  585376
  559465
  529284
  504847
  490005
  483247
  483627
  492113
  511213
  540380
  576636
  613993
  647715
  675533
  694565
  704007
  702655
  691721
  674452
  654305
  635789
  619960
  608628
  603998
  606984
  617357
  631673
  647241
  661723
  672935
  679719
  678160
  667610
  649107
  624144
  596004
  566989
  540816
  517653
  501374
  494554
  495613
  503289
  516206
  531517
  548098
  562273
  571879
  576159
  574534
  567752
  556019
  540665
  525100
  512093
  504788
  503377
  507808
  518798
  535950
  558580
  583767
  609473
  630922
  647921
  660490
  665728
  663283
  656098
  646545
  637682
  628479
  620753
  617025
  618584
  626381
  637418
  650233
  661808
  669776
  675072
  675899
  670921
  661131
  647948
  633206
  616409
  598147
  582017
  569979
  563505
  561661
  565010
  570470
  575590
  581252
  585185
  586024
  583327
  578229
  571823
  562754
  551956
  540976
  531475
  526195
  523929
  525123
  530130
  538846
  551158
  563904
  575340
  585048
  592343
  597949
  599603
  597117
  593978
  590479
  587074
  584624
  583053
  588199
  599270
  610347
  616478
  618277
  619648
  620904
  621573
  619631
  614445
  609775
  606208
  604074
  601763
  598648
  596448
  595689
  597207
  599566
  602454
  606070
  609749
  614018
  618388
  628711
  640880
  646747
  645979
  636982
  621338
  605126
  590839
  580510
  573523
  569690
  569472
  572609
  579121
  586641
  593287
  599002
  603066
  606119
  606620
  603896
  598797
  592415
  586409
  580684
  576954
  574106
  571810
  571995
  572932
  574439
  576380
  578713
  581266
  582341
  581393
  579635
  577202
  575399
  573599
  571563
  570863
  573224
  576177
  579301
  582869
  587443
  593007
  599204
  603784
  605790
  606351
  605270
  603958
  601387
  596856
  592688
  590404
  588255
  586583
  585650
  586615
  589318
  594468
  599872
  604900
  609399
  613209
  617157
  619125
  618287
  616095
  612888
  610197
  607649
  605046
  603207
  602559
  604172
  606485
  607754
  608752
  609647
  611227
  612171
  611322
  609158
  605877
  603367
  600399
  596315
  592628
  589997
  589267
  589012
  587977
  587391
  587624
  589322
  590494
  590483
  589407
  587635
  586091
  583246
  579155
  575567
  573234
  573043
  573499
  573465
  575208
  579380
  583132
  585964
  587345
  589485
  592981
  595296
  595807
  594235
  593202
  593907
  593899
  593191
  592328
  592536
  593283
  595630
  596655
  595957
  598365
  601787
  606405
  609775
  610876
  610680
  609389
  608516
  607399
  605380
  603772
  603860
  603794
  602212
  600061
  598802
  598570
  600155
  602142
  602797
  602932
  602772
  603858
  604625
  603807
  602543
  601329
  600931
  600284
  598272
  597090
  598185
  598788
  598528
  597361
  596783
  596317
  595684
  594679
  594759
  594269
  592518
  591214
  589235
  586893
  585812
  586907
  587880
  587877
  587205
  586934
  587628
  589853
  591939
  592447
  592158
  591639
  591723
  591347
  589828
  588326
  587379
  588253
  588714
  587702
  587383
  588327
  591257
  594037
  595394
  596740
  597911
  600152
  601792
  601996
  601578
  601060
  601869
  602397
  601623
  600326
  599045
  599217
  600046
  600560
  600619
  600349
  600995
  602238
  602883
  603345
  603742
  604548
  604957
  604142
  604211
  605754
  606475
  605926
  603917
  601688
  599560
  598938
  599819
  598689
  597056
  595542
  595282
  595806
  594886
  594388
  596682
  599551
  600479
  598453
  595307
  592359
  590414
  587324
  583381
  581289
  585057
  594068
  600403
  600704
  598147
  596721
  594493
  590921
  586839
  583296
  580846
  580915
  582247
  582613
  584309
  588774
  592736
  595322
  596269
  596413
  596069
  596508
  596415
  595169
  594120
  593114
  593918
  595328
  595958
  598148
  602204
  605233
  607050
  607383
  606788
  605798
  605494
  605050
  603208
  601352
  599778
  599532
  600010
  599897
  600505
  602035
  604431
  606989
  608755
  612128
  620049
  627646
  630987
  627341
  619232
  610026
  601752
  594902
  589021
  585276
  584219
  586668
  590231
  592983
  597227
  600845
  602541
  602510
  600536
  597765
  594186
  591395
  587677
  582252
  577515
  574570
  574932
  578269
  580651
  582765
  583747
  584807
  586256
  586438
  586878
  590163
  595981
  599713
  599990
  597873
  593258
  590043
  588168
  586406
  586270
  588009
  591686
  596613
  601253
  605749
  608487
  609751
  609524
  606787
  602662
  598103
  594556
  592057
  589327
  588364
  590772
  593942
  597140
  600262
  603257
  605579
  607598
  608902
  608103
  606017
  603122
  600542
  598331
  596221
  594954
  594318
  596533
  600923
  602506
  603067
  603935
  605773
  607532
  609350
  611974
  613552
  614359
  613756
  611067
  608116
  605035
  604073
  604500
  602182
  599701
  597982
  597798
  598573
  598558
  598226
  597401
  596988
  596568
  594431
  592298
  590976
  590729
  590687
  589558
  589083
  589021
  590107
  591856
  592069
  592218
  592946
  594988
  597483
  598160
  598259
  598121
  598609
  599138
  598102
  596442
  595329
  596357
  598053
  598623
  599270
  600196
  602012
  603914
  604313
  603747
  602783
  602424
  602026
  600310
  599027
  598414
  598565
  599282
  599116
  599037
  598997
  601444
  605583
  606213
  606095
  604625
  603498
  602847
  601094
  599705
  598386
  598636
  600094
  600790
  601274
  601933
  602944
  603804
  603160
  602574
  602474
  603462
  605691
  606849
  607097
  606771
  607489
  609222
  607182
  603231
  599144
  596067
  594380
  592739
  591448
  590188
  587975
  587088
  588442
  591578
  594440
  597479
  603766
  607538
  607566
  604086
  602362
  602518
  601979
  600737
  597775
  597539
  598498
  598262
  598608
  599199
  601683
  606553
  608243
  608184
  608565
  609951
  611472
  610415
  607793
  604871
  602865
  602600
  601600
  602630
  604539
  607201
  610229
  609527
  606029
  600904
  596368
  592627
  587643
  581310
  574324
  569697
  568596
  569580
  572545
  577441
  585700
  594452
  600568
  604797
  607543
  609282
  609704
  608115
  605499
  601596
  597581
  595173
  594224
  594934
  597571
  602020
  606888
  609787
  611436
  612478
  613573
  614294
  613100
  611351
  609283
  607821
  607042
  605235
  603956
  603480
  601769
  598946
  595919
  594449
  594703
  596702
  599542
  600991
  601664
  601594
  601864
  601963
  599719
  596766
  593883
  591769
  589393
  587411
  588098
  589871
  593851
  601551
  609012
  614907
  618696
  622576
  629018
  631885
  625166
  612254
  606293
  602690
  597602
  594723
  594056
  596646
  604160
  611445
  616492
  619038
  620329
  621217
  618031
  611550
  604438
  598066
  592858
  587885
  584196
  582410
  583230
  585633
  587881
  589783
  592133
  596000
  602184
  604440
  601700
  597025
  591785
  586805
  580828
  575494
  572732
  573286
  576507
  579773
  582559
  584891
  589781
  597382
  603466
  608308
  613327
  615551
  611200
  602856
  594771
  589803
  589453
  591712
  592415
  592715
  593989
  599629
  606843
  609978
  614925
  619508
  616347
  613813
  618498
  632569
  647919
  658507
  655089
  633581
  612531
  597066
  587546
  583547
  581730
  582123
  587386
  603016
  622204
  616546
  604341
  590557
  567960
  566875
  578356
  574494
  586663
  621872
  621113
  574654
  545588
  560678
  590272
  612203
  647182
  701912
  762172
  807288
  823931
  814331
  790904
  764533
  722015
  656313
  579105
  486720
  385315
  342664
  348515
  361512
  387029
  438932
  489740
  538427
  587565
  629362
  651900
  654227
  638759
  606224
  564300
  521380
  482155
  458949
  460552
  484631
  511116
  536316
  573594
  616182
  655261
  683249
  697267
  698258
  685951
  664867
  641905
  622845
  612354
  612946
  627910
  652212
  683922
  719697
  752504
  778091
  792251
  792793
  779670
  751445
  711306
  663495
  612907
  565063
  523002
  491526
  474119
  473050
  485961
  504906
  527729
  554587
  577560
  587411
  590258
  609122
  633130
  625017
  578680
  537801
  510773
  482938
  440857
  423141
  446585
  500094
  559422
  613518
  660253
  696665
  722081
  735294
  740865
  729678
  689412
  645833
  619262
  609526
  609474
  615832
  619990
  616273
  616865
  621096
  629875
  643675
  662710
  684887
  697099
  685439
  649624
  611898
  585839
  563442
  539563
  526766
  523970
  534200
  553385
  579591
  602633
  608430
  609779
  616683
  620122
  616588
  605433
  589446
  572124
  554816
  542721
  534367
  531876
  537642
  549290
  566638
  587621
  610523
  632775
  650195
  661290
  665108
  662859
  655200
  641473
  626134
  609977
  594070
  582574
  574873
  572734
  576184
  584622
  597059
  609104
  619443
  626945
  631663
  633098
  629105
  622534
  613118
  600856
  589845
  579882
  572034
  568534
  570368
  577150
  585844
  595019
  603622
  611398
  617762
  619885
  618258
  613185
  605471
  596434
  585826
  576028
  569030
  566784
  569671
  574987
  582904
  592283
  602000
  612045
  619679
  626082
  632353
  636245
  637502
  633952
  626135
  616573
  607553
  601218
  596746
  595293
  597033
  602045
  610252
  618226
  625178
  630080
  633479
  635427
  633092
  627736
  620604
  613093
  606404
  599176
  595052
  596611
  600658
  607144
  617319
  626481
  630510
  628592
  623318
  614822
  605059
  594785
  585113
  577839
  571429
  566769
  564443
  564692
  568329
  572602
  577479
  582793
  588450
  594686
  599060
  603132
  605453
  603531
  600989
  598002
  595095
  592883
  592252
  593426
  594184
  594454
  595326
  598073
  602943
  608452
  613906
  619241
  626069
  631216
  631831
  630330
  627815
  625832
  624508
  621548
  618592
  616680
  616354
  618245
  619905
  621181
  622242
  624131
  624422
  620662
  615207
  609582
  604565
  602411
  600731
  597913
  595619
  594752
  595960
  597524
  599157
  600999
  603283
  605957
  607046
  607615
  607581
  607067
  606322
  603566
  599874
  596328
  593744
  593310
  592886
  592862
  594132
  596211
  599884
  602605
  603578
  604196
  605154
  606985
  607283
  606007
  603760
  601121
  600063
  598425
  596949
  596314
  596626
  597884
  598136
  598522
  599427
  600705
  602788
  603132
  602265
  600905
  601710
  602785
  601058
  598978
  597528
  597301
  599170
  600932
  602576
  604507
  606921
  610196
  612298
  613266
  613647
  613863
  614698
  614457
  613837
  613303
  613305
  614577
  614892
  614635
  615265
  618365
  621298
  621085
  620324
  619091
  618181
  618429
  618080
  617562
  616448
  615260
  614754
  612494
  609307
  606481
  605972
  607274
  605296
  602029
  598828
  596808
  596294
  595162
  593920
  593293
  593135
  593628
  593101
  592453
  592005
  592184
  593834
  594739
  595190
  595611
  595807
  596969
  597206
  597527
  598458
  600237
  603091
  604475
  604967
  605442
  608125
  613343
  614637
  613741
  612405
  611688
  612191
  611897
  611072
  610657
  610640
  612177
  613656
  614607
  616046
  617570
  619660
  619851
  618539
  616263
  612992
  611559
  609537
  605434
  597991
  596268
  593420
  579362
  573984
  574487
  568252
  555546
  554735
  577704
  601856
  617371
  616854
  611608
  610035
  615483
  621136
  627365
  634177
  638980
  644946
  655771
  669899
  680981
  687462
  689127
  686316
  678140
  661512
  637333
  616700
  591673
  560167
  532553
  519716
  523670
  537298
  556883
  575785
  591084
  602595
  609851
  612637
  609612
  601686
  590518
  577913
  566311
  555692
  547708
  543900
  545090
  551471
  559875
  569460
  579925
  592491
  607190
  615459
  619214
  620286
  620803
  623398
  623825
  623856
  625994
  630579
  638297
  646691
  654695
  662198
  668315
  673059
  673302
  668934
  660873
  650438
  639517
  626885
  614048
  602660
  594420
  590631
  588702
  589005
  592087
  597414
  604210
  610082
  615051
  615482
  612072
  606630
  598544
  588803
  579528
  571679
  567114
  564014
  562915
  564485
  569360
  576781
  584134
  591076
  597751
  603656
  609210
  612669
  615472
  618035
  619368
  620151
  618700
  616419
  615245
  615879
  618584
  621209
  623774
  626629
  629505
  632531
  633741
  632820
  630253
  627137
  623893
  619456
  613944
  608489
  604174
  601884
  600951
  601559
  601162
  601085
  602674
  603994
  604272
  604071
  603403
  602989
  601508
  598581
  595445
  592698
  591728
  591206
  591075
  592095
  593984
  597520
  600564
  602225
  603872
  605975
  608972
  610434
  610528
  610218
  609803
  610253
  610241
  609612
  609229
  609239
  610552
  612725
  616154
  617743
  618012
  618455
  618439
  617987
  615141
  611153
  608116
  605271
  602485
  600861
  600156
  601344
  603061
  604440
  605764
  607998
  615438
  623134
  626302
  624553
  619404
  614004
  607927
  602164
  597526
  594440
  593756
  593929
  594719
  597125
  602070
  606654
  609282
  610676
  611524
  611950
  612565
  611754
  610052
  608029
  606115
  605659
  605627
  605457
  605923
  607452
  610788
  613344
  614319
  617101
  624659
  631898
  634240
  631318
  624889
  617576
  612053
  607376
  603987
  602969
  605326
  611375
  618308
  624731
  630886
  636348
  641114
  639097
  629686
  611772
  589386
  568354
  550220
  539278
  540074
  554029
  575297
  593831
  606113
  617017
  625970
  630226
  628527
  622200
  613998
  606047
  597500
  589327
  583418
  581988
  585651
  591473
  597958
  604895
  612116
  619516
  627081
  632320
  634445
  633592
  630546
  627921
  624819
  620669
  616616
  614201
  614184
  615608
  618907
  623281
  628225
  633508
  635475
  634592
  631456
  626070
  620073
  612533
  603575
  596060
  592289
  590242
  589005
  589412
  592088
  596629
  603191
  609167
  613530
  616522
  618567
  619753
  617851
  613746
  610415
  604953
  598080
  591161
  585831
  583647
  585106
  591977
  600262
  606633
  611480
  615780
  620085
  623327
  624631
  623090
  619065
  613632
  607435
  601483
  597595
  595934
  597178
  600042
  603550
  608185
  613226
  618723
  622023
  622332
  620939
  618280
  615524
  611557
  607083
  602921
  599502
  597961
  597295
  597746
  598500
  600272
  604777
  609279
  612822
  616146
  618915
  621352
  621571
  618455
  614395
  610253
