  813596
  793931
  767882
  735874
  698381
  655695
  607986
  555489
  498745
  438400
  374880
  308480
  239650
  169069
   97464
   25355
  -46930
 -118940
 -189964
 -259252
 -326308
 -390814
 -452408
 -510481
 -564389
 -613749
 -658449
 -698307
 -732850
 -761658
 -784565
 -801659
 -812923
 -818103
 -817021
 -809749
 -796592
 -777770
 -753277
 -723115
 -687558
 -647137
 -602278
 -553209
 -500172
 -443641
 -384339
 -322807
 -259339
 -194281
 -128221
  -61943
    3907
   68940
  132850
  195118
  255000
  311831
  365307
  415162
  460997
  502228
  538447
  569606
  595691
  616546
  631847
  641407
  645417
  644140
  637650
  625877
  608807
  586747
  560104
  529131
  493872
  454432
  411316
  365060
  316036
  264459
  210608
  155079
   98516
   41373
  -16110
  -73678
 -130740
 -186657
 -241018
 -293625
 -344248
 -392346
 -437382
 -478962
 -516960
 -551230
 -581358
 -606906
 -627689
 -643755
 -655173
 -661740
 -663243
 -659690
 -651335
 -638455
 -620985
 -598825
 -572129
 -541321
 -506845
 -468838
 -427435
 -382997
 -336125
 -287375
 -236996
 -185219
 -132473
  -79404
  -26663
   25480
   76804
  126903
  175136
  221028
  264467
  305319
  343260
  377786
  408547
  435500
  458600
  477639
  492283
  502393
  508106
  509615
  506895
  499799
  488343
  472815
  453498
  430450
  403575
  373123
  339652
  303596
  265136
  224370
  181721
  137750
   92940
   47472
    1392
  -44927
  -90979
 -136310
 -180700
 -224028
 -265834
 -305606
 -342979
 -377800
 -410004
 -439160
 -464764
 -486571
 -504645
 -519195
 -530076
 -537051
 -539991
 -539043
 -534510
 -526356
 -514449
 -498781
 -479590
 -457195
 -431640
 -402966
 -371369
 -337307
 -301288
 -263470
 -223951
 -183014
 -141193
  -99061
  -56818
  -14577
   27381
   68519
  108361
  146751
  183585
  218592
  251252
  281089
  307992
  331948
  352861
  370431
  384349
  394681
  401566
  405018
  404841
  400917
  393459
  382727
  368872
  351772
  331532
  308504
  283025
  255265
  225211
  192999
  159079
  124007
   88111
   51481
   14191
  -23377
  -60749
  -97585
 -133758
 -169173
 -203447
 -236157
 -266980
 -295884
 -322872
 -347582
 -369652
 -388898
 -405420
 -419225
 -430063
 -437660
 -441960
 -443138
 -441288
 -436274
 -427954
 -416456
 -402182
 -385268
 -365674
 -343418
 -318780
 -292252
 -264010
 -234098
 -202653
 -170053
 -136787
 -103064
  -68941
  -34558
    -280
   33312
   65916
   97424
  127742
  156521
  183262
  207794
  230129
  250258
  267974
  282887
  294911
  304169
  310725
  314453
  315069
  312577
  307225
  299265
  288680
  275327
  259383
  241186
  221044
  199003
  175025
  149409
  122563
   94789
   66124
   36620
    6668
  -23333
  -53166
  -82763
 -112099
 -140791
 -168426
 -194739
 -219714
 -243363
 -265394
 -285435
 -303300
 -319074
 -332813
 -344274
 -353193
 -359456
 -363203
 -364587
 -363446
 -359593
 -353058
 -344099
 -332961
 -319601
 -303955
 -286161
 -266589
 -245531
 -223013
 -199045
 -173846
 -147833
 -121369
  -94534
  -67369
  -40025
  -12860
   13683
   39466
   64519
   88757
  111880
  133477
  153460
  171826
  188518
  203298
  215825
  226054
  234118
  240139
  244015
  245493
  244519
  241298
  236043
  228738
  219218
  207456
  193741
  178368
  161482
  143011
  122953
  101666
   79500
   56648
   33120
    8876
  -15761
  -40416
  -64841
  -88985
 -112925
 -136402
 -159020
 -180455
 -200670
 -219738
 -237415
 -253369
 -267390
 -279490
 -289831
 -298261
 -304514
 -308432
 -310114
 -309838
 -307577
 -303158
 -296500
 -287767
 -277336
 -265254
 -251465
 -235993
 -219091
 -201126
 -182330
 -162485
 -141498
 -120142
  -97823
  -74235
  -50262
  -26367
   -3031
   19503
   41891
   65321
   88682
  108811
  125445
  139746
  152343
  163723
  173928
  182358
  189112
  194158
  197171
  198095
  197118
  194686
  191039
  186062
  179638
  172426
  163790
  152307
  138524
  123402
  107108
   89483
   71111
   52239
   32644
   12282
   -8437
  -29179
  -49952
  -70829
  -91626
 -112018
 -131602
 -150314
 -168355
 -185522
 -201362
 -215646
 -228433
 -239787
 -249512
 -257429
 -263513
 -267946
 -270724
 -271613
 -270560
 -267743
 -263447
 -257652
 -250171
 -240873
 -229940
 -217804
 -204582
 -190184
 -174461
 -157578
 -139909
 -121431
 -102206
  -82651
  -63131
  -43824
  -24447
   -4764
   14960
   33600
   50280
   65755
   80708
   94960
  108145
  120042
  130937
  141107
  150432
  157885
  163242
  166518
  167679
  166812
  163808
  159347
  153415
  146154
  137591
  127455
  115855
  103049
   89024
   74116
   58644
   42770
   26412
    9527
   -7610
  -24724
  -41759
  -58714
  -75628
  -92178
 -108156
 -123451
 -137946
 -151684
 -164478
 -176090
 -186411
 -195666
 -204002
 -211174
 -216843
 -220952
 -223772
 -225386
 -225565
 -224116
 -221093
 -216897
 -211708
 -205112
 -196940
 -187345
 -176734
 -165340
 -153083
 -139862
 -125808
 -111249
  -96399
  -81221
  -65649
  -49767
  -33990
  -18574
   -3373
   11752
   26416
   40001
   52472
   64108
   74977
   85047
   94101
  101783
  108110
  113273
  117324
  120065
  121197
  120859
  119367
  116735
  112749
  107323
  100617
   92856
   84076
   74388
   64061
   53175
   41840
   29960
   17515
    4361
   -9280
  -23078
  -36777
  -50337
  -64081
  -77839
  -91144
 -103848
 -116037
 -127704
 -138719
 -148882
 -157951
 -166034
 -173336
 -179653
 -184742
 -188507
 -191100
 -192709
 -193153
 -192223
 -189859
 -186262
 -181724
 -176161
 -169383
 -161414
 -152540
 -143101
 -133055
 -122250
 -110666
  -98593
  -86378
  -74069
  -61426
  -48341
  -35147
  -22290
   -9820
    2330
   14314
   26107
   37312
   47725
   57342
   66186
   74107
   80789
   86297
   90765
   94239
   96652
   97731
   97402
   95806
   93196
   89661
   85029
   79210
   72364
   64730
   56350
   47077
   36798
   25895
   14787
    3566
   -7790
  -19393
  -31331
  -43457
  -55561
  -67353
  -78780
  -89738
 -100098
 -109848
 -119084
 -127910
 -136067
 -143337
 -149596
 -154966
 -159717
 -163724
 -166726
 -168547
 -169285
 -169222
 -168252
 -166205
 -163017
 -158854
 -153995
 -148431
 -142024
 -134678
 -126548
 -117934
 -108861
  -99213
  -88918
  -78157
  -67341
  -56555
  -45690
  -34686
  -23737
  -13178
   -3109
    6539
   15917
   25035
   33550
   41251
   48346
   54837
   60571
   65448
   69335
   72327
   74551
   75921
   76160
   75171
   73047
   70153
   66380
   61550
   55793
   49371
   42549
   35293
   27356
   18759
    9750
     556
   -8742
  -18309
  -28131
  -37941
  -47481
  -56731
  -65885
  -74998
  -83830
  -92070
  -99696
 -106935
 -113856
 -120156
 -125669
 -130425
 -134586
 -138162
 -140938
 -142760
 -143644
 -143853
 -143497
 -142403
 -140396
 -137540
 -134177
 -130270
 -125651
 -120270
 -114383
 -108248
 -101759
  -94744
  -87173
  -79356
  -71564
  -63688
  -55524
  -47084
  -38645
  -30510
  -22519
  -14473
   -6399
    1335
    8594
   15460
   22000
   28144
   33592
   38173
   42000
   45267
   47991
   49888
   50792
   50884
   50347
   49145
   47018
   44027
   40392
   36252
   31650
   26419
   20442
   13862
    7049
     112
   -7201
  -14854
  -22558
  -30188
  -37878
  -45801
  -53648
  -61159
  -68321
  -75257
  -81963
  -88235
  -94033
  -99284
 -103922
 -108131
 -111739
 -114554
 -116612
 -118214
 -119464
 -120062
 -119756
 -118752
 -117425
 -115736
 -113512
 -110706
 -107431
 -103912
 -100076
  -95748
  -90833
  -85517
  -80070
  -74423
  -68445
  -62136
  -55743
  -49443
  -43118
  -36595
  -29921
  -23381
  -17170
  -11209
   -5398
     127
    5063
    9440
   13398
   17043
   20284
   22808
   24529
   25513
   25930
   25865
   25291
   24337
   23220
   21857
   19963
   17414
   14272
   10714
    6854
    2578
   -2174
   -7210
  -12355
  -17564
  -22986
  -28749
  -34704
  -40574
  -46298
  -52069
  -57842
  -63395
  -68564
  -73512
  -78332
  -82843
  -86852
  -90330
  -93471
  -96303
  -98660
 -100396
 -101563
 -102378
 -102874
 -102856
 -102141
 -100762
  -98980
  -96961
  -94587
  -91708
  -88324
  -84619
  -80808
  -76779
  -72356
  -67530
  -62560
  -57686
  -52678
  -47436
  -42084
  -36821
  -31778
  -26853
  -21948
  -17148
  -12636
   -8627
   -4957
   -1451
    1911
    4881
    7340
    9431
   11277
   12790
   13685
   13937
   13796
   13408
   12677
   11298
    9320
    6986
    4430
    1564
   -1826
   -5637
   -9609
  -13562
  -17607
  -21996
  -26631
  -31291
  -35818
  -40284
  -44917
  -49605
  -54141
  -58456
  -62668
  -66934
  -71107
  -74953
  -78345
  -81421
  -84389
  -87064
  -89224
  -90825
  -92060
  -93144
  -93927
  -94207
  -93951
  -93361
  -92646
  -91626
  -90070
  -87958
  -85541
  -83006
  -80194
  -76918
  -73229
  -69378
  -65565
  -61639
  -57441
  -52995
  -48538
  -44284
  -40117
  -35868
  -31565
  -27415
  -23637
  -20100
  -16627
  -13197
  -10072
   -7447
   -5151
   -2973
    -944
     690
    1816
    2611
    3236
    3634
    3569
    2935
    1942
     784
    -567
   -2336
   -4639
   -7213
   -9841
  -12550
  -15574
  -19023
  -22698
  -26372
  -30006
  -33761
  -37764
  -41801
  -45675
  -49352
  -52944
  -56609
  -60171
  -63388
  -66176
  -68706
  -71206
  -73522
  -75426
  -76851
  -77911
  -78841
  -79526
  -79800
  -79594
  -79054
  -78438
  -77675
  -76567
  -75031
  -73191
  -71318
  -69349
  -67074
  -64441
  -61604
  -58820
  -56068
  -53170
  -50020
  -46763
  -43691
  -40800
  -37903
  -34898
  -31911
  -29202
  -26745
  -24352
  -21935
  -19670
  -17807
  -16233
  -14766
  -13468
  -12596
  -12096
  -11784
  -11655
  -11949
  -12566
  -13308
  -14070
  -14938
  -16158
  -17728
  -19453
  -21191
  -22947
  -24885
  -27208
  -29765
  -32361
  -34930
  -37615
  -40608
  -43751
  -46784
  -49586
  -52215
  -54859
  -57504
  -59938
  -61966
  -63626
  -65134
  -66613
  -67856
  -68680
  -69106
  -69389
  -69614
  -69596
  -69189
  -68451
  -67614
  -66689
  -65526
  -64000
  -62188
  -60339
  -58496
  -56503
  -54224
  -51839
  -49614
  -47465
  -45231
  -42796
  -40336
  -38099
  -35948
  -33693
  -31356
  -29183
  -27199
  -25251
  -23228
  -21288
  -19693
  -18324
  -16972
  -15632
  -14566
  -13913
  -13491
  -13138
  -12896
  -12998
  -13523
  -14330
  -15261
  -16400
  -17949
  -19805
  -21779
  -23885
  -26296
  -28889
  -31479
  -33992
  -36637
  -39497
  -42380
  -45082
  -47604
  -50124
  -52741
  -55281
  -57568
  -59660
  -61753
  -63908
  -65937
  -67646
  -69049
  -70298
  -71587
  -72804
  -73699
  -74156
  -74263
  -74243
  -74084
  -73558
  -72542
  -71117
  -69563
  -67934
  -66026
  -63713
  -61093
  -58480
  -55952
  -53318
  -50424
  -47368
  -44452
  -41732
  -39034
  -36231
  -33414
  -30846
  -28647
  -26613
  -24590
  -22608
  -20914
  -19643
  -18611
  -17631
  -16719
  -16054
  -15843
  -15916
  -16049
  -16191
  -16447
  -17031
  -17941
  -18954
  -19899
  -20817
  -21906
  -23309
  -24856
  -26353
  -27798
  -29349
  -31245
  -33357
  -35462
  -37451
  -39399
  -41499
  -43752
  -45949
  -47885
  -49600
  -51300
  -53129
  -54927
  -56480
  -57742
  -58903
  -60173
  -61387
  -62312
  -62896
  -63265
  -63667
  -64052
  -64184
  -63959
  -63473
  -62969
  -62438
  -61699
  -60623
  -59289
  -57961
  -56668
  -55226
  -53517
  -51613
  -49806
  -48212
  -46645
  -44910
  -43067
  -41345
  -39914
  -38634
  -37294
  -35860
  -34492
  -33396
  -32473
  -31535
  -30555
  -29725
  -29250
  -28979
  -28680
  -28290
  -27986
  -27947
  -28021
  -28007
  -27845
  -27690
  -27817
  -28116
  -28347
  -28460
  -28678
  -29225
  -29953
  -30674
  -31338
  -32106
  -33202
  -34490
  -35723
  -36844
  -37989
  -39363
  -40830
  -42171
  -43290
  -44310
  -45472
  -46696
  -47799
  -48679
  -49435
  -50306
  -51216
  -51970
  -52491
  -52870
  -53289
  -53735
  -54024
  -53994
  -53691
  -53369
  -53043
  -52521
  -51646
  -50535
  -49485
  -48488
  -47326
  -45847
  -44210
  -42783
  -41557
  -40318
  -38939
  -37537
  -36420
  -35592
  -34888
  -34132
  -33373
  -32859
  -32653
  -32548
  -32360
  -32159
  -32221
  -32543
  -32924
  -33185
  -33379
  -33739
  -34237
  -34658
  -34883
  -35102
  -35582
  -36201
  -36738
  -37139
  -37584
  -38232
  -38938
  -39528
  -40054
  -40766
  -41684
  -42591
  -43302
  -43886
  -44658
  -45571
  -46422
  -47111
  -47711
  -48447
  -49209
  -49771
  -50047
  -50234
  -50526
  -50754
  -50766
  -50618
  -50562
  -50636
  -50618
  -50395
  -50055
  -49879
  -49917
  -49951
  -49773
  -49452
  -49223
  -49043
  -48680
  -48011
  -47258
  -46690
  -46180
  -45544
  -44781
  -44070
  -43600
  -43214
  -42698
  -42019
  -41329
  -40837
  -40390
  -39759
  -38886
  -37975
  -37231
  -36485
  -35595
  -34598
  -33728
  -33063
  -32438
  -31711
  -31004
  -30580
  -30448
  -30401
  -30247
  -30102
  -30184
  -30389
  -30576
  -30703
  -30964
  -31442
  -31975
  -32440
  -32873
  -33519
  -34361
  -35186
  -35806
  -36246
  -36776
  -37370
  -37865
  -38199
  -38559
  -39221
  -40070
  -40895
  -41635
  -42434
  -43448
  -44506
  -45437
  -46237
  -47128
  -48207
  -49307
  -50239
  -51026
  -51876
  -52804
  -53631
  -54208
  -54693
  -55310
  -55908
  -56284
  -56378
  -56376
  -56356
  -56162
  -55647
  -54845
  -54029
  -53278
  -52412
  -51329
  -50144
  -49059
  -47948
  -46675
  -45269
  -43989
  -42780
  -41474
  -40078
  -38827
  -37728
  -36603
  -35396
  -34355
  -33461
  -32547
  -31565
  -30728
  -30092
  -29501
  -28828
  -28204
  -27876
  -27777
  -27714
  -27597
  -27530
  -27746
  -28171
  -28604
  -28934
  -29231
  -29762
  -30467
  -31191
  -31844
  -32551
  -33516
