 -142503
 -244083
 -330400
 -395043
 -434466
 -447431
 -434217
 -396839
 -339551
 -267691
 -186964
 -103497
  -23549
   46513
  102002
  139800
  158239
  157616
  139313
  105971
   61221
    9109
  -45946
 -100159
 -150085
 -192481
 -224849
 -245415
 -253085
 -247946
 -230917
 -203705
 -168315
 -127238
  -83650
  -40881
   -2026
   29973
   52820
   65273
   66973
   58160
   39923
   14227
  -16743
  -50389
  -83949
 -114997
 -141422
 -161485
 -174115
 -178769
 -175387
 -164703
 -147966
 -126687
 -102832
  -78948
  -58332
  -44871
  -41362
  -47714
  -60919
  -76806
  -91765
 -103456
 -110869
 -113930
 -112737
 -107738
  -99751
  -89506
  -77912
  -66013
  -54614
  -44475
  -36431
  -31061
  -28641
  -28849
  -31345
  -36584
  -44285
  -53726
  -63974
  -74032
  -83139
  -90686
  -96370
  -99878
 -101199
 -100584
  -97905
  -93414
  -87610
  -80870
  -73784
  -66901
  -60462
  -54788
  -50253
  -47002
  -45252
  -45110
  -46372
  -48902
  -52537
  -56905
  -61751
  -66953
  -72087
  -76592
  -80249
  -82600
  -82965
  -81112
  -77288
  -72509
  -69681
  -73293
  -86440
 -107395
 -129579
 -145974
 -152514
 -148459
 -135383
 -115935
  -92904
  -69021
  -46445
  -27115
  -12562
   -3812
   -1236
   -4724
  -13750
  -27308
  -44116
  -62859
  -81969
  -99928
 -115436
 -127275
 -134505
 -136844
 -134539
 -127822
 -117302
 -104021
  -88980
  -73379
  -58458
  -45197
  -34329
  -26522
  -22330
  -21761
  -24590
  -30439
  -38675
  -48467
  -58954
  -69431
  -79164
  -87533
  -93974
  -97814
  -98774
  -96859
  -92114
  -84955
  -76151
  -66291
  -56173
  -46800
  -38894
  -33143
  -30003
  -29434
  -31479
  -36106
  -42781
  -50722
  -59081
  -66860
  -73195
  -77603
  -79650
  -79226
  -76683
  -72381
  -66899
  -60971
  -55254
  -50411
  -47696
  -48918
  -55557
  -67905
  -84624
 -103109
 -120470
 -134448
 -143596
 -146975
 -144279
 -135866
 -122481
 -105272
  -85697
  -65362
  -45826
  -28652
  -15111
   -5869
   -1255
   -1384
   -5951
  -14262
  -25609
  -39033
  -53087
  -66592
  -79364
  -91827
 -104649
 -117866
 -130412
 -140745
 -147687
 -150317
 -148018
 -140561
 -127652
 -109310
  -87503
  -64603
  -42746
  -24100
  -10086
   -1327
    1758
    -912
   -9236
  -22824
  -40415
  -60143
  -79877
  -97375
 -111091
 -120090
 -123869
 -122694
 -117151
 -107828
  -95828
  -82613
  -69495
  -57672
  -48127
  -41340
  -37636
  -37096
  -39420
  -44156
  -50880
  -58915
  -67440
  -75707
  -83082
  -88909
  -92770
  -94458
  -93895
  -91081
  -86278
  -80103
  -73116
  -65920
  -59214
  -53403
  -48735
  -45398
  -43541
  -43198
  -44364
  -47039
  -50903
  -55492
  -60372
  -65090
  -69303
  -72845
  -75402
  -76766
  -77002
  -76258
  -74522
  -71915
  -68740
  -65158
  -61245
  -57377
  -53806
  -50619
  -48040
  -46084
  -44645
  -43875
  -43791
  -44222
  -45136
  -46530
  -48191
  -50039
  -52109
  -54166
  -55924
  -57333
  -58153
  -58080
  -57301
  -56039
  -54498
  -52965
  -51262
  -48947
  -45818
  -41857
  -37141
  -32122
  -27352
  -23266
  -20476
  -19384
  -20054
  -22570
  -26906
  -32655
  -39460
  -46901
  -54236
  -60908
  -66635
  -70995
  -73740
  -74920
  -74595
  -72751
  -69540
  -65120
  -59453
  -52425
  -44330
  -35557
  -26747
  -18800
  -12259
   -7555
   -5283
   -5613
   -8208
  -12819
  -19157
  -26617
  -34701
  -42977
  -50712
  -57310
  -62433
  -65716
  -67102
  -66898
  -65147
  -61875
  -57508
  -52390
  -46779
  -41186
  -36041
  -31462
  -27765
  -25367
  -24227
  -24337
  -25562
  -27083
  -27900
  -28237
  -27913
  -26870
  -25054
  -22672
  -20210
  -18342
  -17354
  -17481
  -19008
  -21854
  -25883
  -30986
  -36602
  -42095
  -47140
  -51191
  -53802
  -54907
  -54402
  -52322
  -49200
  -44641
  -38250
  -31263
  -24638
  -18880
  -14686
  -12027
  -10543
   -9997
  -10279
  -11204
  -12927
  -15786
  -19673
  -24458
  -29473
  -33745
  -36982
  -39252
  -40364
  -40219
  -39039
  -36911
  -33910
  -30285
  -26329
  -22228
  -18237
  -14790
  -12114
  -10325
   -9665
  -10159
  -11763
  -14346
  -17706
  -21381
  -25060
  -28544
  -31614
  -34034
  -35657
  -36520
  -36616
  -35939
  -34571
  -32597
  -30147
  -27518
  -25026
  -22648
  -20341
  -18397
  -16903
  -15688
  -14599
  -13347
  -11757
  -10125
   -8778
   -8107
   -8560
  -10236
  -12892
  -16305
  -20118
  -23894
  -27409
  -30484
  -32842
  -34274
  -34817
  -34624
  -33841
  -32642
  -31147
  -29382
  -27601
  -26368
  -26117
  -27038
  -29047
  -31516
  -33855
  -35770
  -36854
  -36952
  -36261
  -34908
  -32883
  -30452
  -27991
  -25786
  -24174
  -23336
  -22977
  -22846
  -22649
  -22049
  -21274
  -20575
  -19789
  -19003
  -18462
  -18177
  -18348
  -19019
  -20111
  -21712
  -23642
  -25737
  -27931
  -29794
  -31055
  -31672
  -31522
  -30792
  -29665
  -28140
  -26442
  -24582
  -22427
  -20197
  -18038
  -16107
  -14661
  -13773
  -13512
  -13948
  -15031
  -16533
  -18308
  -20234
  -22205
  -24039
  -25641
  -27055
  -28265
  -29124
  -29550
  -29521
  -28829
  -27493
  -25756
  -23537
  -21025
  -18600
  -16280
  -14202
  -12640
  -11804
  -11685
  -12200
  -13202
  -14315
  -15120
  -15388
  -14906
  -13534
  -11500
   -9238
   -6978
   -4978
   -3527
   -2761
   -2772
   -3331
   -4265
   -5701
   -7746
  -10014
  -12278
  -14801
  -17491
  -19951
  -22041
  -23682
  -24788
  -25288
  -25181
  -24449
  -23001
  -20764
  -17890
  -14709
  -11611
   -8852
   -6676
   -5163
   -4353
   -4217
   -4924
   -6508
   -8605
  -10811
  -12677
  -13852
  -14128
  -13692
  -12846
  -11710
  -10421
   -9238
   -8570
   -8533
   -9245
  -11015
  -14282
  -19120
  -25456
  -32983
  -40728
  -47660
  -53285
  -57355
  -59820
  -60702
  -59723
  -56686
  -51861
  -45615
  -38338
  -30702
  -23335
  -16578
  -10881
   -6606
   -3832
   -2628
   -3066
   -4978
   -8068
  -11994
  -16296
  -20626
  -24843
  -28553
  -31399
  -33269
  -33970
  -33469
  -31954
  -29540
  -26464
  -23097
  -19681
  -16324
  -13268
  -10668
   -8445
   -6495
   -4967
   -3956
   -3514
   -3844
   -5094
   -7097
   -9802
  -13207
  -16961
  -20752
  -24421
  -27621
  -30134
  -31981
  -33050
  -33199
  -32506
  -30983
  -28658
  -25855
  -22836
  -19780
  -16941
  -14515
  -12532
  -11275
  -10803
  -11203
  -11843
  -11710
  -12097
  -14065
  -17464
  -21049
  -23972
  -26423
  -28214
  -29261
  -30034
  -30564
  -30265
  -29045
  -27144
  -24634
  -21696
  -18590
  -15453
  -12373
   -9313
   -6313
   -3742
   -2323
   -2027
   -2131
   -2372
   -2860
   -4333
   -8303
  -16905
  -32318
  -55272
  -84137
 -115295
 -144719
 -170196
 -190026
 -202178
 -204934
 -198177
 -182223
 -158929
 -130687
  -98426
  -64520
  -32516
   -3741
   20442
   39144
   51549
   57249
   56245
   48826
   34709
   14673
   -8985
  -33682
  -57361
  -78015
  -94487
 -106081
 -111920
 -111894
 -106585
  -96742
  -83235
  -66976
  -49328
  -31735
  -15494
   -1169
   10287
   18105
   22053
   21832
   17589
    8882
   -3007
  -16089
  -29533
  -42427
  -53923
  -63250
  -69750
  -73033
  -73537
  -71508
  -67133
  -60709
  -52731
  -43880
  -34681
  -25666
  -17567
  -10907
   -5810
   -2560
   -1214
   -1701
   -4191
   -8545
  -14304
  -21445
  -29694
  -38208
  -46263
  -53263
  -58771
  -62847
  -65749
  -67584
  -68511
  -68609
  -67671
  -65572
  -62375
  -57889
  -52125
  -45648
  -38956
  -32411
  -26522
  -21526
  -17544
  -14852
  -13637
  -13792
  -15123
  -17612
  -21019
  -24925
  -29158
  -33461
  -37541
  -41178
  -44150
  -46213
  -47309
  -47410
  -46446
  -44505
  -41868
  -38635
  -35104
  -31728
  -28741
  -26289
  -24560
  -23636
  -23507
  -24085
  -25232
  -26686
  -28327
  -30144
  -32009
  -33788
  -35365
  -36641
  -37524
  -38082
  -38253
  -37891
  -37025
  -35857
  -34543
  -33125
  -31786
  -30665
  -29820
  -29256
  -29000
  -29085
  -29464
  -30112
  -31049
  -32156
  -33366
  -34654
  -35927
  -36988
  -37706
  -38092
  -38074
  -37617
  -36836
  -35774
  -34518
  -33209
  -31885
  -30586
  -29443
  -28693
  -28414
  -28609
  -29284
  -30212
  -31248
  -32359
  -33557
  -34713
  -35655
  -36353
  -36722
  -36705
  -36493
  -36471
  -36513
  -36353
  -36072
  -35580
  -34776
  -33798
  -32661
  -31410
  -30226
  -29147
  -28174
  -27425
  -26910
  -26384
  -26247
  -26751
  -27443
  -28237
  -29258
  -30292
  -31431
  -32682
  -33474
  -33609
  -33198
  -32175
  -30710
  -29402
  -28989
  -29897
  -32419
  -36399
  -41432
  -47081
  -52631
  -57483
  -61129
  -63193
  -63598
  -62227
  -58681
  -53232
  -46519
  -39113
  -31785
  -25315
  -20841
  -20084
  -24859
  -36154
  -53654
  -75689
 -100140
 -124949
 -148469
 -169476
 -186987
 -199920
 -207198
 -208670
 -205114
 -197434
 -186329
 -172405
 -156220
 -138363
 -119745
 -101484
  -84662
  -70005
  -57920
  -48671
  -42526
  -39438
  -39238
  -41762
  -46471
  -52680
  -59745
  -67140
  -74309
  -80670
  -85803
  -89426
  -91351
  -91671
  -90373
  -87593
  -83669
  -78821
  -73136
  -66716
  -59636
  -52033
  -44375
  -37346
  -31521
  -27278
  -24997
  -24942
  -27140
  -31450
  -37645
  -45308
  -53754
  -62324
  -70447
  -77523
  -82954
  -86348
  -87596
  -86754
  -84060
  -79952
  -74876
  -69136
  -63090
  -57321
  -52155
  -47850
  -44581
  -42504
  -41673
  -42136
  -43802
  -46341
  -49401
  -52740
  -56038
  -59018
  -61483
  -63461
  -64768
  -65428
  -65489
  -64911
  -63676
  -61892
  -59713
  -57182
  -54469
  -51787
  -49338
  -47292
  -45863
  -45200
  -45185
  -45722
  -46732
  -48083
  -49601
  -51194
  -52990
  -54833
  -56495
  -57809
  -58602
  -58749
  -58249
  -57245
  -55770
  -53919
  -51958
  -50043
  -48208
  -46513
  -45104
  -44011
  -43298
  -43078
  -43355
  -44060
  -45074
  -46289
  -47568
  -48883
  -50227
  -51471
  -52465
  -53093
  -53225
  -52880
  -52145
  -51205
  -50091
  -48886
  -47744
  -46731
  -45839
  -45114
  -44653
  -44328
  -43954
  -43493
  -42838
  -41940
  -40828
  -39626
  -38357
  -37171
  -36275
  -35776
  -35726
  -36223
  -37250
  -38551
  -40018
  -41657
  -43301
  -44805
  -46073
  -47097
  -47817
  -48281
  -48531
  -48522
  -48308
  -48005
  -47500
  -46680
  -45688
  -44697
  -43728
  -42783
  -42003
  -41380
  -40867
  -40574
  -40578
  -40703
  -40811
  -40915
  -40880
  -40669
  -40359
  -39934
  -39399
  -38851
  -38363
  -37940
  -37677
  -37732
  -38044
  -38486
  -38977
  -39440
  -39777
  -39876
  -39820
  -39497
  -38937
  -38543
  -38192
  -37853
  -37504
  -37050
  -36931
  -37231
  -38053
  -39176
  -39274
  -39038
  -38152
  -37229
  -36804
  -37100
  -38542
  -40707
  -42521
  -43640
  -44117
  -44738
  -45625
  -45391
  -44408
  -43353
  -42204
  -40977
  -39318
  -37492
  -35205
  -31963
  -28237
  -24312
  -20288
  -16468
  -13111
  -10381
   -8711
   -8452
   -9587
  -12034
  -15774
  -20521
  -25873
  -31609
  -37429
  -42962
  -47940
  -52144
  -55260
  -57123
  -57707
  -56894
  -54619
  -51127
  -46767
  -41836
  -36762
  -31975
  -27723
  -24268
  -21842
  -20544
  -20337
  -21191
  -23055
  -25635
  -28714
  -32205
  -35783
  -39026
  -41729
  -43775
  -45034
  -45518
  -45347
  -44520
  -43108
  -41350
  -39341
  -37113
  -34532
  -31827
  -29741
  -28475
  -28050
  -28373
  -29413
  -31032
  -32787
  -34366
  -35656
  -36506
  -36877
  -36905
  -36683
  -36175
  -35574
  -35239
  -35185
  -35354
  -35706
  -36018
  -36021
  -35421
  -33962
  -31119
  -27290
  -23420
  -19886
  -16959
  -14919
  -14009
  -14374
  -16062
  -18915
  -22209
  -25289
  -27647
  -28787
  -28444
  -26802
  -24231
  -21111
  -17954
  -15283
  -13382
  -12538
  -13089
  -15060
  -18266
  -22500
  -27430
  -32572
  -37579
  -42155
  -45845
  -48436
  -49875
  -50056
  -49007
  -46984
  -44140
  -40630
  -36789
  -32960
  -29341
  -26209
  -23817
  -22212
  -21408
  -21436
  -22310
  -23865
  -25915
  -28361
  -30922
  -33394
  -35707
  -37822
  -39574
  -40868
  -41652
  -41718
  -40955
  -39405
  -36993
  -33593
  -29301
  -24407
  -19248
  -14319
  -10202
   -7334
   -6180
   -7221
  -10651
  -16203
  -23338
  -31345
  -39194
  -46039
  -51388
  -54784
  -56026
  -55243
  -52758
  -48800
  -43800
  -38347
  -32913
  -27873
  -23651
  -20629
  -18912
  -18539
  -19492
  -21562
  -24447
  -28131
  -32422
  -36474
  -39751
  -42299
  -43989
  -44773
  -44810
  -44835
  -46204
  -50573
  -59273
  -72898
  -91337
 -114109
 -140019
 -167294
 -193876
 -217116
 -234310
 -243586
 -243905
 -234890
 -217156
 -192031
 -161098
 -126545
  -90882
  -56446
  -25425
     144
   18894
   30154
   33731
   30062
   19988
    4699
  -14328
  -35299
  -56559
  -76669
  -94258
 -108318
 -118223
 -123395
 -123633
 -119244
 -110693
  -98833
  -84834
  -69773
  -54636
  -40407
  -28007
  -18059
  -11075
   -7397
   -7197
  -10235
  -16056
  -24074
  -33528
  -43601
  -53558
  -62714
  -70336
  -76003
  -79458
  -80494
  -79056
  -75453
  -70130
  -63497
  -56100
  -48566
  -41379
  -34990
  -29894
  -26417
  -24604
  -24489
  -26094
  -29090
  -33103
  -37881
  -42963
  -47807
  -52107
  -55613
  -58049
  -59318
  -59484
  -58399
  -56156
  -53037
  -49437
  -45501
  -41569
  -38423
  -36220
  -34907
  -34522
  -34912
  -35880
  -37333
  -39153
  -41063
  -42931
  -44713
  -46221
  -47312
  -47913
  -47978
  -47433
  -46266
  -44332
  -42073
  -40190
  -38785
  -37930
  -37565
  -37414
  -37517
  -37989
  -38867
  -40203
  -41819
  -43328
  -44376
  -44619
  -43993
  -42553
  -40319
  -37495
  -34584
  -32006
  -29845
  -28298
  -27642
  -28040
  -29438
  -31733
  -34722
  -37929
  -41146
  -44476
  -47760
  -50611
  -52790
  -54083
