 -286200
 -288744
 -287268
 -279897
 -264912
 -244827
 -224506
 -206983
 -190633
 -174657
 -161387
 -154605
 -154288
 -156000
 -158256
 -163460
 -172729
 -182431
 -189058
 -194570
 -202027
 -209745
 -214591
 -218770
 -226523
 -237630
 -248041
 -255590
 -261797
 -266305
 -264765
 -255380
 -241825
 -226974
 -209283
 -187944
 -166487
 -150195
 -140379
 -134461
 -132200
 -136424
 -150177
 -171757
 -195602
 -218785
 -242070
 -264061
 -279718
 -287081
 -288661
 -286375
 -278305
 -262578
 -242559
 -222747
 -203229
 -182428
 -162980
 -149233
 -139848
 -131307
 -127572
 -133675
 -146282
 -159487
 -171909
 -185559
 -199716
 -210564
 -217251
 -222255
 -228409
 -234511
 -237085
 -235375
 -231931
 -232995
 -243760
 -259288
 -275315
 -290467
 -301298
 -303737
 -298482
 -288959
 -276162
 -257969
 -234830
 -211351
 -191690
 -174825
 -159046
 -147293
 -143677
 -147306
 -154088
 -163268
 -177081
 -194991
 -211767
 -224613
 -235788
 -247122
 -255667
 -258225
 -256878
 -255060
 -251631
 -244108
 -234677
 -226913
 -219587
 -209855
 -200195
 -193641
 -188529
 -183207
 -181093
 -183095
 -186088
 -189638
 -195994
 -203858
 -209820
 -213416
 -215835
 -219390
 -224076
 -226219
 -223967
 -219577
 -216223
 -212512
 -205701
 -199264
 -197510
 -197518
 -195999
 -196050
 -199139
 -202243
 -205049
 -211489
 -221303
 -231866
 -245246
 -260513
 -271466
 -275468
 -275709
 -272318
 -262689
 -249155
 -235554
 -223142
 -213965
 -207168
 -196088
 -182983
 -171389
 -168032
 -173565
 -181878
 -191928
 -207806
 -226560
 -241350
 -253500
 -265149
 -273097
 -277040
 -279150
 -277535
 -269436
 -255707
 -238288
 -221348
 -207823
 -195711
 -182858
 -171108
 -164059
 -161537
 -159796
 -158847
 -162416
 -170550
 -178865
 -185594
 -193267
 -202608
 -210406
 -214734
 -218583
 -223535
 -226612
 -225961
 -224565
 -224394
 -223607
 -221635
 -221760
 -224484
 -225369
 -219834
 -210766
 -199239
 -183450
 -165114
 -147573
 -125083
  -97443
  -80572
  -75276
  -63785
  -59630
  -72798
  -91650
 -115140
 -138401
 -156187
 -175851
 -195126
 -211296
 -215395
 -207937
 -199264
 -187193
 -168968
 -146245
 -124745
 -106321
  -89057
  -75581
  -74905
  -95040
 -136148
 -191535
 -256590
 -329362
 -402295
 -463905
 -506690
 -529129
 -532383
 -515857
 -477903
 -420901
 -352071
 -276287
 -195008
 -112919
  -39158
   19350
   60067
   79773
   74635
   45899
   -1595
  -64065
 -138464
 -217578
 -292451
 -359537
 -416269
 -456426
 -474932
 -473786
 -456812
 -423640
 -375011
 -317650
 -258237
 -198997
 -141645
  -92101
  -55829
  -33054
  -22054
  -24262
  -41538
  -70821
 -105745
 -143977
 -186028
 -229531
 -268345
 -299025
 -322897
 -339175
 -344115
 -337557
 -323751
 -304129
 -276872
 -244780
 -213228
 -184170
 -157185
 -135080
 -122013
 -117479
 -118131
 -124471
 -139301
 -160734
 -182896
 -204096
 -224558
 -242683
 -255482
 -261474
 -262426
 -259353
 -250298
 -235879
 -220212
 -207300
 -196766
 -186494
 -177449
 -171664
 -168320
 -166442
 -167076
 -168794
 -169169
 -169121
 -169038
 -166722
 -163456
 -166346
 -178381
 -199944
 -227329
 -258018
 -288706
 -313279
 -329293
 -338312
 -339623
 -330727
 -313780
 -292139
 -265872
 -234968
 -204305
 -177952
 -155669
 -137151
 -125909
 -124381
 -128959
 -134863
 -142454
 -154256
 -171047
 -190085
 -211279
 -233578
 -252400
 -265442
 -274922
 -281273
 -281238
 -274387
 -264317
 -253745
 -241731
 -226967
 -211260
 -198436
 -190441
 -184628
 -179015
 -175987
 -177518
 -181109
 -184001
 -188154
 -195437
 -203113
 -208108
 -212549
 -217686
 -221403
 -222331
 -223412
 -225125
 -224745
 -223175
 -222808
 -222364
 -219488
 -216063
 -214938
 -215311
 -213820
 -210817
 -209364
 -211056
 -213030
 -212372
 -210669
 -211289
 -214120
 -215232
 -213711
 -213398
 -215271
 -216063
 -214769
 -214889
 -216649
 -216260
 -213736
 -212468
 -212108
 -209829
 -206993
 -206298
 -206373
 -204553
 -202881
 -203113
 -202977
 -200954
 -199715
 -200079
 -199187
 -196040
 -193622
 -193340
 -192526
 -189750
 -188114
 -189475
 -191161
 -191252
 -193397
 -198651
 -201182
 -198741
 -198684
 -202588
 -204084
 -198146
 -178732
 -148206
 -118078
 -116381
 -154423
 -212510
 -269058
 -317266
 -351423
 -368389
 -366046
 -345058
 -313586
 -276293
 -234716
 -193480
 -157549
 -127738
 -102719
  -85141
  -78333
  -81568
  -93541
 -114592
 -142032
 -171165
 -200385
 -229541
 -254937
 -272221
 -282586
 -288201
 -286990
 -276648
 -259928
 -241271
 -221849
 -200551
 -179728
 -163849
 -153104
 -144855
 -140335
 -142461
 -150093
 -158658
 -168235
 -181196
 -195195
 -206524
 -216227
 -225551
 -231762
 -232986
 -232062
 -228607
 -219119
 -205644
 -192497
 -181518
 -171701
 -165691
 -164386
 -164671
 -165512
 -169614
 -177073
 -184426
 -190992
 -199606
 -209841
 -217970
 -222828
 -226407
 -230622
 -233184
 -230786
 -224602
 -217783
 -210890
 -201279
 -189608
 -180085
 -174081
 -169031
 -164445
 -163573
 -167275
 -172495
 -177797
 -185249
 -194208
 -201017
 -205675
 -210762
 -215257
 -216262
 -215397
 -215482
 -214640
 -209895
 -203896
 -199152
 -194071
 -187117
 -181207
 -177822
 -174577
 -170600
 -169248
 -171823
 -175276
 -177717
 -181532
 -188454
 -195757
 -200633
 -205003
 -210959
 -216246
 -217955
 -217672
 -218040
 -217955
 -214601
 -209397
 -205383
 -201732
 -195808
 -189453
 -185613
 -183358
 -180272
 -177833
 -178787
 -181826
 -183642
 -185255
 -189356
 -194930
 -198347
 -200487
 -203475
 -205613
 -204596
 -202381
 -201388
 -200276
 -196692
 -192304
 -190370
 -190275
 -188732
 -186564
 -186901
 -188947
 -189391
 -188824
 -190084
 -192734
 -193378
 -192723
 -193611
 -195338
 -195004
 -193775
 -193836
 -193449
 -190541
 -187891
 -187353
 -186883
 -184551
 -183055
 -184123
 -185170
 -184664
 -185361
 -187669
 -188394
 -187014
 -186412
 -187227
 -186617
 -184242
 -183088
 -183483
 -182601
 -181146
 -181952
 -184057
 -184650
 -185465
 -188019
 -189818
 -189871
 -190951
 -192616
 -192353
 -191741
 -192752
 -193700
 -192329
 -191062
 -191813
 -192295
 -190465
 -189032
 -189755
 -190412
 -188756
 -186969
 -187216
 -187271
 -185035
 -182861
 -182918
 -183344
 -181692
 -180303
 -181209
 -182495
 -182366
 -183177
 -186564
 -190073
 -191394
 -192814
 -195852
 -198132
 -198024
 -198443
 -200224
 -200820
 -199361
 -198418
 -199057
 -198417
 -195526
 -193271
 -192205
 -189594
 -185111
 -182049
 -180784
 -178612
 -176240
 -176729
 -179106
 -180283
 -180991
 -183673
 -187359
 -188821
 -188698
 -189886
 -191846
 -191535
 -189841
 -189699
 -190322
 -188760
 -186068
 -185160
 -185157
 -183109
 -180504
 -180033
 -180516
 -179458
 -178920
 -180807
 -182771
 -182708
 -183342
 -185885
 -187482
 -186895
 -186857
 -188508
 -189224
 -187593
 -186410
 -187108
 -187252
 -185477
 -184548
 -185993
 -187037
 -185719
 -184867
 -185812
 -186070
 -185066
 -185623
 -187712
 -188098
 -187204
 -187659
 -188374
 -187124
 -186381
 -187308
 -187082
 -185438
 -184878
 -184471
 -182472
 -180868
 -180503
 -179045
 -177300
 -177733
 -178892
 -179203
 -180985
 -184066
 -185785
 -186792
 -188323
 -188851
 -188016
 -188979
 -190896
 -191324
 -191784
 -194499
 -197569
 -198215
 -198177
 -199638
 -200661
 -199056
 -196251
 -194665
 -193481
 -190048
 -185269
 -182163
 -180900
 -178150
 -173957
 -171653
 -172061
 -172304
 -171723
 -173267
 -176996
 -179700
 -181285
 -184261
 -188060
 -189722
 -190504
 -192680
 -194731
 -193919
 -192002
 -191879
 -192088
 -190393
 -188640
 -187832
 -185382
 -182461
 -181215
 -180742
 -179358
 -177143
 -176951
 -178499
 -178471
 -179334
 -200123
 -229582
 -242604
 -242193
 -233914
 -224301
 -213156
 -199038
 -187496
 -178405
 -169473
 -157171
 -129300
  -88345
  -26182
   53674
  129842
  171819
  149590
   77138
  -23118
 -138675
 -257731
 -366709
 -456763
 -524672
 -566272
 -576371
 -555350
 -509046
 -442527
 -359216
 -265279
 -171033
  -84442
   -9261
   49563
   86225
   99536
   92304
   64867
   18674
  -39644
 -103075
 -169393
 -235066
 -293067
 -338563
 -371737
 -391719
 -395280
 -382580
 -357733
 -324741
 -284287
 -237199
 -188721
 -144775
 -107616
  -77042
  -55572
  -46254
  -47718
  -57039
  -74799
 -100859
 -131274
 -162851
 -195701
 -227315
 -253281
 -273467
 -288517
 -295714
 -293266
 -283869
 -268859
 -246902
 -219517
 -191479
 -165394
 -140600
 -118250
 -101637
  -93985
  -94427
  -99758
 -109833
 -126482
 -148624
 -171738
 -193653
 -215176
 -235672
 -251142
 -259606
 -263535
 -262615
 -254473
 -241085
 -226095
 -209514
 -190475
 -173164
 -159834
 -148766
 -140035
 -136238
 -136827
 -139304
 -143907
 -152686
 -163973
 -174258
 -183932
 -194855
 -205324
 -211727
 -214110
 -215215
 -216165
 -214738
 -209342
 -201954
 -195257
 -188401
 -179467
 -170155
 -163575
 -159300
 -154854
 -151740
 -153404
 -159342
 -165976
 -172842
 -182295
 -193596
 -202928
 -209739
 -216352
 -222023
 -223534
 -221486
 -218941
 -215688
 -209191
 -200689
 -193082
 -187159
 -180671
 -175993
 -175573
 -174262
 -174216
 -177422
 -182658
 -187973
 -190351
 -190244
 -190393
 -192384
 -193449
 -191206
 -187721
 -186196
 -187195
 -187999
 -183454
 -178402
 -177223
 -179388
 -180973
 -184079
 -187740
 -189169
 -186378
 -185641
 -186838
 -183130
 -177777
 -174663
 -173950
 -172453
 -169900
 -169542
 -172038
 -174338
 -175492
 -178338
 -183494
 -188151
 -191821
 -196729
 -204296
 -211779
 -215990
 -218294
 -220875
 -222228
 -219830
 -215166
 -211042
 -206891
 -200071
 -192214
 -186276
 -181176
 -174536
 -168676
 -165888
 -164661
 -163088
 -162933
 -166100
 -170900
 -174791
 -179261
 -185667
 -191757
 -195708
 -200068
 -205444
 -208960
 -209671
 -210420
 -212323
 -212377
 -208958
 -204733
 -201593
 -197563
 -190714
 -183630
 -179608
 -177521
 -175115
 -173757
 -175927
 -180546
 -184405
 -188237
 -193940
 -200264
 -204096
 -206606
 -209675
 -211328
 -209677
 -207334
 -206169
 -204283
 -199985
 -195717
 -192939
 -189273
 -183618
 -179128
 -176978
 -174726
 -171633
 -170303
 -171664
 -173185
 -173312
 -174684
 -178753
 -183006
 -185902
 -189957
 -195523
 -199309
 -200055
 -200894
 -203001
 -203639
 -202113
 -201438
 -201937
 -201078
 -198934
 -198474
 -199340
 -198452
 -196279
 -195970
 -197796
 -198373
 -196601
 -194390
 -194197
 -195096
 -193870
 -190517
 -187897
 -187959
 -188380
 -187270
 -185982
 -185063
 -184324
 -183322
 -182761
 -184015
 -187660
 -189727
 -187808
 -185960
 -186834
 -188420
 -189052
 -190723
 -195853
 -201869
 -204386
 -204769
 -205417
 -205181
 -202221
 -199322
 -198364
 -197203
 -194259
 -191899
 -192350
 -194027
 -194442
 -194947
 -197693
 -201340
 -202830
 -202808
 -204081
 -206522
 -206914
 -204767
 -203238
 -203352
 -202030
 -198025
 -194739
 -193709
 -192484
 -189787
 -188424
 -190234
 -192241
 -191904
 -192176
 -194484
 -195480
 -194054
 -193981
 -198688
 -206757
 -214010
 -222422
 -229942
 -230863
 -225286
 -216791
 -206958
 -193407
 -176840
 -163801
 -155661
 -149855
 -146160
 -147223
 -152130
 -157652
 -164461
 -174434
 -185932
 -195462
 -204028
 -213430
 -221395
 -224824
 -225541
 -225535
 -222974
 -216146
 -207792
 -200465
 -192877
 -183454
 -174881
 -169607
 -166335
 -163295
 -162953
 -166981
 -172721
 -177935
 -184606
 -193303
 -200946
 -206057
 -211131
 -215916
 -217558
 -216192
 -214724
 -213105
 -208810
 -203129
 -198858
 -195378
 -190323
 -185228
 -183161
 -183481
 -183131
 -182784
 -184986
 -189288
 -192587
 -194895
 -198644
 -203380
 -206024
 -207205
 -209305
 -211447
 -210879
 -208719
 -207284
 -205610
 -201417
 -196684
 -193669
 -190847
 -186368
 -182687
 -180978
 -179356
 -177114
 -177184
 -180341
 -183685
 -186578
 -191355
 -197734
 -202780
 -205518
 -208109
 -210530
 -210061
 -207295
 -205374
 -204052
 -200556
 -195980
 -193327
 -191996
 -189618
 -187329
 -187614
 -189510
 -190196
 -190482
 -192176
 -193751
 -192610
 -190539
 -189815
 -189004
 -186155
 -183410
 -182701
 -182060
 -179675
 -178089
 -178597
 -178794
 -178124
 -179271
 -182070
 -183644
 -184211
 -186419
 -189945
 -192010
 -193399
 -196526
 -200151
 -201585
 -201961
 -203528
 -204975
 -203708
 -201021
 -198885
 -196247
 -190943
 -185068
 -181626
 -178803
 -174237
 -170566
 -170936
 -173810
 -175994
 -178717
 -184013
 -190170
 -194363
 -198004
 -203442
 -208892
 -211683
 -213618
 -216434
 -217992
 -216243
 -213935
 -212940
 -211159
 -207236
 -203801
 -201819
 -198854
 -194777
 -192651
 -192958
 -192891
 -191583
 -191070
 -192955
 -194979
 -194534
 -192936
 -192990
 -194401
 -194005
 -191880
 -190666
 -190772
 -189455
 -186201
 -184717
 -186397
 -188620
 -190277
 -193291
 -197590
 -198830
 -196291
 -195493
 -194074
 -187899
 -180926
 -177846
 -181433
 -189106
 -189863
 -184631
 -173344
 -150453
 -122587
 -105705
  -98298
  -99483
 -103875
 -104833
  -95404
  -83352
  -72579
  -59346
  -41926
  -16701
    8304
   26862
   34509
   30950
   20066
      79
  -33950
  -79157
 -128115
 -177163
 -223957
 -263473
 -291607
 -309325
 -318759
 -319040
 -307047
 -284748
 -256953
 -225497
 -190699
 -156690
 -128454
 -106976
  -91038
  -82933
  -84471
  -93635
 -107520
 -129725
 -162431
 -190843
 -209129
 -223300
 -234430
 -240089
 -237870
 -231703
 -224780
 -216382
 -205334
 -194271
 -186033
 -179192
 -171855
 -166327
 -164198
 -163531
 -162616
 -163542
 -167575
 -172251
 -175770
 -179934
 -185194
 -189199
 -194502
 -211323
 -233812
 -246511
 -247154
 -238516
 -223622
 -204848
 -181687
 -155861
 -130934
 -106999
  -84900
  -68384
  -60607
  -60503
  -67489
  -83110
 -111671
 -148948
 -180839
 -207675
 -234482
 -259280
 -276235
 -284261
 -281785
 -264072
 -241359
 -219239
 -196331
 -171064
 -146353
 -126029
 -110428
  -97893
  -90436
  -90538
  -97021
 -106811
 -120155
 -138492
 -159790
 -180250
 -198627
 -214661
 -225998
 -231072
 -232676
 -231583
 -225416
 -214113
 -201473
 -188519
 -173398
 -156338
 -141165
 -129820
 -120468
 -113615
 -112354
 -116667
 -123122
 -131064
 -142220
 -155475
 -167008
 -176158
 -185318
 -194833
 -201955
 -205947
 -208458
 -209533
 -206615
 -200047
 -193144
 -186896
 -178771
 -168833
 -160170
 -154185
 -148872
 -144072
 -142681
 -145015
 -148277
 -151668
 -157416
 -165391
 -171871
 -175745
 -179530
 -184453
 -187928
 -188667
 -189092
 -189986
 -189016
 -185488
 -181899
 -179440
 -175824
 -170344
 -165001
 -161289
 -157923
 -153970
 -152371
 -154193
 -156457
 -158135
 -162284
 -169508
 -175916
 -179407
 -182100
 -185729
 -188206
 -187617
 -186272
 -185667
 -183824
 -179621
 -175487
 -172887
 -169892
 -164841
 -160679
 -159980
 -160317
 -159493
 -159694
 -161846
 -162984
 -162345
 -163414
 -167334
 -170727
 -171679
 -173775
 -178840
 -182546
 -182498
 -182185
 -182815
 -182168
 -179908
 -178003
 -177578
 -175548
 -171130
 -167441
 -165541
 -163192
 -160153
 -159268
 -160906
 -162118
 -162374
 -163690
 -166419
 -167905
 -168112
 -170129
 -174129
 -177155
 -179497
 -183787
 -189075
 -192112
 -193701
 -196061
 -198087
 -197131
 -194329
 -192246
 -190181
 -185906
 -181110
 -178225
 -176121
 -172309
 -168741
 -168094
 -169126
 -169482
 -170737
 -174862
 -179907
 -183166
 -186460
 -190735
 -193344
 -192599
 -190723
 -188418
 -183573
 -176770
 -171347
 -167420
 -162682
 -158363
 -157047
 -157842
 -157620
 -157695
 -160869
 -166196
 -170506
 -174260
 -179752
 -185149
 -187566
 -187961
 -188905
 -190326
 -188989
 -185214
 -182193
 -179800
 -175258
 -170060
 -168994
 -171152
 -171652
 -170422
 -170484
 -171443
 -170539
 -168870
 -168798
 -169100
 -167617
 -166507
 -167643
 -169108
 -169095
 -169763
 -172181
 -173801
 -173300
 -172619
 -173098
 -172922
 -170563
 -168343
 -167598
 -166509
 -163856
 -161965
 -162740
 -164090
 -163780
 -163976
 -166042
 -168105
 -169285
 -171805
 -175641
 -177928
 -179670
 -182748
 -185923
 -187332
 -189105
 -192708
 -195567
 -195663
 -195085
 -195452
 -195191
 -192234
 -188310
 -185379
 -181963
 -176278
 -170022
 -165975
 -163588
 -159786
 -155740
 -154404
 -155528
 -156439
 -157739
 -161820
 -167668
 -171911
 -175101
 -179304
 -183528
 -185032
 -185593
 -187466
 -188871
 -187476
 -184962
 -184131
 -183950
 -181791
 -179237
 -178291
 -177748
 -176009
 -175253
 -176916
 -178703
 -178964
 -179852
 -182154
 -183380
 -182474
 -181928
 -182383
 -181334
 -178519
 -176724
 -176451
 -174953
 -171520
 -169084
 -168201
 -165861
 -162067
 -159831
 -159360
 -158153
 -156710
 -157672
 -160382
 -161977
 -163396
 -166830
 -170948
 -173022
 -174974
 -178672
 -182371
 -183891
 -184968
 -187306
 -188652
 -187298
 -185864
 -185470
 -183708
 -180103
 -177858
 -177207
 -175087
 -171340
 -169169
 -169530
 -169645
 -169651
 -171060
 -172606
 -172545
 -173077
 -175653
 -178230
 -178700
 -178580
 -178894
 -177556
 -174079
 -171579
 -171365
 -170990
 -169319
 -169063
 -171234
 -173143
 -174188
 -176482
 -179859
 -181326
 -181184
 -182022
 -183323
 -182794
 -181290
 -181349
 -182150
 -180544
 -178404
 -177911
 -177438
 -175847
 -175618
 -177111
 -177937
 -178822
 -182061
 -183164
 -178723
 -172353
 -167053
 -155623
 -130990
  -97065
  -53600
   -3830
   29891
   15776
  -43651
 -117047
 -186814
 -245850
 -286313
 -300573
 -299534
 -301102
 -303856
 -299026
 -297626
 -301972
 -295600
 -274676
 -243821
 -209199
 -174295
 -140027
 -108533
  -82553
  -63233
  -50616
  -48380
  -61458
  -87263
 -115242
 -143700
 -172595
 -198117
 -217509
 -231943
 -241888
 -245986
 -246049
 -244066
 -238523
 -227478
 -214398
 -202752
 -191365
 -178690
 -164219
 -146767
 -135313
 -128625
 -123956
 -123195
 -125591
 -132096
 -149179
 -175462
 -205396
 -232801
 -255443
 -270386
 -273330
 -265612
 -251273
 -231616
 -206335
 -179393
 -154607
 -132109
 -112484
  -99200
  -93324
  -91498
  -93524
 -104636
 -124063
 -144518
 -164501
 -184697
 -203679
 -218810
 -231560
 -241008
 -244600
 -241503
 -234388
 -225016
 -212159
 -196593
 -182290
 -170459
 -159001
 -147932
 -140266
 -133937
 -114044
  -82454
  -58273
  -57888
  -71943
  -97186
 -128809
 -164825
 -201342
 -235707
 -273808
 -311404
 -336131
 -358924
 -362635
 -331403
 -265107
 -177962
 -100169
  -42262
    4694
   32908
   43365
   45051
   33227
    4102
  -43067
 -112018
 -204343
 -294905
 -364263
 -407178
 -425045
 -428806
 -419727
 -392172
 -348112
 -292530
 -227297
 -158873
  -98277
  -50254
  -13122
   11899
   20399
   12890
   -7084
  -36471
  -74282
 -118188
 -163805
 -208862
 -258205
 -323389
 -398748
 -453350
 -479291
 -479389
 -446131
 -375563
 -284525
 -193953
 -120695
  -66271
  -22143
   14395
   40034
   50025
   43828
   24885
   -4878
  -45680
  -94654
 -145623
 -195318
 -239169
 -265757
 -268023
 -249842
 -226482
 -189328
 -149187
 -129834
 -119072
 -106010
  -95618
  -95496
 -109832
 -137378
 -168942
 -198346
 -224983
 -249576
 -280623
 -337866
 -421562
 -499413
 -547705
 -556007
 -521299
 -439691
 -328517
 -209519
  -96262
    6479
   94326
  157238
  188741
  190824
  163189
  105442
   29082
  -52567
 -134338
 -213082
 -283082
 -340111
 -384147
 -410379
 -412094
 -389389
 -349311
 -299870
 -244988
 -189938
 -143514
 -109515
  -89062
  -83415
  -89346
  -98210
 -106104
 -114283
 -122445
 -130416
 -139721
 -152046
 -166202
 -178861
 -189923
 -200893
 -210668
 -216559
 -219408
 -221144
 -220559
 -215444
 -207581
 -199761
 -191413
 -180523
 -168884
 -159582
 -152218
 -144533
 -137829
 -134887
 -135086
 -136169
 -139891
 -148147
 -158955
 -169253
 -179971
 -191799
 -202405
 -209654
 -215127
 -219524
 -220526
 -217480
 -213251
 -208342
 -201083
 -192919
 -186785
 -182447
 -177504
 -173189
 -171583
 -171061
 -169290
 -168053
 -169240
 -170992
 -170984
 -170744
 -171778
 -172641
 -172377
 -173076
 -175339
 -176839
 -177068
 -178768
 -181949
 -183456
 -182393
 -180840
 -180929
 -181189
 -179689
 -178504
 -180199
 -183136
 -182713
 -181799
 -182617
 -182989
 -182342
 -183016
 -184956
 -185203
 -184039
 -184400
 -185818
 -185790
 -185280
 -186234
 -187174
 -186219
 -185464
 -186307
 -186333
 -184438
 -182978
 -182596
 -181522
 -179563
 -176609
 -173101
 -169167
 -163955
 -159661
 -158064
 -157125
 -155140
 -154016
 -155906
 -159683
 -162704
 -166166
 -172359
 -179959
 -186025
 -190757
 -196022
 -200984
 -202860
 -202533
 -201893
 -199686
 -194600
 -189556
 -186351
 -183016
 -178430
 -175017
 -173420
 -170989
 -166919
 -163919
 -163017
 -161902
 -160371
 -161011
 -163637
 -165686
 -167670
 -172066
 -178261
 -183407
 -187759
 -193471
 -199532
 -202590
 -203225
 -204278
 -205456
 -203803
 -199209
 -194104
 -190126
 -185218
 -178077
 -170973
 -166193
 -162269
 -157189
 -153689
 -153561
 -154257
 -154165
 -155553
 -159584
 -163746
 -166880
 -171252
 -177105
 -182250
 -185209
 -186888
 -188806
 -189303
 -189746
 -191853
 -194326
 -194930
 -194345
 -193526
 -190854
 -185724
 -181300
 -178933
 -176399
 -172996
 -172505
 -174998
 -174724
 -172145
 -170539
 -172060
 -174851
 -175906
 -176747
 -179009
 -181180
 -181071
 -179948
 -180186
 -180588
 -178987
 -176565
 -175065
 -173191
 -168940
 -164288
 -161892
 -160922
 -159848
 -159994
 -162784
 -166115
 -167918
 -170492
 -175316
 -180051
 -182781
 -185371
 -189339
 -192306
 -192611
 -192677
 -193590
 -192952
 -189519
 -185656
 -183047
 -179682
 -174708
 -170981
 -169837
 -169192
 -168140
 -169233
 -172034
 -172642
 -170374
 -167388
 -164820
 -161033
 -157240
 -156126
 -156440
 -156470
 -158258
 -162890
 -167923
 -172583
 -179115
 -186336
 -191382
 -195352
 -200879
 -206232
 -207822
 -205964
 -203896
 -200935
 -193993
 -185796
 -179296
 -173687
 -167404
 -163029
 -161608
 -160166
 -159027
 -161303
 -166115
 -170642
 -175041
 -180704
 -185736
 -187885
 -188816
 -190209
 -190560
 -188180
 -185210
 -183831
 -182629
 -179234
 -174741
 -171939
 -170197
 -166721
 -163071
 -162082
 -162020
 -160614
 -158988
 -159666
 -162216
 -163627
 -164708
 -168012
 -173036
 -177064
 -180199
 -184825
 -190256
 -192752
 -192887
 -193279
 -193133
 -190258
 -186084
 -183297
 -181258
 -177406
 -173539
 -173542
 -176513
 -176907
 -175332
 -172752
 -169852
 -165924
 -158986
 -151012
 -144264
 -140803
 -139177
 -136701
 -136146
 -140929
 -151218
 -163570
 -174784
 -184636
 -194500
 -205560
 -215271
 -221157
 -225890
 -233261
 -239050
 -235507
 -222572
 -206206
 -189307
 -171842
 -155469
 -144162
 -138523
 -134421
 -132398
 -135808
 -143086
 -148715
 -152563
 -158920
 -166660
 -172503
 -177305
 -182344
 -186337
 -188394
 -189870
 -191003
 -189075
 -184363
 -180444
 -178500
 -175883
 -171544
 -166887
 -164768
 -166032
 -167739
 -168018
 -167837
 -169526
 -174011
 -178373
 -180538
 -182004
 -184913
 -188030
 -188073
 -185656
 -183873
 -182628
 -179145
 -174576
 -171873
 -170516
 -167613
 -164063
 -162576
 -162842
 -162474
 -163021
 -166759
 -171690
 -174862
 -178072
 -183216
 -188259
 -190453
 -191213
 -193132
 -195579
 -195306
 -191811
 -186522
 -182058
 -179017
 -175107
 -169508
 -164738
 -162916
 -161986
 -159927
 -158465
 -159999
 -163400
 -165749
 -168289
 -172983
 -178358
 -181928
 -185536
 -190616
 -194753
 -196240
 -197192
 -198238
 -196835
 -193196
 -189965
 -186776
 -181310
 -174713
 -170108
 -167446
 -163792
 -157547
 -150560
 -147440
 -147798
 -148779
 -151041
 -157013
 -164811
 -170579
 -174823
 -180318
 -187333
 -192551
 -194661
 -196040
 -197137
 -196647
 -194020
 -190720
 -187490
 -182320
 -175241
 -169027
 -164607
 -158871
 -151631
 -147964
 -149174
 -152116
 -154995
 -159687
 -166704
 -172723
 -176542
 -180336
 -184574
 -186724
 -185749
 -183697
 -182843
 -181833
 -178350
 -173347
 -169818
 -168593
 -166966
 -164227
 -162496
 -163830
 -166602
 -167826
 -168348
 -170675
 -174565
 -176746
 -176984
 -178149
 -181823
 -185668
 -187150
 -187442
 -186541
 -180741
 -170870
 -162453
 -157297
 -153664
 -151820
 -154975
 -164785
 -177483
 -186442
 -193963
 -200375
 -201175
 -198629
 -195829
 -191408
 -182552
 -172246
 -164994
 -160695
 -157046
 -154564
 -155208
 -156628
 -154892
 -152150
 -152954
 -157837
 -163508
 -169039
 -176351
 -185076
 -192007
 -196493
 -200685
 -204412
 -204797
 -202292
 -199772
 -196789
 -191283
 -184938
 -180287
 -176287
 -170608
 -164833
 -161106
 -158253
 -154420
 -151725
 -151806
 -152918
 -153885
 -156912
 -162908
 -169128
 -173306
 -177218
 -182370
 -186769
 -188063
 -187997
 -189004
 -189449
 -187110
 -183554
 -180986
 -178493
 -173804
 -168254
 -164727
 -162263
 -159358
 -160191
 -163936
 -167753
 -169666
 -171530
 -174878
 -177636
 -177766
 -177311
 -177751
 -177712
 -177988
 -181964
 -189315
 -195630
 -198420
 -199800
 -199883
 -195294
 -187502
 -180146
 -173759
 -166095
 -157364
 -149477
 -138164
 -125944
 -121931
 -126248
 -136522
 -148303
 -159478
 -171383
 -184153
 -194582
 -201076
 -206027
 -210041
 -210440
 -206512
 -200899
 -195357
 -187876
 -177635
 -168032
 -161082
 -155138
 -150315
 -147881
 -147408
 -148053
 -150253
 -155920
 -164020
 -171545
 -179112
 -188511
 -197591
 -203406
 -207142
 -210627
 -212902
 -211210
 -206133
 -200815
 -196498
 -190693
 -182482
 -174476
 -168948
 -164318
 -158916
 -154405
 -152926
 -153571
 -153762
 -154884
 -159110
 -164996
 -169644
 -173963
 -180146
 -187502
 -193635
 -197286
 -199782
 -201380
 -199822
 -196592
 -194024
 -191007
 -185671
 -179951
 -176100
 -172780
 -167561
 -162887
 -160958
 -159822
 -157701
 -156913
 -159294
 -162577
 -164948
 -168503
 -173490
 -176982
 -178888
 -181058
 -182595
 -181569
 -180015
 -179482
 -179002
 -177705
 -177111
 -177744
 -177486
 -175554
 -174721
 -176272
 -177544
 -176451
 -173688
 -170587
 -169265
 -169961
 -169624
 -166955
 -164522
 -165284
 -167358
 -168034
 -168598
 -171223
 -174431
 -175317
 -175392
 -177360
 -179315
 -178432
 -177090
 -177774
 -178639
 -177379
 -176020
 -176997
 -179295
 -179938
 -180348
 -182187
 -183506
 -182106
 -179429
 -177713
 -175568
 -170802
 -165625
 -162810
 -161641
 -159381
 -157155
 -157632
 -159730
 -160877
 -162248
 -166162
 -171493
 -174810
 -176470
 -178831
 -181991
 -183392
 -181236
 -177168
 -175014
 -172379
 -169229
 -168973
 -170516
 -170685
 -171879
 -179077
 -191095
 -204216
 -213241
 -216541
 -217098
 -213741
 -205181
 -194378
 -183376
 -170994
 -157582
 -146884
 -140991
 -136023
 -129624
 -126026
 -127397
 -132517
 -140531
 -152063
 -166285
 -179443
 -189047
 -196217
 -202914
 -206891
 -204696
 -199526
 -196179
 -191514
 -183171
 -173590
 -165050
 -156705
 -148057
 -142283
 -141217
 -142749
 -145002
 -149508
 -157387
 -166325
 -173301
 -179457
 -186851
 -193708
 -197187
 -194395
 -179370
 -165300
 -156384
 -153420
 -156799
 -163445
 -170028
 -177773
 -187868
 -197012
 -202716
 -206528
 -211128
 -215681
 -216972
 -215835
 -213498
 -208194
 -198579
 -187194
 -175975
 -164212
 -151101
 -140716
 -136562
 -136995
 -138762
 -142329
 -149287
 -157497
 -163836
 -169915
 -177686
 -185092
 -189473
 -192704
 -196089
 -197113
 -194684
 -191800
 -189401
 -184863
 -178453
 -173076
 -168660
 -163159
 -157338
 -154344
 -154186
 -154062
 -154492
 -157678
 -162505
 -166574
 -170668
 -179858
 -196905
 -212067
 -222118
 -228894
 -232233
 -229843
 -222445
 -213286
 -202934
 -189156
 -173144
 -158656
 -147063
 -136566
 -127479
 -123009
 -123902
 -127579
 -135957
 -148112
 -159631
 -163881
 -165245
 -172681
 -182073
 -188017
 -190899
 -193998
 -197506
 -198415
 -196465
 -193978
 -189015
 -179709
 -168879
 -161305
 -156866
 -148354
 -131963
 -120381
 -115998
 -114578
 -114701
 -120275
 -132142
 -146403
 -161619
 -179271
 -198380
 -214913
 -227580
 -237246
 -242844
 -241997
 -235460
 -226273
 -215198
 -200767
 -184227
 -169311
 -157073
 -145596
 -135249
 -128989
 -127992
 -129164
 -132865
 -140850
 -151483
 -162430
 -171840
 -180916
 -190689
 -198214
 -202533
 -205970
 -208999
 -209673
 -208086
 -205764
 -202942
 -196994
 -188272
 -180152
 -173684
 -166618
 -159079
 -154025
 -151650
 -149327
 -147383
 -148603
 -153010
 -157686
 -162606
 -169917
 -178748
 -185599
 -189845
 -193731
 -197395
 -198157
 -195770
 -193078
 -190248
 -184828
 -177299
 -170102
 -163314
 -155767
 -149069
 -146474
 -147720
 -150520
 -155239
 -162412
 -169481
 -173279
 -174556
 -174069
 -172514
 -169568
 -166981
 -166991
 -168428
 -169205
 -170450
 -173161
 -175411
 -175332
 -175839
 -179104
 -182289
 -182590
 -182333
 -182926
 -181960
 -178413
 -175123
 -173319
 -170693
 -166597
 -163714
 -162417
 -160171
 -156863
 -155351
 -156583
 -157934
 -158830
 -161249
 -164770
 -166351
 -166420
 -167869
 -170813
 -172842
 -174105
 -177182
 -181434
 -183304
 -183496
 -185217
 -187793
 -188209
 -186549
 -184264
 -180621
 -173801
 -166878
 -162634
 -159162
 -155324
 -153663
 -155486
 -158773
 -161759
 -166337
 -172155
 -176900
 -180879
 -185244
 -188248
 -187686
 -186058
 -185847
 -185420
 -182663
 -179116
 -177276
 -176016
 -172763
 -168822
 -167189
 -167619
 -167124
 -166270
 -167247
 -168928
 -168878
 -168470
 -169675
 -171138
 -170778
 -170003
 -170008
 -169299
 -167207
 -166378
 -166490
 -164283
 -160781
 -159959
 -161989
 -164216
 -166205
 -169851
 -174370
 -175277
 -172608
 -170826
 -168235
 -161869
 -154990
 -151380
 -150923
 -151418
 -154879
 -162251
 -170335
 -176066
 -181118
 -187002
 -191119
 -191851
 -191984
 -192763
 -191771
 -187479
 -182404
 -177907
 -172082
 -164563
 -158646
 -155650
 -153298
 -151662
 -153283
 -157335
 -160922
 -164289
 -169223
 -174348
 -177075
 -178859
 -181513
 -183500
 -183184
 -182769
 -183083
 -182310
 -180115
 -179239
 -180368
 -181086
 -180484
 -180343
 -181055
 -180104
 -176989
 -174475
 -173544
 -171884
 -169352
 -168364
 -168573
 -167614
 -166043
 -166437
 -167902
 -165948
 -162615
 -163084
 -166222
 -168176
 -170599
 -176369
 -184188
 -190117
 -193369
 -195946
 -197078
 -193929
 -187872
 -182021
 -176173
 -169089
 -162861
 -159616
 -158038
 -155807
 -154182
 -154902
 -156143
 -156782
 -159034
 -162269
 -162899
 -161977
 -163539
 -168057
 -171786
 -174094
 -177191
 -180754
 -182166
 -181827
 -181894
 -181455
 -178328
 -174288
 -171804
 -169511
 -165200
 -161277
 -160125
 -159974
 -159205
 -160161
 -163962
 -168235
 -171269
 -175055
 -179895
 -182869
 -183640
 -184928
 -187300
 -188058
 -186970
 -186037
 -185056
 -181593
 -177014
 -174297
 -172226
 -167873
 -163072
 -160741
 -159902
 -158557
 -158499
 -161337
 -164777
 -166684
 -169300
 -173541
 -176469
 -176697
 -177119
 -178821
 -178815
 -177406
 -177862
 -180351
 -181452
 -181010
 -181492
 -182188
 -180975
 -179127
 -178395
 -177690
 -174899
 -172039
 -171559
 -171916
 -171283
 -171435
 -173433
 -174490
 -172242
 -169902
 -168813
 -166749
 -163893
 -162963
 -163871
 -164489
 -164655
 -166545
 -169299
 -170734
 -171928
 -173977
 -175322
 -173781
 -171143
 -169581
 -167831
 -164856
 -163072
 -164017
 -165779
 -166453
 -168052
 -170761
 -171758
 -171045
 -172355
 -176122
 -178642
 -179220
 -179998
 -180094
 -177251
 -173283
 -169988
 -166458
 -163033
 -163492
 -167933
 -171596
 -173595
 -176073
 -178230
 -177687
 -176197
 -175865
 -175113
 -172163
 -169178
 -168140
 -167110
 -164832
 -163669
 -164186
 -164253
 -163424
 -164549
 -168268
 -171465
 -173489
 -176692
 -180838
 -182930
 -183132
 -183869
 -184555
 -183002
 -180446
 -178980
 -177779
 -174730
 -171834
 -170839
 -169795
 -167543
 -166874
 -169068
 -171155
 -171679
 -173191
 -176420
 -179327
 -182278
 -186948
 -191588
 -193513
 -194350
 -195734
 -195629
 -192519
 -188966
 -186425
 -183143
 -178642
 -175677
 -174352
 -171401
 -167120
 -164827
 -164295
 -163041
 -161940
 -162535
 -163410
 -163109
 -163618
 -166744
 -170349
 -172345
 -174917
 -178796
 -181229
 -182027
 -183346
 -184707
 -183765
 -181889
 -181973
 -182607
 -180855
 -178155
 -177309
 -177344
 -175207
 -171433
 -168568
 -167475
 -165773
 -163002
 -161506
 -163411
 -167371
 -170360
 -173100
 -177442
 -181830
 -183189
 -182858
 -183189
 -183267
 -180570
 -177007
 -175194
 -173917
 -171270
 -169334
 -169776
 -170714
 -170337
 -170573
 -172208
 -172635
 -170790
 -169165
 -169281
 -169062
 -168039
 -168663
 -170996
 -172333
 -172018
 -172311
 -174553
 -176199
 -176462
 -177691
 -179983
 -180549
 -179597
 -179881
 -180973
 -179870
 -177149
 -175697
 -175373
 -173647
 -171516
 -170983
 -170638
 -168429
 -165991
 -165292
 -164946
 -163459
 -162977
 -164804
 -166925
 -167520
 -168991
 -173239
 -178115
 -181556
 -185463
 -190717
 -194082
 -194166
 -193306
 -193128
 -191400
 -186876
 -182275
 -179004
 -175279
 -170881
 -168883
 -169256
 -169113
 -168234
 -169278
 -172414
 -174161
 -173215
 -172041
 -172308
 -172356
 -171797
 -173177
 -176412
 -178435
 -179991
 -183588
 -188023
 -189927
 -189883
 -189867
 -189007
 -185415
 -180948
 -177719
 -174556
 -169334
 -163955
 -161191
 -159567
 -156846
 -155131
 -156286
 -158879
 -161086
 -164868
 -170887
 -175921
 -179032
 -182724
 -187836
 -191481
 -192172
 -191793
 -191294
 -188994
 -184724
 -181084
 -178822
 -175322
 -170712
 -167656
 -166559
 -164855
 -162370
 -161651
 -162762
 -162702
 -161820
 -162586
 -165154
 -166926
 -168306
 -171770
 -175110
 -175291
 -174493
 -174606
 -174428
 -173261
 -172795
 -172900
 -171613
 -169548
 -169440
 -171138
 -171510
 -171329
 -173734
 -177693
 -179260
 -180051
 -183087
 -187014
 -188440
 -188033
 -188222
 -187995
 -184126
 -176872
 -170213
 -165445
 -160221
 -156454
 -155685
 -155500
 -154407
 -155014
 -159687
 -165111
 -167658
 -168756
 -170398
 -171397
 -171763
 -173121
 -173873
 -175177
 -176638
 -174985
 -170741
 -166635
 -166339
 -168984
 -170345
 -169073
 -165462
 -159572
 -149246
 -132425
 -112197
  -93515
  -78259
  -65405
  -56783
  -56320
  -64346
  -77837
  -96332
 -120765
 -148904
 -176509
 -202955
 -229893
 -255256
 -274434
 -285840
 -290656
 -289101
 -278431
 -258441
 -233023
 -206536
 -179758
 -152000
 -126061
 -106079
  -93758
  -86735
  -83865
  -86760
  -97163
 -113649
 -131981
 -150153
 -168917
 -189495
 -209626
 -225026
 -233905
 -238661
 -240336
 -236536
 -227637
 -217080
 -206665
 -194701
 -181439
 -170881
 -164046
 -157417
 -148848
 -141894
 -140083
 -141705
 -146126
 -155617
 -167623
 -177574
 -184883
 -191426
 -199111
 -205165
 -208259
 -210361
 -212628
 -212750
 -208925
 -203265
 -197768
 -191380
 -182645
 -174091
 -168533
 -164392
 -159464
 -156348
 -157122
 -160600
 -164154
 -168436
 -174752
 -180651
 -183389
 -184922
 -186983
 -187613
 -185480
 -183157
 -181749
 -179414
 -175023
 -170274
 -167442
 -164991
 -161503
 -159241
 -160452
 -163266
 -165064
 -167537
 -172786
 -177239
 -178099
 -177986
 -179272
 -181282
 -181468
 -180834
 -181564
 -182814
 -181994
 -180328
 -180268
 -180847
 -179347
 -177680
 -177999
 -178712
 -177582
 -176328
 -176670
 -176515
 -173716
 -170708
 -169742
 -169000
 -167290
 -167255
 -169862
 -172546
 -173913
 -176440
 -180841
 -184020
 -184488
 -184339
 -185430
 -185981
 -183460
 -179890
 -177741
 -175653
 -171489
 -166977
 -164839
 -164389
 -163049
 -162027
 -163328
 -165902
 -167278
 -168771
 -172371
 -176857
 -179643
 -181920
 -185748
 -189565
 -190635
 -191073
 -192141
 -191825
 -188457
 -182900
 -178767
 -176766
 -174209
 -172111
 -172790
 -175144
 -176558
 -177185
 -178895
 -180990
 -181216
 -181259
 -183275
 -184921
 -183695
 -181712
 -181091
 -180272
 -177281
 -174013
 -172736
 -172143
 -170242
 -168376
 -168506
 -168697
 -166335
 -164219
 -165294
 -168797
 -171703
 -174191
 -178246
 -183576
 -187170
 -188745
 -190635
 -193080
 -193581
 -191850
 -190221
 -188781
 -185166
 -180022
 -176098
 -173414
 -170021
 -166609
 -165890
 -167248
 -167471
 -167322
 -169404
 -173150
 -175571
 -177629
 -181419
 -185501
 -187182
 -187628
 -188884
 -189955
 -188304
 -185316
 -183146
 -180469
 -175683
 -171130
 -168930
 -167320
 -164573
 -162955
 -164175
 -165962
 -163665
 -157537
 -152488
 -149469
 -148289
 -151359
 -158861
 -167271
 -174842
 -183432
 -193222
 -201189
 -205881
 -209297
 -212026
 -211643
 -207681
 -203132
 -198619
 -192103
 -184376
 -178391
 -174295
 -169759
 -165885
 -165377
 -167768
 -170219
 -173333
 -178853
 -184994
 -189084
 -191920
 -195254
 -197605
 -196235
 -193012
 -190197
 -186680
 -180779
 -175781
 -172848
 -168936
 -164178
 -161264
 -161672
 -163657
 -164834
 -167251
 -172258
 -177514
 -181376
 -185812
 -191244
 -194666
 -195238
 -195298
 -194963
 -192103
 -188207
 -185452
 -182676
 -178208
 -174116
 -172807
 -173316
 -173238
 -173902
 -176923
 -180309
 -180736
 -178158
 -174742
 -169896
 -163367
 -156840
 -155283
 -161247
 -175202
 -191439
 -200114
 -193793
 -180581
 -166905
 -155326
 -150278
 -155036
 -163384
 -159037
 -144197
 -128182
 -122763
 -129750
 -137560
 -157269
 -185047
 -208127
 -219923
 -197760
 -176057
 -178645
 -191042
 -202940
 -215986
 -230683
 -242308
 -248038
 -250559
 -250701
 -246357
 -235889
 -222416
 -208920
 -193879
 -177782
 -164019
 -153496
 -144724
 -138308
 -136966
 -139751
 -142502
 -146470
 -154900
 -165592
 -174160
 -181836
 -190190
 -197321
 -202538
 -207900
 -214548
 -219786
 -221984
 -222777
 -223098
 -219944
 -212959
 -205520
 -198015
 -179493
 -148478
 -127226
 -118599
 -118269
 -123227
 -133917
 -150532
 -166935
 -180986
 -194882
 -209624
 -222910
 -230832
 -233212
 -232353
 -229131
 -221508
 -209194
 -195553
 -183113
 -170954
 -158573
 -148961
 -144091
 -142306
 -138464
 -125572
 -111844
 -102553
  -98659
 -102848
 -115356
 -133842
 -157251
 -184094
 -211277
 -233851
 -247157
 -254028
 -259024
 -260858
 -256643
 -246406
 -230791
 -202431
 -167504
 -143748
 -117477
  -89241
  -73365
  -73229
  -89542
 -105227
 -116636
 -138272
 -170452
 -203223
 -232356
 -254964
 -269628
 -275372
 -272798
 -266375
 -257653
 -244786
 -228713
 -213252
 -198959
 -183972
 -169803
 -157962
 -148538
 -140871
 -135435
 -139142
 -156717
 -195287
 -243545
 -277245
 -292292
 -285630
 -257016
 -211686
 -159558
 -110107
  -71078
  -46912
  -37738
  -43165
  -61629
  -88987
 -120575
 -157617
 -203088
 -261935
 -326115
 -383601
 -418541
 -426763
 -407730
 -373274
 -329280
 -272503
 -206089
 -133735
  -65922
  -10228
   26991
   44368
   43960
   28593
    1628
  -34315
  -78251
 -128133
 -179297
 -229548
 -275673
 -313409
 -338764
 -350555
 -351703
 -340999
 -316566
 -282404
 -242346
 -198496
 -154916
 -117598
  -89588
  -69602
  -57670
  -55980
  -64195
  -79445
 -100715
 -127993
 -158964
 -188861
 -216565
 -242932
 -265740
 -280126
 -286684
 -287701
 -282421
 -269469
 -250977
 -230213
 -207928
 -183562
 -160268
 -141540
 -127539
 -116776
 -111104
 -113103
 -121650
 -133307
 -147661
 -165482
 -184603
 -201016
 -214307
 -225697
 -233514
 -235268
 -232749
 -227749
 -219630
 -207283
 -193562
 -181507
 -170698
 -159769
 -151159
 -146597
 -144641
 -143800
 -146008
 -152091
 -159295
 -166197
 -174612
 -184991
 -194172
 -200408
 -205638
 -210969
 -214369
 -214501
 -213918
 -214299
 -213600
 -209935
 -205418
 -202038
 -197582
 -190709
 -183853
 -177971
 -171122
 -162723
 -156737
 -154378
 -152682
 -152028
 -154709
 -160178
 -165262
 -170226
 -176953
 -184272
 -189326
 -193116
 -197474
 -200762
 -200790
 -199642
 -199690
 -198918
 -195337
 -191171
 -188717
 -186419
 -182010
 -176234
 -171493
 -168691
 -166387
 -165541
 -168344
 -173525
 -177716
 -181471
 -186382
 -191289
 -194052
 -195857
 -198735
 -201405
 -201437
 -200058
 -199216
 -197810
 -193938
 -189890
 -187574
 -185538
 -182763
 -181680
 -183202
 -185027
 -186162
 -189042
 -193257
 -195561
 -196144
 -197689
 -199745
 -199350
 -196966
 -194867
 -192427
 -187218
 -180460
 -174934
 -170243
 -164480
 -159189
 -156896
 -156734
 -156458
 -157205
 -160444
 -164725
 -168403
 -173909
 -181713
 -189004
 -193814
 -198111
 -203564
 -207931
 -208962
 -208171
 -207653
 -206124
 -201737
 -196800
 -193335
 -189921
 -185036
 -181173
 -179594
 -178259
 -177277
 -178732
 -181767
 -184396
 -188104
 -193448
 -198227
 -201196
 -204472
 -208256
 -209533
 -207735
 -205596
 -204896
 -203885
 -200522
 -195344
 -189838
 -186115
 -183924
 -180662
 -176146
 -172820
 -172561
 -173452
 -173322
 -173745
 -176570
 -180221
 -181759
 -182487
 -184247
 -185761
 -184925
 -183535
 -183252
 -182285
 -179648
 -178332
 -179158
 -179617
 -179293
 -180718
 -184387
 -186650
 -186510
 -186766
 -189159
 -191372
 -191503
 -191195
 -193174
 -197101
 -199779
 -200265
 -198671
 -195262
 -188544
 -178073
 -167399
 -160829
 -159508
 -160715
 -163429
 -169331
 -178898
 -188973
 -197064
 -204799
 -212967
 -219009
 -221167
 -221276
 -220311
 -216204
 -208418
 -199992
 -192400
 -183547
 -172901
 -163681
 -157883
 -153840
 -150979
 -151659
 -157647
 -166866
 -175490
 -183223
 -191925
 -201392
 -207573
 -209873
 -210755
 -211761
 -211032
 -207233
 -202795
 -199976
 -197483
 -193069
 -187968
 -184749
 -183338
 -181073
 -178397
 -178182
 -180685
 -183274
 -184954
 -186931
 -190478
 -193948
 -194893
 -193675
 -192305
 -193312
 -195710
 -196266
 -194901
 -194223
 -195380
 -195508
 -193214
 -190724
 -190250
 -190168
 -188179
 -186003
 -185606
 -185935
 -185007
 -184396
 -185949
 -187542
 -187129
 -186809
 -188024
 -188629
 -186951
 -184612
 -183949
 -184210
 -183030
 -180539
 -178828
 -179620
 -180977
 -180425
 -178707
 -177991
 -180058
 -183041
 -184110
 -184186
 -185864
 -189268
 -191474
 -191599
 -191408
 -192814
 -193992
 -192194
 -188085
 -184264
 -181920
 -178821
 -174631
 -172337
 -173437
 -175632
 -177185
 -178595
 -181212
 -184449
 -184517
 -183095
 -184253
 -189217
 -194423
 -198035
 -202172
 -208049
 -213019
 -214443
 -213271
 -212143
 -211935
 -210288
 -205867
 -200323
 -195703
 -191530
 -185459
 -178769
 -174652
 -173178
 -171570
 -169477
 -169379
 -172219
 -175317
 -177389
 -180653
 -186248
 -192107
 -196555
 -201984
 -209151
 -214987
 -217798
 -219290
 -221148
 -221936
 -218528
 -211470
 -203982
 -197605
 -190350
 -181581
 -173643
 -168845
 -166294
 -163279
 -160286
 -159981
 -162564
 -165065
 -166660
 -169339
 -174713
 -180954
 -185590
 -189658
 -195191
 -201349
 -204878
 -205663
 -205966
 -206648
 -205509
 -201662
 -198025
 -196103
 -193925
 -190252
 -187516
 -187131
 -186790
 -185235
 -184698
 -186329
 -188030
 -187784
 -187241
 -188263
 -189123
 -188064
 -187384
 -188509
 -189445
 -188136
 -186147
 -186164
 -188428
 -190185
 -190503
 -190401
 -191997
 -195767
 -198989
 -199408
 -198582
 -199127
 -200960
 -201006
 -198361
 -195192
 -193273
 -190898
 -186537
 -182853
 -181803
 -181441
 -179986
 -179482
 -181522
 -184543
 -185882
 -186961
 -190218
 -194150
 -195785
 -196478
 -198155
 -199784
 -199001
 -196997
 -196534
 -197203
 -195625
 -192795
 -191446
 -191893
 -191650
 -192298
 -193405
 -195668
 -196914
 -189147
 -175542
 -166340
 -162879
 -161436
 -160357
 -162301
 -170846
 -181265
 -189133
 -194007
 -198681
 -201819
 -191826
 -165840
 -133479
 -107509
  -94910
 -101019
 -137647
 -211820
 -312863
 -422731
 -527664
 -618007
 -684998
 -720099
 -716515
 -676230
 -604825
 -505797
 -385406
 -254924
 -126320
   -7542
   96450
  178252
  230612
  251051
  242915
  208985
  150583
   72678
  -15746
 -107663
 -198706
 -282966
 -352609
 -402936
 -434020
 -445748
 -435607
 -404919
 -360826
 -308313
 -249420
 -188676
 -133028
  -87206
  -51536
  -26426
  -15039
  -19342
  -36295
  -62064
  -96127
 -137437
 -181590
 -223134
 -260423
 -293255
 -319128
 -333934
 -338181
 -334728
 -324006
 -304815
 -279775
 -253338
 -226548
 -198063
 -170726
 -148169
 -131160
 -118890
 -113549
 -117381
 -129355
 -145528
 -164420
 -186874
 -210475
 -230846
 -247208
 -261322
 -272699
 -277212
 -274044
 -266363
 -256433
 -242912
 -225462
 -207967
 -193323
 -180781
 -169486
 -162130
 -160557
 -162648
 -166148
 -172522
 -182372
 -192819
 -201892
 -211303
 -220453
 -226202
 -227933
 -228544
 -228944
 -226347
 -220300
 -213727
 -207730
 -200310
 -191282
 -183932
 -179265
 -174959
 -170684
 -169142
 -171264
 -174472
 -178222
 -184876
 -193626
 -201363
 -207966
 -215243
 -222376
 -226210
 -226881
 -226516
 -225329
 -220931
 -212792
 -203736
 -195962
 -188462
 -179975
 -172497
 -168549
 -167141
 -165712
 -165638
 -169344
 -175508
 -181375
 -188456
 -197674
 -206725
 -213244
 -218289
 -223643
 -227634
 -227532
 -224900
 -222087
 -218692
 -212947
 -206956
 -203248
 -200436
 -196371
 -193098
 -192507
 -192848
 -191577
 -190349
 -191137
 -192445
 -192265
 -192382
 -194431
 -196845
 -197652
 -198516
 -201182
 -204038
 -204803
 -205086
 -206287
 -206395
 -203681
 -200543
 -198922
 -197285
 -194149
 -191870
 -191697
 -191263
 -189115
 -188337
 -190068
 -191137
 -190028
 -189074
 -189683
 -190123
 -189693
 -191126
 -194635
 -197074
 -197734
 -198799
 -200311
 -199764
 -196972
 -194554
 -192581
 -189114
 -184732
 -182089
 -180868
 -178036
 -174459
 -173566
 -175298
 -177034
 -180004
 -186534
 -194829
 -200344
 -200171
 -189565
 -169893
 -150928
 -139490
 -138380
 -145697
 -158772
 -175032
 -193743
 -213578
 -231365
 -245578
 -257385
 -265567
 -266176
 -259147
 -247722
 -233408
 -215757
 -196149
 -178251
 -163750
 -151556
 -143515
 -142404
 -147317
 -154531
 -163837
 -176742
 -191772
 -205268
 -216402
 -226512
 -234242
 -236992
 -235645
 -232489
 -228099
 -220058
 -209444
 -199661
 -190412
 -179978
 -170929
 -166509
 -165954
 -166232
 -168050
 -173159
 -180411
 -186815
 -192838
 -200159
 -207183
 -211084
 -213141
 -215574
 -217301
 -215109
 -210324
 -206126
 -202609
 -197491
 -191981
 -188439
 -186013
 -182011
 -177858
 -176097
 -176031
 -175222
 -174979
 -177422
 -181127
 -183210
 -185670
 -190731
 -196272
 -199132
 -200511
 -201585
 -201325
 -198106
 -194518
 -193261
 -192816
 -191061
 -189202
 -188855
 -188073
 -184842
 -181376
 -180264
 -180313
 -178905
 -177986
 -179478
 -182266
 -183748
 -185797
 -190357
 -195815
 -199816
 -202938
 -206959
 -210205
 -210330
 -208870
 -207440
 -205829
 -202524
 -198934
 -197038
 -195644
 -192548
 -189660
 -189360
 -190190
 -189678
 -189891
 -192203
 -194349
 -194145
 -193217
 -193704
 -194116
 -192489
 -191471
 -192482
 -192597
 -191254
 -192542
 -196457
 -198324
 -197660
 -197777
 -198939
 -199166
 -196742
 -193230
 -190573
 -188019
 -185075
 -182456
 -181246
 -181075
 -182224
 -185601
 -191383
 -196714
 -199315
 -201342
 -204421
 -206516
 -205452
 -203708
 -201982
 -198215
 -191609
 -185542
 -181770
 -177926
 -173528
 -171147
 -171922
 -174062
 -175675
 -179330
 -185582
 -191818
 -197488
 -204170
 -211967
 -217765
 -221170
 -224339
 -226187
 -224072
 -219507
 -214649
 -209067
 -199355
 -187019
 -176626
 -168071
 -159228
 -151623
 -148139
 -147956
 -148620
 -152116
 -160085
 -170681
 -180753
 -191044
 -202758
 -213388
 -220007
 -223168
 -224974
 -224661
 -220184
 -213969
 -209241
 -205798
 -201439
 -196156
 -192718
 -190264
 -186768
 -183946
 -182884
 -181958
 -180769
 -187157
 -205898
 -228384
 -246620
 -254661
 -253277
 -243025
 -226475
 -208890
 -192614
 -177038
 -162871
 -152467
 -145927
 -141625
 -140075
 -143892
 -152973
 -163403
 -172584
 -182168
 -193737
 -204703
 -213404
 -220953
 -228629
 -233706
 -234397
 -232714
 -230130
 -224324
 -214224
 -203317
 -192836
 -182255
 -171917
 -165098
 -161523
 -158804
 -157317
 -159824
 -165781
 -172182
 -179262
 -188207
 -198018
 -205685
 -212048
 -219042
 -225519
 -228069
 -226756
 -224208
 -219032
 -208254
 -194637
 -183918
 -176934
 -171660
 -169561
 -171884
 -175768
 -178284
 -181738
 -187029
 -191735
 -194211
 -196670
 -200398
 -202848
 -202560
 -201785
 -202079
 -201583
 -198517
 -194340
 -191444
 -189269
 -185639
 -181379
 -178834
 -177815
 -176725
 -177310
 -180796
 -180829
 -167759
 -151358
 -136348
 -124221
 -114804
 -107842
 -105186
 -106000
 -108625
 -113704
 -122573
 -132848
 -142333
 -155093
 -173276
 -194662
 -214671
 -231333
 -245727
 -257713
 -266197
 -271395
 -274860
 -276132
 -271860
 -262786
 -252051
 -238621
 -221483
 -202105
 -183896
 -170215
 -158399
 -149099
 -145093
 -146530
 -150053
 -154264
 -161264
 -171624
 -182364
 -191236
 -199978
 -209874
 -218539
 -224011
 -227875
 -231721
 -234012
 -232281
 -226973
 -220539
 -213397
 -203732
 -193578
 -185921
 -180174
 -174252
 -169954
 -169322
 -171204
 -173372
 -177024
 -183554
 -190588
 -195469
 -198407
 -200320
 -201678
 -202006
 -202283
 -202141
 -199061
 -193778
 -189433
 -186532
 -183066
 -180258
 -179992
 -181007
 -181319
 -181830
 -184771
 -189683
 -193037
 -194003
 -196221
 -200900
 -203757
 -204965
 -209088
 -213781
 -214688
 -211172
 -205656
 -201644
 -199493
 -196359
 -191806
 -188574
 -187247
 -185379
 -183107
 -182816
 -183737
 -183254
 -182562
 -183778
 -185941
 -187050
 -188486
 -192067
 -196124
 -198430
 -200818
 -205134
 -209117
 -210650
 -211592
 -212940
 -212861
 -210769
 -209497
 -209586
 -207710
 -202329
 -196654
 -193535
 -191490
 -188706
 -189272
 -209040
 -240949
 -256413
 -256440
 -248984
 -236035
 -215831
 -191674
 -170117
 -152374
 -137833
 -129452
 -127968
 -130417
 -136122
 -145942
 -157928
 -168348
 -177180
 -185807
 -192234
 -194938
 -196250
 -196694
 -194859
 -192389
 -191024
 -189002
 -185638
 -183436
 -182164
 -179351
 -176304
 -175332
 -175314
 -174061
 -173409
 -175528
 -178404
 -179853
 -181625
 -184862
 -187724
 -188067
 -187459
 -187790
 -187539
 -186035
 -185598
 -186487
 -186186
 -185491
 -186513
 -187627
 -186693
 -185586
 -186027
 -186140
 -184114
 -182128
 -182207
 -182890
 -182309
 -181978
 -183876
 -186788
 -188128
 -188897
 -191167
 -194194
 -195264
 -194988
 -194883
 -195436
 -194969
 -194058
 -194696
 -195779
 -194951
 -193675
 -193424
 -192666
 -190061
 -188292
 -188508
 -188684
 -187854
 -188172
 -190898
 -193624
 -194720
 -196382
 -199730
 -202151
 -203083
 -204908
 -208127
 -210255
 -210305
 -210526
 -211780
 -211584
 -208719
 -205623
 -204224
 -202370
 -198837
 -196557
 -196567
 -196536
 -195397
 -195189
 -197089
 -198703
 -198903
 -199706
 -202172
 -204502
 -205122
 -205963
 -208090
 -209211
 -207847
 -205823
 -204427
 -201805
 -196987
 -192866
 -191034
 -189664
 -187438
 -186677
 -188792
 -191350
 -193137
 -196509
 -201408
 -204981
 -207150
 -210394
 -213867
 -214629
 -213470
 -212753
 -212022
 -208873
 -204213
 -200778
 -199067
 -196978
 -195606
 -196759
 -198926
 -200876
 -204532
 -209986
 -214388
 -218173
 -223497
 -228649
 -230852
 -229956
 -227873
 -226165
 -223049
 -216281
 -205120
 -192714
 -183834
 -178045
 -173213
 -170155
 -171967
 -177386
 -183504
 -190790
 -200329
 -209554
 -215996
 -221793
 -227812
 -231414
 -232572
 -233807
 -234119
 -231517
 -228302
 -225810
 -221196
 -214323
 -209413
 -206235
 -201559
 -196917
 -194328
 -192078
 -189749
 -189575
 -191071
 -192275
 -195137
 -200042
 -204261
 -207908
 -212416
 -215636
 -216173
 -216421
 -217277
 -216718
 -213730
 -209173
 -204948
 -202759
 -201319
 -198845
 -196606
 -196982
 -199319
 -200710
 -201972
 -204384
 -204549
 -202388
 -199427
 -198135
 -199487
 -201662
 -203188
 -205005
 -208558
 -212621
 -215520
 -217159
 -218854
 -220798
 -220649
 -217868
 -214962
 -213599
 -212000
 -210186
 -208861
 -208065
 -207109
 -204629
 -202014
 -200796
 -199896
 -198049
 -196532
 -196541
 -196631
 -195797
 -195966
 -198164
 -200028
 -200384
 -200982
 -203039
 -204908
 -204604
 -203102
 -203434
 -206163
 -207372
 -205690
 -203677
 -204268
 -205771
 -204812
 -202779
 -202688
 -204374
 -204828
 -203838
 -203684
 -204994
 -205134
 -203542
 -202828
 -203411
 -202796
 -200726
 -200066
 -201209
 -201720
 -201773
 -203685
 -207609
 -211005
 -213359
 -216036
 -219751
 -221750
 -220961
 -220813
 -221762
 -220189
 -215658
 -211281
 -209815
 -207835
 -204220
 -201216
 -199775
 -199981
 -198576
 -196631
 -196790
 -198096
 -198161
 -198467
 -201072
 -204745
 -207230
 -209664
 -213197
 -216135
 -216248
 -215491
 -215882
 -215831
 -213512
 -210818
 -209533
 -207988
 -204299
 -200532
 -198513
 -196697
 -193479
 -191288
 -191286
 -191637
 -190833
 -191080
 -193675
 -196288
 -196579
 -196193
 -196950
 -197511
 -196775
 -197930
 -202000
 -205921
 -208013
 -209571
 -211968
 -213829
 -214442
 -216206
 -218679
 -218976
 -217553
 -216294
 -213689
 -208388
 -203137
 -198682
 -193139
 -187363
 -184401
 -184287
 -184289
 -184104
 -185951
 -190755
 -196249
 -200261
 -204011
 -209316
 -215219
 -218868
 -221017
 -223507
 -223202
 -219021
 -212979
 -207972
 -204720
 -200936
 -195837
 -191671
 -190202
 -189531
 -188528
 -189765
 -193736
 -197523
 -200529
 -204931
 -209913
 -212793
 -214717
 -216846
 -217053
 -214733
 -212669
 -209050
 -195592
 -180365
 -176279
 -190245
 -213526
 -227839
 -236310
 -239200
 -234916
 -226139
 -216233
 -207887
 -200477
 -192144
 -184102
 -178791
 -177438
 -178422
 -180337
 -184447
 -192076
 -201655
 -209721
 -215971
 -222348
 -227773
 -229483
 -228083
 -225979
 -223564
 -218879
 -212798
 -208303
 -205472
 -201752
 -197290
 -194627
 -194134
 -192979
 -190896
 -189854
 -190649
 -191224
 -190601
 -191191
 -193750
 -194275
 -192282
 -192611
 -197796
 -206194
 -214823
 -224253
 -234834
 -243182
 -247540
 -249865
 -250119
 -245979
 -238419
 -230398
 -221826
 -211105
 -200303
 -192718
 -188181
 -184023
 -180136
 -178391
 -179854
 -182308
 -184009
 -186534
 -192078
 -199298
 -204987
 -209818
 -215295
 -220328
 -223032
 -225408
 -228560
 -230158
 -229147
 -228083
 -228294
 -227582
 -224678
 -221955
 -221910
 -222723
 -222164
 -221320
 -221699
 -223133
 -222319
 -217862
 -211781
 -206980
 -203290
 -197864
 -191363
 -187010
 -185614
 -184536
 -182953
 -183033
 -185748
 -189080
 -192671
 -197873
 -204022
 -207313
 -205873
 -205737
 -210543
 -217319
 -225242
 -234885
 -244528
 -248653
 -244548
 -232126
 -213902
 -194805
 -176241
 -155751
 -133026
 -111088
  -93308
  -79064
  -65635
  -53622
  -45573
  -43813
  -48059
  -55275
  -61798
  -66640
  -69001
  -70022
  -67273
  -56793
  -39211
  -19656
    1346
   25074
   47825
   64870
   75781
   83014
   86008
   82084
   69656
   49939
   24638
   -5623
  -40759
  -78258
 -113341
 -141985
 -162990
 -177914
 -184792
 -181901
 -172377
 -160079
 -146229
 -129191
 -111548
  -97426
  -87011
  -78792
  -74615
  -75054
  -77034
  -78037
  -81030
  -87996
  -95485
 -101687
 -108363
 -115353
 -121368
 -129262
 -140715
 -151862
 -157520
 -156494
 -156226
 -155059
 -138549
 -120490
 -113308
 -115635
 -122697
 -132192
 -144873
 -160638
 -175609
 -186066
 -193132
 -198686
 -201343
 -198876
 -193389
 -187644
 -181457
 -173513
 -166080
 -161089
 -157398
 -153341
 -151443
 -153366
 -156922
 -160795
 -167054
 -176085
 -185022
 -191438
 -196965
 -202549
 -206299
 -207643
 -208668
 -210012
 -208814
 -204943
 -201240
 -197763
 -195211
 -193330
 -192257
 -191560
 -188896
 -185516
 -184377
 -189638
 -196792
 -198867
 -199261
 -198787
 -195617
 -190883
 -187503
 -185581
 -183091
 -181315
 -182279
 -184557
 -185484
 -186274
 -179432
 -160367
 -147218
 -143454
 -148598
 -159668
 -173782
 -191239
 -210847
 -227596
 -241512
 -254278
 -263424
 -264168
 -254442
 -238585
 -219746
 -197816
 -174499
 -153149
 -134689
 -119463
 -109849
 -107505
 -111099
 -119462
 -134396
 -157062
 -183608
 -208587
 -231663
 -252056
 -265875
 -273286
 -277906
 -277503
 -266363
 -247294
 -228198
 -211149
 -193901
 -177554
 -167695
 -165150
 -166573
 -171216
 -178290
 -188736
 -203054
 -220031
 -237164
 -251335
 -259698
 -263537
 -265685
 -265875
 -265330
 -265038
 -263425
 -263525
 -270001
 -280767
 -289947
 -296926
 -303021
 -308379
 -317194
 -333860
 -355453
 -377524
 -402829
 -433105
 -464908
 -495378
 -523363
 -548122
 -566862
 -582510
 -599973
 -619187
 -639506
 -662181
 -681308
 -684840
 -667899
 -631603
 -574999
 -497256
 -406984
 -314527
 -224780
 -142534
  -76645
  -32506
  -10079
   -9089
  -32761
  -79998
 -142751
 -212907
 -286490
 -358794
 -422421
 -472425
 -508158
 -528323
 -529345
 -511161
 -478497
 -434750
 -380636
 -321017
 -263762
 -211968
 -166919
 -133220
 -114185
 -108697
 -114952
 -133335
 -161643
 -195567
 -234997
 -280760
 -328487
 -371081
 -405500
 -430597
 -443183
 -440441
 -425934
 -404063
 -374362
 -337155
 -297502
 -258636
 -220731
 -186548
 -160564
 -143481
 -133423
 -130415
 -134889
 -148069
 -168585
 -192528
 -217953
 -244132
 -271302
 -298783
 -321851
 -337282
 -345357
 -347046
 -340261
 -323521
 -301188
 -277603
 -252833
 -226277
 -201524
 -182351
 -168495
 -158922
 -156123
 -161489
 -172058
 -184991
 -201599
 -222488
 -244147
 -262176
 -277171
 -290842
 -300627
 -303042
 -299166
 -292904
 -284563
 -271844
 -256377
 -242047
 -229423
 -215958
 -202564
 -192541
 -187069
 -183559
 -181079
 -181229
 -186575
 -196293
 -206311
 -215601
 -225497
 -236251
 -244945
 -249834
 -253283
 -256519
 -257264
 -254348
 -250340
 -246732
 -241540
 -233837
 -226398
 -220691
 -215012
 -209096
 -206141
 -206838
 -208070
 -209289
 -212885
 -219553
 -226292
 -230944
 -234759
 -239690
 -244646
 -246837
 -246285
 -244474
 -243820
 -243453
 -240144
 -232818
 -224502
 -219821
 -217731
 -216385
 -217976
 -222401
 -227007
 -230129
 -234380
 -240238
 -244294
 -246193
 -249550
 -255795
 -261560
 -266622
 -272679
 -278742
 -284028
 -292485
 -308082
 -329854
 -355551
 -385210
 -416938
 -446025
 -469470
 -487818
 -499811
 -501542
 -491699
 -472131
 -443823
 -408011
 -369130
 -333444
 -305832
 -293377
 -304165
 -338502
 -390460
 -454755
 -524802
 -590938
 -646303
 -687424
 -709263
 -708068
 -683285
 -633255
 -557318
 -462167
 -359246
 -255386
 -154415
  -65022
    6527
   59455
   90703
   95064
   72586
   26478
  -41071
 -122149
 -205912
 -285228
 -355243
 -410107
 -446074
 -462330
 -458440
 -435033
 -397583
 -351268
 -297563
 -240742
 -187762
 -141647
 -104092
  -80408
  -73826
  -82634
 -106185
 -143030
 -187203
 -233739
 -280707
 -323768
 -358730
 -385220
 -402085
 -406225
 -397890
 -380589
 -356098
 -323258
 -283728
 -242946
 -205464
 -171387
 -141026
 -118210
 -106542
 -104957
 -110793
 -125703
 -151512
 -185288
 -222406
 -261602
 -301466
 -336946
 -363455
 -381373
 -390786
 -389179
 -376121
 -355334
 -328907
 -296567
 -261325
 -228495
 -199866
 -174686
 -156007
 -147182
 -146971
 -152773
 -165485
 -185646
 -210002
 -235022
 -260952
 -287863
 -312503
 -330782
 -342946
 -349652
 -348608
 -339687
 -326348
 -309068
 -286773
 -263016
 -241242
 -221110
 -202703
 -189161
 -181890
 -178688
 -178613
 -183115
 -193818
 -208627
 -223125
 -236643
 -249543
 -263219
 -276923
 -286668
 -290971
 -291220
 -289927
 -286255
 -277645
 -265919
 -254936
 -245317
 -235314
 -226565
 -221410
 -218427
 -215904
 -216482
 -220113
 -223837
 -228599
 -235582
 -242340
 -247033
 -251577
 -256803
 -260161
 -260104
 -257579
 -254068
 -252253
 -252551
 -251681
 -248202
 -243102
 -238504
 -235695
 -232798
 -230560
 -232636
 -239399
 -247810
 -257268
 -269460
 -281915
 -290574
 -296654
 -301498
 -302470
 -297734
 -290249
 -282662
 -274014
 -263079
 -251071
 -240323
 -233791
 -230214
 -226584
 -223267
 -221696
 -224077
 -229923
 -235201
 -238938
 -243169
 -249905
 -257297
 -261713
 -263104
 -263232
 -263761
 -263100
 -259007
 -252605
 -246708
 -243436
 -241275
 -237585
 -233772
 -232856
 -234435
 -235090
 -234443
 -234930
 -237922
 -240898
 -241900
 -242647
 -245221
 -247972
 -248372
 -248414
 -250006
 -251602
 -251135
 -250621
 -252042
 -253096
 -252119
 -251690
 -253240
 -254821
 -254138
 -252685
 -252995
 -253975
 -252627
 -249435
 -247028
 -246075
 -243998
 -240055
 -236451
 -236114
 -238766
 -241136
 -242411
 -243842
 -247772
 -253548
 -257398
 -258722
 -259956
 -262116
 -262863
 -260723
 -257904
 -256362
 -254362
 -249885
 -245303
 -242462
 -239366
 -234436
 -230023
 -227947
 -226957
 -225277
 -225069
 -228169
 -232301
 -235018
 -238104
 -243607
 -249818
 -253916
 -256338
 -259352
 -263364
 -265064
 -263550
 -261811
 -260409
 -257268
 -251816
 -246781
 -244184
 -242064
 -238660
 -236037
 -235986
 -236962
 -236840
 -237589
 -240561
 -243257
 -243926
 -244348
 -246139
 -247520
 -246406
 -244679
 -244719
 -244341
 -241004
 -239245
 -240999
 -243035
 -243120
 -243422
 -245281
 -246483
 -246773
 -248405
 -250349
 -250027
 -249398
 -251152
 -252065
 -250256
 -247510
 -246169
 -246408
 -245278
 -241497
 -236067
 -231595
 -230741
 -232327
 -232317
 -231249
 -231649
 -230739
 -222148
 -205373
 -192382
 -193587
 -193746
 -176284
 -148664
 -122376
 -107759
 -128771
 -205745
 -316829
 -417472
 -465807
 -478246
 -491262
 -510596
 -513155
 -493127
 -456483
 -394692
 -314106
 -228966
 -145635
  -70150
   -9924
   30830
   52605
   56995
   45670
   17013
  -33259
 -101436
 -179085
 -255966
 -325885
 -388425
 -442645
 -484736
 -509416
 -511957
 -491163
 -453797
 -401472
 -338742
 -274951
 -212378
 -157405
 -110081
  -76081
  -56749
  -48833
  -54517
  -69607
  -95814
 -133163
 -177309
 -224486
 -267769
 -304349
 -334340
 -359751
 -378629
 -386836
 -384793
 -371666
 -349434
 -320396
 -284970
 -245702
 -206513
 -172368
 -144846
 -123036
 -110302
 -109027
 -118028
 -134557
 -154501
 -177375
 -204987
 -234473
 -261682
 -285425
 -301023
 -306537
 -301985
 -288649
 -273515
 -259327
 -235668
 -196077
 -157952
 -127926
 -104496
  -91107
  -80937
 -131849
 -258456
 -413951
 -561015
 -647731
 -660016
 -625008
 -572773
 -500913
 -414414
 -318696
 -221658
 -133116
  -60171
   -5083
   31772
   47861
   40575
   12132
  -31785
  -86353
 -149364
 -216970
 -281418
 -337002
 -382502
 -416321
 -434566
 -435785
 -423001
 -399811
 -367101
 -325858
 -281052
 -238261
 -199197
 -164422
 -137132
 -120489
 -114832
 -117201
 -126624
 -144569
 -170251
 -199220
 -228557
 -258640
 -288746
 -314305
 -331419
 -340580
 -344385
 -341869
 -330009
 -311546
 -290559
 -267503
 -241565
 -215747
 -194072
 -177150
 -163277
 -154004
 -152489
 -158636
 -168866
 -182474
 -200360
 -219884
 -238521
 -256318
 -272555
 -284421
 -291720
 -297168
 -300068
 -297181
 -288522
 -277211
 -266224
 -254691
 -241147
 -228664
 -219773
 -212656
 -206339
 -203524
 -203927
 -205260
 -208987
 -217033
 -226629
 -235557
 -245359
 -254479
 -261128
 -266885
 -271991
 -273396
 -270687
 -265420
 -258699
 -253184
 -248690
 -243134
 -235124
 -225949
 -218112
 -213812
 -212522
 -211005
 -210390
 -213002
 -219184
 -226606
 -232878
 -240073
 -250889
 -262702
 -271219
 -277406
 -282552
 -284870
 -281613
 -273796
 -263079
 -252230
 -242287
 -230896
 -218561
 -207876
 -201462
 -199815
 -199581
 -200465
 -203966
 -211801
 -221489
 -229567
 -235891
 -242230
 -249288
 -254109
 -255623
 -255185
 -255282
 -255571
 -253335
 -248702
 -244276
 -242452
 -241602
 -239176
 -235659
 -233576
 -233699
 -233059
 -230206
 -226694
 -225021
 -224941
 -223376
 -220486
 -219830
 -222373
 -224926
 -226389
 -228560
 -233209
 -238201
 -240751
 -242087
 -244461
 -246773
 -245897
 -242901
 -240625
 -238666
 -235022
 -231424
 -229905
 -228886
 -226615
 -225386
 -225839
 -225662
 -225185
 -226413
 -228459
 -228987
 -227889
 -226007
 -225166
 -227102
 -230239
 -231511
 -231107
 -230778
 -232269
 -234607
 -235506
 -235316
 -236218
 -237529
 -236737
 -234666
 -233528
 -232913
 -230842
 -227582
 -225681
 -225583
 -224721
 -223189
 -223468
 -225437
 -226410
 -226338
 -227559
 -230526
 -232561
 -233029
 -234421
 -237026
 -237872
 -236239
 -234681
 -234718
 -234335
 -231926
 -228760
 -227077
 -228144
 -229973
 -230084
 -229176
 -229746
 -232675
 -235264
 -235687
 -234750
 -234847
 -236745
 -237548
 -235799
 -232946
 -231891
 -232609
 -232107
 -229998
 -228401
 -228698
 -228975
 -228005
 -227858
 -230172
 -233028
 -233261
 -232281
 -232597
 -233216
 -231286
 -227224
 -223843
 -222049
 -219281
 -214740
 -211410
 -211241
 -212343
 -212620
 -213051
 -216069
 -221056
 -224903
 -227125
 -229239
 -233258
 -238458
 -240626
 -239663
 -238617
 -238570
 -237271
 -233442
 -229290
 -227472
 -227120
 -225210
 -222026
 -220144
 -220564
 -220594
 -219019
 -218352
 -220015
 -222013
 -222340
 -222633
 -224999
 -228287
 -229480
 -229202
 -229997
 -231708
 -231626
 -229973
 -229469
 -230689
 -231164
 -230163
 -230141
 -231652
 -232137
 -230165
 -227928
 -226608
 -223901
 -218897
 -214794
 -212474
 -209631
 -205926
 -204222
 -205740
 -207875
 -209643
 -214016
 -221967
 -230304
 -237384
 -245409
 -254804
 -261488
 -262018
 -256400
 -246785
 -235426
 -224313
 -214952
 -207285
 -199154
 -191482
 -187212
 -186183
 -187860
 -194894
 -208924
 -225284
 -237195
 -244424
 -249776
 -253307
 -253858
 -252830
 -252576
 -252622
 -249599
 -243982
 -238954
 -235308
 -230899
 -225548
 -221593
 -219662
 -216486
 -211697
 -208586
 -208172
 -206598
 -202064
 -200450
 -203813
 -209618
 -218204
 -230871
 -245707
 -259785
 -274301
 -288281
 -298458
 -304424
 -307830
 -307325
 -301523
 -293309
 -284033
 -271810
 -257631
 -245264
 -235940
 -227534
 -219473
 -214223
 -213385
 -214742
 -216286
 -218944
 -224749
 -233019
 -239682
 -243302
 -245035
 -246531
 -246504
 -242441
 -235985
 -230367
 -225537
 -219054
 -211804
 -207115
 -205744
 -204891
 -204813
 -208365
 -215525
 -222817
 -229923
 -238973
 -248413
 -254903
 -258991
 -263005
 -266057
 -265105
 -262149
 -259129
 -253873
 -244950
 -235014
 -226953
 -219659
 -211274
 -203513
 -198546
 -198727
 -203678
 -209882
 -217390
 -228754
 -243185
 -255834
 -264454
 -271111
 -277541
 -281103
 -280085
 -277304
 -273744
 -266160
 -253236
 -238701
 -225889
 -214531
 -205351
 -201377
 -204284
 -211204
 -218820
 -228224
 -240225
 -251622
 -259566
 -265802
 -270798
 -271317
 -266233
 -258695
 -250136
 -238487
 -224141
 -209345
 -197576
 -190572
 -186257
 -183110
 -182370
 -185874
 -193111
 -201640
 -211051
 -222397
 -235203
 -246108
 -254101
 -261367
 -267900
 -270804
 -270155
 -268389
 -265256
 -258372
 -249478
 -241371
 -233495
 -225128
 -219329
 -217427
 -216990
 -217189
 -220252
 -227090
 -234244
 -238817
 -241193
 -242332
 -244503
 -247382
 -247696
 -244704
 -240939
 -238992
 -237427
 -233658
 -229727
 -228190
 -227793
 -225887
 -223831
 -224185
 -226376
 -227302
 -227771
 -230337
 -233949
 -236204
 -238499
 -242644
 -247576
 -250494
 -252382
 -253989
 -252817
 -248033
 -243331
 -240133
 -236342
 -231315
 -227435
 -224864
 -221664
 -218354
 -216774
 -215767
 -213549
 -212438
 -214454
 -217737
 -220282
 -224173
 -230451
 -236130
 -239512
 -242158
 -245795
 -249294
 -249727
 -247316
 -244340
 -241955
 -236980
 -229099
 -222731
 -219137
 -215904
 -213508
 -214452
 -217667
 -220190
 -223259
 -228621
 -234504
 -238180
 -240407
 -243695
 -247668
 -249205
 -248075
 -246341
 -245493
 -243550
 -239280
 -235544
 -233183
 -229989
 -225553
 -222551
 -221281
 -219787
 -219135
 -221135
 -224385
 -227415
 -231988
 -238351
 -243792
 -247958
 -252400
 -255447
 -254508
 -250989
 -247735
 -244176
 -238060
 -231079
 -226193
 -222743
 -218154
 -213258
 -210790
 -212416
 -215621
 -218191
 -221442
 -227560
 -235311
 -240779
 -243161
 -245002
 -247167
 -246693
 -243829
 -241432
 -239652
 -236071
 -231734
 -229192
 -227865
 -225485
 -223119
 -223319
 -225287
 -226295
 -227567
 -230998
 -235347
 -238414
 -241618
 -247513
 -254575
 -259025
 -261340
 -263496
 -263948
 -260614
 -255895
 -252593
 -249152
 -243027
 -236469
 -231742
 -226695
 -220043
 -214986
 -213341
 -213259
 -213410
 -215499
 -221155
 -228640
 -234793
 -240447
 -247701
 -255547
 -260946
 -263234
 -264453
 -264800
 -262102
 -255687
 -249320
 -244089
 -238159
 -232565
 -230254
 -230210
 -228751
 -226888
 -227451
 -229716
 -231185
 -231628
 -233338
 -235142
 -234420
 -232495
 -232105
 -232647
 -231831
 -231191
 -232410
 -233992
 -234116
 -235156
 -237473
 -238646
 -239318
 -241230
 -243496
 -244395
 -245256
 -247200
 -248227
 -246383
 -243016
 -241229
 -241101
 -239429
 -236351
 -232878
 -231809
 -233222
 -234426
 -234012
 -234389
 -236313
 -237576
 -236637
 -235726
 -236169
 -236985
 -236116
 -235273
 -235686
 -236201
 -234928
 -234529
 -235148
 -233860
 -229758
 -227015
 -226466
 -225258
 -223019
 -222544
 -224913
 -226436
 -225733
 -225983
 -228670
 -231128
 -232229
 -233348
 -236251
 -238859
 -238454
 -236482
 -235812
 -236685
 -236363
 -235264
 -235879
 -237641
 -238386
 -237170
 -235795
 -235666
 -234656
 -231784
 -230356
 -231196
 -231725
 -230578
 -230046
 -231636
 -233026
 -232377
 -231581
 -232094
 -231691
 -229579
 -229015
 -231250
 -233745
 -235267
 -238363
 -243500
 -247078
 -247840
 -247441
 -247916
 -247679
 -244157
 -238512
 -232975
 -229643
 -228906
 -227744
 -226431
 -227734
 -233610
 -241844
 -249565
 -255258
 -259389
 -263272
 -264789
 -261545
 -255137
 -248336
 -241249
 -231666
 -221380
 -213956
 -209523
 -205221
 -201007
 -199662
 -201828
 -204841
 -207406
 -211728
 -219128
 -226993
 -233105
 -239084
 -246696
 -253884
 -257495
 -258259
 -259264
 -259579
 -256116
 -250630
 -245414
 -239775
 -231876
 -223296
 -215976
 -209127
 -202717
 -199482
 -198628
 -198399
 -200752
 -206003
 -211799
 -218474
 -227965
 -238642
 -247645
 -256369
 -266243
 -274701
 -279016
 -280265
 -279755
 -275570
 -267420
 -266040
 -287935
 -309140
 -316633
 -316739
 -315850
 -317460
 -321804
 -328364
 -338889
 -363037
 -403509
 -420694
 -409021
 -378792
 -338472
 -294255
 -246276
 -196132
 -149374
 -113809
  -92779
  -81874
  -78701
  -84867
 -101304
 -125470
 -153539
 -184890
 -218316
 -249706
 -276364
 -299554
 -319167
 -331059
 -332638
 -327458
 -317657
 -302037
 -281147
 -259204
 -239145
 -220238
 -202369
 -188536
 -179628
 -173618
 -171852
 -175875
 -184634
 -195131
 -205789
 -218771
 -235481
 -250643
 -253599
 -213826
 -167990
 -147303
 -141624
 -132383
  -96330
  -70054
  -68078
  -59087
   74682
  333785
  559234
  670996
  662337
  546115
  333511
   69833
 -197722
 -444051
 -665057
 -851996
 -973732
-1020950
-1002758
 -927478
 -802824
 -644739
 -474155
 -298994
 -129420
   22618
  145895
  232401
  276475
  278521
  243791
  177128
   83921
  -28767
 -149727
 -267587
 -375499
 -468892
 -541805
 -587102
 -603433
 -594009
 -561668
 -507650
 -436008
 -353805
 -269637
 -189126
 -114826
  -51882
   -6535
   18296
   24675
   14970
  -11384
  -53596
 -106193
 -163219
 -222043
 -280109
 -332888
 -374498
 -402932
 -419744
 -424481
 -414370
 -390147
 -355820
 -315925
 -271879
 -224110
 -176952
 -135897
 -104890
  -84007
  -72647
  -72569
  -85495
 -110091
 -141512
 -176521
 -214565
 -253836
 -289017
 -315829
 -334683
 -346909
 -350394
 -342626
 -325564
 -303561
 -279300
 -251728
 -222160
 -195152
 -173675
 -157388
 -145550
 -140180
 -143339
 -153183
 -165453
 -178880
 -194069
 -211804
 -229767
 -243967
 -253760
 -261050
 -268127
 -273540
 -273700
 -268753
 -262323
 -254970
 -244256
 -231569
 -220966
 -213467
 -207123
 -201550
 -199283
 -200149
 -201639
 -203584
 -208550
 -216121
 -222645
 -226869
 -230728
 -235171
 -237961
 -236972
 -233577
 -230346
 -227597
 -222945
 -216346
 -210126
 -206528
 -204853
 -202698
 -200758
 -201494
 -206243
 -212802
 -218202
 -222529
 -227704
 -232709
 -233620
 -231206
 -229753
 -229453
 -227046
 -221835
 -217064
 -214260
 -211034
 -206557
 -203631
 -203723
 -204962
 -205526
 -207383
 -212115
 -217746
 -221561
 -224263
 -228101
 -232731
 -235095
 -235024
 -234717
 -235327
 -235273
 -233352
 -231170
 -230607
 -230200
 -227192
 -222866
 -219706
 -217408
 -213128
 -207243
 -203150
 -201409
 -199455
 -197880
 -199697
 -205099
 -210759
 -215672
 -221667
 -228945
 -234531
 -236655
 -237559
 -239081
 -239664
 -237932
 -236547
 -238147
 -241027
 -242246
 -242128
 -242346
 -242748
 -240108
 -234248
 -227957
 -221966
 -214630
 -207151
 -202052
 -198779
 -195325
 -193111
 -193973
 -196825
 -199367
 -202967
 -208884
 -214793
 -218988
 -223656
 -229558
 -234350
 -236454
 -237877
 -240046
 -240860
 -238218
 -233395
 -228834
 -224988
 -219278
 -212111
 -206616
 -204211
 -203340
 -202098
 -201650
 -204126
 -208301
 -211004
 -213223
 -217415
 -222680
 -226188
 -228464
 -231862
 -236010
 -237818
 -237032
 -236358
 -235948
 -232720
 -227135
 -222074
 -218444
 -213838
 -207721
 -202816
 -200690
 -199467
 -197438
 -196595
 -198221
 -201122
 -203422
 -206546
 -212368
 -218788
 -223084
 -226892
 -231461
 -235024
 -235086
 -233166
 -231770
 -229966
 -225037
 -217964
 -211444
 -206314
 -201611
 -198707
 -197916
 -197086
 -196678
 -198935
 -203145
 -206905
 -211627
 -218081
 -223588
 -226427
 -227300
 -227112
 -227873
 -230336
 -231643
 -230170
 -227117
 -224997
 -224759
 -224344
 -222460
 -221055
 -221993
 -223295
 -221850
 -218892
 -217502
 -217226
 -215359
 -212308
 -210106
 -209792
 -209679
 -208317
 -207633
 -209099
 -210934
 -211476
 -212384
 -215661
 -219326
 -220905
 -222102
 -224873
 -228030
 -228857
 -228402
 -229241
 -230245
 -228565
 -224174
 -218680
 -212022
 -203384
 -194081
 -187487
 -185666
 -187183
 -190436
 -197794
 -207675
 -213549
 -215868
 -215808
 -214830
  -95926
  337646
  660106
  733633
  645376
  481537
  277980
   33417
 -223118
 -465755
 -673705
 -829727
 -924131
 -956471
 -932781
 -862110
 -750898
 -603953
 -427360
 -226772
  -11606
  159694
  237739
  241014
  200688
  129336
   38482
  -58075
 -151591
 -236488
 -309331
 -369073
 -412543
 -435098
 -437566
 -423573
 -393008
 -347434
 -294399
 -240668
 -188163
 -138323
  -97753
  -72674
  -61950
  -62155
  -69439
  -82053
  -94764
  -90595
  -60287
  -40801
  -70399
 -147221
 -224360
 -254847
 -283034
 -335572
 -393271
 -436583
 -469644
 -490856
 -491707
 -467264
 -421413
 -360160
 -287872
 -211281
 -138603
  -74969
  -22716
   13146
   28780
   24746
    4866
  -29850
  -77996
 -134277
 -191178
 -245131
 -294994
 -336573
 -364564
 -378269
 -380291
 -370776
 -348678
 -317315
 -282158
 -246345
 -210113
 -175599
 -147203
 -127125
 -113708
 -106034
 -106250
 -115154
 -129553
 -146652
 -166914
 -190416
 -213827
 -233110
 -246628
 -255310
 -260456
 -259951
 -253237
 -243969
 -234847
 -224595
 -212417
 -200355
 -190414
 -181193
 -171391
 -163766
 -160209
 -159362
 -160006
 -164311
 -172963
 -183213
 -193253
 -204080
 -216767
 -229156
 -237663
 -242047
 -242706
 -241676
 -240341
 -236465
 -228448
 -218238
 -209260
 -203127
 -197394
 -191072
 -186765
 -186778
 -190341
 -193848
 -197223
 -202772
 -210207
 -216382
 -220019
 -222054
 -225240
 -227946
 -228484
 -228702
 -229525
 -228422
 -223034
 -215777
 -210977
 -208618
 -206611
 -204893
 -204474
 -209979
 -222968
 -234528
 -241291
 -239689
 -224449
 -198248
 -164857
 -129141
  -86683
  -42102
  -17597
  -31858
  -94318
 -188102
 -278011
 -357474
 -437887
 -511117
 -560882
 -577485
 -556402
 -501679
 -423252
 -331270
 -232544
 -133782
  -44075
   27974
   76734
  101935
  104998
   86251
   46157
  -11615
  -79245
 -149927
 -219730
 -285844
 -342991
 -384637
 -409262
 -418448
 -412981
 -391873
 -357164
 -314726
 -269262
 -221567
 -173384
 -130206
  -96811
  -73312
  -58608
  -54277
  -62406
  -82154
 -109162
 -140459
 -175829
 -214164
 -250741
 -280858
 -303487
 -319531
 -329142
 -329764
 -319482
 -300653
 -277943
 -252683
 -223717
 -194338
 -168602
 -149279
 -134881
 -124065
 -121482
 -130803
 -149233
 -170678
 -191766
 -212957
 -234795
 -253236
 -265116
 -272630
 -277011
 -276192
 -268390
 -255734
 -241940
 -227937
 -211725
 -195427
 -183472
 -177142
 -174112
 -173345
 -176762
 -185044
 -194967
 -203578
 -212424
 -222222
 -230616
 -236361
 -241629
 -246980
 -249543
 -247742
 -244109
 -240220
 -234619
 -226423
 -217860
 -211188
 -205278
 -197601
 -189124
 -182278
 -179179
 -178293
 -176936
 -175985
 -177816
 -183829
 -191317
 -197801
 -204152
 -212336
 -221870
 -229199
 -233363
 -236440
 -239419
 -239904
 -236237
 -231049
 -226471
 -220896
 -212820
 -204856
 -199216
 -194750
 -189513
 -185367
 -184627
 -186433
 -188279
 -190846
 -196278
 -204132
 -210752
 -215680
 -221135
 -227301
 -231003
 -231151
 -230579
 -230592
 -229182
 -225518
 -222067
 -220568
 -219078
 -215359
 -210932
 -208049
 -206389
 -203536
 -200814
 -200652
 -202249
 -202732
 -202695
 -204304
 -206784
 -207427
 -207050
 -208243
 -210857
 -212076
 -211962
 -212992
 -215545
 -216659
 -215173
 -213050
 -212600
 -212716
 -210621
 -207374
 -205819
 -206777
 -207561
 -207252
 -207860
 -210925
 -214292
 -215347
 -215028
 -215530
 -216972
 -216316
 -213357
 -210612
 -209085
 -207281
 -204301
 -204349
 -208210
 -210605
 -208981
 -206562
 -203530
 -194960
 -182143
 -175200
 -176132
 -183086
 -191953
 -200136
 -210636
 -222992
 -233102
 -238388
 -239895
 -239228
 -237707
 -234361
 -229989
 -227360
 -225355
 -220180
 -212913
 -207018
 -203066
 -198127
 -193259
