  172565
  158085
  139135
  117148
   93510
   68131
   40238
    9905
  -21209
  -51900
  -82327
 -113231
 -143821
 -172018
 -197341
 -220609
 -242036
 -260149
 -273793
 -283855
 -291478
 -296029
 -296609
 -294364
 -291008
 -286652
 -280071
 -270949
 -260282
 -248217
 -233413
 -215582
 -196231
 -176273
 -154916
 -131730
 -107878
  -85083
  -63600
  -42524
  -22095
   -3750
   10943
   22135
   31234
   38387
   42483
   43556
   43056
   41321
   37240
   30368
   21915
   13003
    2923
   -9083
  -22119
  -34820
  -47576
  -61273
  -74760
  -86454
  -97849
 -110692
 -123596
 -134574
 -143560
 -151694
 -158862
 -163786
 -166511
 -168148
 -169732
 -170831
 -170198
 -167735
 -164480
 -162748
 -164339
 -167426
 -170849
 -174566
 -177589
 -178693
 -178299
 -177584
 -176426
 -173533
 -168759
 -163380
 -158281
 -152486
 -145078
 -137040
 -129808
 -123117
 -115790
 -108052
 -101201
  -95502
  -89528
  -82885
  -77021
  -72908
  -69568
  -65978
  -62995
  -61808
  -61789
  -61804
  -62470
  -64761
  -67872
  -70520
  -73506
  -77630
  -81965
  -85828
  -90381
  -95767
 -100731
 -105338
 -110467
 -115613
 -119619
 -122565
 -124918
 -127568
 -130478
 -132333
 -132526
 -132002
 -131810
 -131167
 -128982
 -126619
 -125513
 -124391
 -122141
 -120020
 -118509
 -116476
 -114093
 -113011
 -113189
 -113901
 -116248
 -120046
 -123198
 -125170
 -127388
 -129634
 -130742
 -131298
 -132237
 -133647
 -135915
 -138320
 -138192
 -136265
 -133582
 -132568
 -133271
 -133457
 -133194
 -134431
 -136386
 -137083
 -137591
 -138853
 -139789
 -140569
 -141954
 -143129
 -142911
 -141410
 -138983
 -136779
 -135428
 -133744
 -130692
 -126847
 -123399
 -120096
 -115597
 -110177
 -105361
 -101220
  -96393
  -90656
  -85343
  -80928
  -76433
  -71481
  -67456
  -64853
  -62621
  -60258
  -58974
  -59308
  -60458
  -62215
  -65679
  -70855
  -75948
  -79321
  -82030
  -84055
  -84316
  -83209
  -81392
  -76098
  -67292
  -60531
  -55253
  -44663
  -34901
  -29167
  -23489
  -18288
  -12368
   -4845
     765
    5082
    8680
   14746
   22469
   28176
   33226
   39036
   45381
   50605
   54731
   58971
   62541
   62232
   55253
   41408
   22390
   -1429
  -30712
  -63920
  -97965
 -131214
 -163693
 -195604
 -225934
 -252918
 -275811
 -295264
 -310761
 -320493
 -324078
 -323033
 -318242
 -309462
 -297490
 -283894
 -269001
 -252466
 -234886
 -217417
 -199708
 -180926
 -162184
 -144414
 -126712
 -108283
  -90438
  -74410
  -59256
  -44330
  -30893
  -19741
  -10039
   -1095
    6122
   10766
   13573
   15444
   15705
   13348
    9026
    4208
   -1408
   -9032
  -18616
  -28818
  -39287
  -50975
  -63730
  -76184
  -88119
 -100629
 -113353
 -124726
 -135044
 -145224
 -154821
 -162778
 -169540
 -176037
 -181604
 -184947
 -186612
 -187955
 -188626
 -187148
 -183793
 -179169
 -173304
 -165788
 -156534
 -146455
 -135936
 -124274
 -111589
  -99198
  -88304
  -78338
  -68351
  -58646
  -49883
  -41804
  -34128
  -27362
  -21170
  -14828
   -8807
   -3291
    2487
    7782
    9932
    7944
    1501
   -8257
  -20972
  -35958
  -51450
  -66972
  -83271
  -99830
 -115387
 -130331
 -145119
 -158718
 -170226
 -180599
 -190330
 -198371
 -204141
 -208674
 -212591
 -214461
 -212765
 -208167
 -202139
 -195382
 -187534
 -179418
 -171188
 -161790
 -151129
 -140568
 -130544
 -119962
 -108742
  -98229
  -89190
  -80862
  -72472
  -64492
  -58142
  -53749
  -50096
  -46523
  -43928
  -42965
  -42693
  -42331
  -42869
  -45032
  -47861
  -50380
  -53481
  -57571
  -61927
  -66167
  -71354
  -77408
  -83080
  -88690
  -95048
 -101530
 -107074
 -112459
 -118509
 -124618
 -129501
 -133390
 -137297
 -141573
 -145097
 -146894
 -147647
 -148536
 -149370
 -148737
 -146578
 -144341
 -142377
 -139511
 -135598
 -131953
 -128640
 -124331
 -119189
 -114529
 -110193
 -105064
  -99776
  -95300
  -91067
  -86258
  -81733
  -78132
  -74588
  -70671
  -67437
  -65175
  -62807
  -60062
  -58011
  -57009
  -55984
  -54555
  -53878
  -54454
  -55226
  -55587
  -56969
  -59762
  -61533
  -61518
  -63008
  -66215
  -68560
  -67783
  -60869
  -48828
  -36345
  -34581
  -47137
  -66795
  -86627
 -105454
 -121871
 -135356
 -145150
 -151300
 -156117
 -160046
 -162438
 -163894
 -165069
 -165148
 -163014
 -159296
 -154962
 -149749
 -143589
 -137295
 -130657
 -122934
 -114586
 -106547
  -98317
  -89049
  -79811
  -71609
  -63641
  -55080
  -46765
  -39826
  -34060
  -28532
  -23691
  -20680
  -19068
  -17654
  -16948
  -18072
  -20572
  -22959
  -25765
  -30027
  -35066
  -39865
  -45103
  -51236
  -57276
  -62598
  -68187
  -73550
  -77175
  -79664
  -82241
  -85107
  -87497
  -90281
  -93536
  -95964
  -97376
  -98947
 -100786
 -101747
 -101746
 -101999
 -102530
 -102145
 -100675
  -99132
  -98279
  -97224
  -94820
  -91583
  -88609
  -85864
  -82121
  -77508
  -73383
  -70006
  -66267
  -62017
  -58486
  -55914
  -53162
  -50095
  -47842
  -46291
  -44295
  -42199
  -41097
  -40631
  -39855
  -39479
  -40387
  -41702
  -42332
  -43178
  -44916
  -46658
  -47688
  -48991
  -50911
  -52374
  -53080
  -54280
  -56318
  -58129
  -59142
  -60442
  -62701
  -64905
  -66240
  -67632
  -69897
  -72166
  -73456
  -74528
  -76272
  -78095
  -78914
  -79210
  -79973
  -80707
  -80349
  -79620
  -79397
  -79118
  -77898
  -76374
  -75485
  -74708
  -72900
  -70589
  -68899
  -67480
  -65170
  -62608
  -60602
  -58574
  -55764
  -52972
  -51066
  -49342
  -46931
  -44541
  -43283
  -42771
  -41753
  -40601
  -40497
  -40990
  -40845
  -40485
  -40985
  -42092
  -42560
  -42817
  -43868
  -45345
  -46132
  -46834
  -48229
  -49503
  -49906
  -50462
  -51689
  -52678
  -52752
  -53008
  -53979
  -54528
  -54264
  -54296
  -54699
  -54419
  -53328
  -52519
  -52145
  -51060
  -49210
  -47794
  -46816
  -45177
  -43221
  -42006
  -41132
  -39682
  -38476
  -38079
  -37550
  -36636
  -36427
  -36659
  -36388
  -36325
  -37140
  -38076
  -38379
  -39015
  -40497
  -41889
  -42511
  -43298
  -44836
  -46279
  -46798
  -47272
  -48369
  -49163
  -48962
  -48656
  -48962
  -49027
  -48013
  -46978
  -46609
  -46070
  -44711
  -43573
  -43283
  -42888
  -41727
  -40814
  -40693
  -40487
  -39680
  -39390
  -39898
  -40237
  -40129
  -40522
  -41657
  -42388
  -42521
  -43081
  -44075
  -44306
  -43767
  -43641
  -43921
  -43576
  -42909
  -42898
  -43167
  -42697
  -41889
  -41726
  -41831
  -41064
  -39836
  -39199
  -38897
  -37862
  -36508
  -35858
  -35572
  -34607
  -33417
  -33035
  -33004
  -32154
  -31114
  -30801
  -30697
  -30015
  -29549
  -29929
  -30260
  -29942
  -29948
  -30627
  -30945
  -30560
  -30626
  -31391
  -31775
  -31383
  -31370
  -32119
  -32621
  -32445
  -32640
  -33666
  -34400
  -34204
  -34271
  -34944
  -35223
  -35012
  -35384
  -36186
  -36214
  -35839
  -36047
  -36248
  -35634
  -35264
  -35421
  -34998
  -34049
  -33493
  -32938
  -31751
  -30755
  -30111
  -28916
  -27597
  -26992
  -26463
  -25567
  -25245
  -25362
  -25004
  -24501
  -24284
  -23781
  -23057
  -23281
  -23943
  -24260
  -24930
  -26709
  -28779
  -30181
  -31722
  -34028
  -36400
  -38051
  -39459
  -41451
  -43509
  -44529
  -44848
  -45541
  -46490
  -46363
  -45311
  -44546
  -44189
  -43138
  -41257
  -39760
  -38692
  -36900
  -34660
  -33025
  -31610
  -29438
  -27222
  -25796
  -24600
  -22627
  -20608
  -19604
  -18926
  -17856
  -17156
  -16851
  -15811
  -14870
  -14758
  -15005
  -14977
  -14757
  -15316
  -16471
  -17007
  -18085
  -26946
  -38497
  -44472
  -46775
  -47573
  -48945
  -50272
  -50703
  -51972
  -53527
  -54244
  -52525
  -43578
  -28259
   -2428
   33048
   71444
  102623
  116507
  118464
  114465
  105918
   94132
   81060
   67203
   51810
   35250
   19057
    3481
  -12300
  -28130
  -42712
  -55681
  -68066
  -79879
  -90034
  -98662
 -106575
 -113395
 -118073
 -121342
 -123818
 -124578
 -123085
 -120553
 -117508
 -113047
 -106930
 -100410
  -93739
  -85937
  -77029
  -68050
  -59638
  -51022
  -41381
  -31593
  -22751
  -14630
   -6448
    1248
    7643
   13291
   18933
   23642
   26837
   29358
   31414
   32032
   31298
   30156
   28036
   24409
   20163
   15852
   10715
    4834
    -606
   -5567
  -11025
  -16996
  -22396
  -26977
  -31414
  -36499
  -41588
  -45540
  -48619
  -51868
  -55318
  -57930
  -59668
  -61523
  -63661
  -64960
  -65183
  -65400
  -65404
  -64192
  -62268
  -60582
  -58479
  -55188
  -51955
  -49170
  -45826
  -41821
  -38098
  -34457
  -30068
  -25413
  -21614
  -18291
  -14549
  -10953
   -8369
   -6293
   -3710
    -953
     907
    1587
    2128
    3051
    3727
    3364
    2590
    2293
    1941
     623
   -1229
   -2543
   -3957
   -6600
  -10081
  -13201
  -16018
  -19619
  -23942
  -27743
  -31113
  -35001
  -39112
  -42297
  -44854
  -47903
  -51060
  -53121
  -54401
  -55725
  -57288
  -57983
  -58602
  -59820
  -59725
  -59321
  -59257
  -59170
  -58473
  -56294
  -53096
  -49930
  -47278
  -44186
  -39964
  -35452
  -31708
  -28853
  -25851
  -20858
  -15883
  -12484
  -10159
   -7655
   -5942
   -4686
   -2971
    -317
     823
     920
    2506
    4150
    4530
    3903
    3562
    3486
    2477
     476
   -1334
   -2776
   -4982
   -8084
  -11046
  -13899
  -17629
  -22747
  -28198
  -32970
  -37744
  -43207
  -48636
  -53028
  -56981
  -61286
  -65312
  -67926
  -69595
  -71192
  -72047
  -71243
  -69692
  -68145
  -65954
  -62478
  -58549
  -54967
  -51117
  -46283
  -41373
  -37000
  -32507
  -27430
  -22985
  -19547
  -16062
  -12443
   -9835
   -8589
   -7526
   -6159
   -5459
   -5904
   -6542
   -6517
   -6742
   -8234
  -10301
  -12087
  -14136
  -17256
  -20966
  -24183
  -27340
  -31232
  -35375
  -38720
  -41910
  -45629
  -49054
  -51511
  -53969
  -56845
  -59197
  -60438
  -61520
  -62725
  -62942
  -61823
  -60480
  -59244
  -57142
  -53935
  -50648
  -47653
  -44067
  -39550
  -35216
  -31626
  -27869
  -23651
  -20159
  -17570
  -14725
  -11461
   -9081
   -7867
   -6738
   -5612
   -5653
   -6816
   -8057
   -9429
  -11945
  -15310
  -18310
  -21110
  -24793
  -29359
  -33468
  -36712
  -39846
  -43644
  -47593
  -50391
  -52180
  -53960
  -56232
  -58064
  -58805
  -58991
  -58813
  -58195
  -56947
  -55406
  -54111
  -53247
  -51356
  -47786
  -44130
  -41319
  -38649
  -35637
  -33126
  -32027
  -31345
  -29758
  -27957
  -26762
  -25686
  -24113
  -23159
  -23306
  -23619
  -23551
  -23934
  -25469
  -27373
  -28845
  -30525
  -33212
  -36311
  -38731
  -40828
  -43634
  -46905
  -49426
  -51093
  -53011
  -55432
  -57130
  -57743
  -58501
  -59714
  -60323
  -59968
  -59771
  -60258
  -60243
  -58928
  -57574
  -56705
  -55026
  -52304
  -50137
  -49808
  -50762
  -51711
  -53683
  -55828
  -56112
  -54810
  -53136
  -51317
  -48173
  -43734
  -40194
  -37590
  -34664
  -31377
  -28729
  -26492
  -23710
  -20958
  -19222
  -18079
  -16449
  -15175
  -15113
  -15461
  -15303
  -15495
  -16641
  -17947
  -18661
  -19645
  -21513
  -23363
  -24457
  -25668
  -27652
  -29665
  -31050
  -32770
  -35299
  -37706
  -39452
  -41487
  -44100
  -46241
  -47594
  -49237
  -51089
  -52153
  -52565
  -53327
  -54214
  -54218
  -53839
  -53909
  -53944
  -53070
  -51908
  -51466
  -51272
  -50225
  -48755
  -47824
  -47215
  -45930
  -44246
  -43201
  -42584
  -41370
  -40032
  -39431
  -39153
  -38255
  -37271
  -37004
  -36916
  -36112
  -35424
  -35454
  -35377
  -34517
  -33877
  -33743
  -33297
  -32361
  -31996
  -32360
  -32486
  -32321
  -32906
  -34212
  -35187
  -35558
  -36271
  -37315
  -37621
  -37620
  -38334
  -39471
  -39854
  -39986
  -40842
  -41971
  -42426
  -42661
  -43487
  -44441
  -44593
  -44412
  -44659
  -44765
  -43788
  -42499
  -41608
  -40457
  -38408
  -36330
  -34800
  -32966
  -30279
  -27796
  -25930
  -23753
  -21207
  -19323
  -17970
  -16177
  -14243
  -13184
  -12835
  -12260
  -11906
  -12654
  -13961
  -14836
  -15837
  -17803
  -20143
  -21879
  -23518
  -25637
  -27658
  -28722
  -29588
  -31187
  -32595
  -32917
  -33141
  -34276
  -35588
  -36067
  -36392
  -37329
  -38199
  -38207
  -38257
  -39187
  -40220
  -40550
  -41105
  -42442
  -43722
  -44245
  -45016
  -46533
  -47917
  -48580
  -49421
  -50663
  -51319
  -51382
  -51899
  -52878
  -53276
  -52855
  -52398
  -52453
  -52252
  -51019
  -49349
  -48189
  -47293
  -45534
  -43051
  -40807
  -38834
  -36183
  -32794
  -30025
  -28324
  -26702
  -24993
  -24021
  -23718
  -22447
  -20166
  -18965
  -17759
  -15119
  -12548
  -11523
  -12934
  -15581
  -15571
  -13610
   -9519
    -974
    9463
   16617
   21757
   25393
   29473
   36111
   47693
   60859
   74460
   89837
  107799
  129843
  153053
  175507
  195679
  213407
  229808
  243414
  251694
  254865
  254481
  250541
  242871
  232515
  220218
  205216
  186794
  165741
  143791
  120992
   96763
   71826
   47427
   23377
    -925
  -24755
  -46838
  -67504
  -87150
 -104862
 -119768
 -133774
 -148076
 -157546
 -161235
 -162059
 -160636
 -156253
 -148292
 -138294
 -127234
 -114697
 -100274
  -85054
  -69944
  -54301
  -37583
  -20869
   -4810
   11050
   27008
   41971
   55329
   67781
   79577
   89671
   97863
  104859
  109270
  106987
  100580
   95328
   91389
   87810
   83916
   79402
   75125
   71123
   66881
   63152
   60215
   57214
   53394
   49407
   45379
   40458
   32505
   22698
   15313
    9149
    1708
   -6635
  -14153
  -20745
  -25707
  -27068
  -28384
  -30693
  -32634
  -32904
  -32025
  -30768
  -28752
  -25061
  -20409
  -15739
  -10788
   -4784
    1593
    7262
   12503
   18001
   23449
   28394
   33384
   38680
   43051
   46428
   49863
   53430
   55980
   57626
   59464
   61675
   63157
   63642
   64151
   64552
   63726
   61784
   59901
   58025
   55372
   52164
   49434
   47092
   44055
   40087
   36146
   32333
   27971
   23216
   19124
   15646
   11742
    7463
    4089
    1780
    -517
   -2997
   -4589
   -5187
   -5839
   -6549
   -6316
   -5118
   -4039
   -3106
   -1152
    1891
    4819
    7120
    9780
   13087
   15977
   18275
   20967
   24195
   26993
   29082
   31424
   34251
   36840
   38847
   40851
   43164
   44696
   45155
   45653
   46432
   46151
   44635
   43259
   42562
   41552
   39695
   37811
   36542
   34881
   32395
   30060
   28309
   26287
   23680
   21491
   20333
   19054
   16923
   14978
   13965
   13078
   12058
   11999
   13009
   13703
   13706
   14266
   15819
   16864
   16784
   17193
   18776
   20065
   20657
   21399
   22534
   23297
   23387
   24108
   25654
   26898
   27611
   28674
   30125
   30917
   30999
   31510
   32480
   33053
   33063
   33526
   34339
   34340
   33493
   32825
   32102
   30286
   27812
   25814
   23781
   20905
   17727
   15254
   13015
   10133
    7186
    5089
    3227
     918
   -1250
   -2313
   -3040
   -4240
   -5314
   -5390
   -5256
   -5699
   -6045
   -5481
   -4837
   -4578
   -3720
   -1835
     150
    2124
    4961
    8420
   11405
   14063
   17333
   20740
   23442
   25803
   28832
   31891
   33959
   35319
   36906
   38359
   38694
   38567
   38973
   39376
   38847
   37543
   36689
   36030
   34521
   32555
   31253
   29989
   27168
   23356
   20383
   18161
   15621
   13077
   11513
   10262
    8635
    7313
    7003
    6814
    6101
    5691
    6239
    6835
    7086
    7971
    9830
   11787
   13351
   15303
   18207
   21096
   23506
   26168
   29475
   32474
   34582
   36654
   39358
   41762
   43331
   44738
   46153
   46655
   46342
   46223
   45789
   44359
   42455
   40669
   38048
   34153
   30056
   26546
   22774
   18267
   13749
   10030
    6544
    2775
    -523
   -2703
   -4239
   -5933
   -7409
   -7505
   -6677
   -5931
   -5078
   -3197
    -769
    1208
    3111
    6006
    9376
   12271
   15014
   18489
   21909
   24417
   26687
   29490
   32073
   33530
   34429
   35721
   36663
   36598
   36180
   35994
   35152
   33170
   31006
   29226
   26946
   23981
   21348
   19325
   16992
   14268
   12202
   10890
    9295
    7331
    6137
    5942
    5690
    5373
    6158
    7837
    9361
   10830
   13194
   16063
   18425
   20625
   23496
   26520
   28830
   30869
   33507
   35866
   37231
   38205
   39470
   40256
   40026
   39677
   39738
   39234
   37888
   36574
   35486
   33596
   31005
   29028
   27657
   25668
   22956
   20561
   18436
   16055
   13914
   12623
   11263
    9384
    7844
    7274
    6948
    6568
    6999
    8308
    9354
    9830
   10701
   12313
   13580
   14235
   15201
   16519
   17359
   17757
   18803
   20209
   21003
   21498
   22521
   23596
   23872
   23807
   24513
   25274
   25377
   25451
   25846
   25594
   24648
   23956
   23097
   21282
   20261
   21157
   22520
   23613
   27767
   37867
   52973
   74475
  101933
  127043
  137128
  133049
  125450
  118667
  113470
  111670
  115348
  119036
  115926
  107843
   98592
   83270
   61905
   41688
   24272
    8659
   -6170
  -20235
  -32715
  -43379
  -52337
  -59310
  -63916
  -67636
  -72698
  -78400
  -81279
  -81765
  -80568
  -76984
  -70687
  -62744
  -53754
  -43652
  -33532
  -24063
  -14448
   -3978
    5968
   14414
   22164
   30043
   38690
   48701
   56374
   62939
   69637
   75532
   80639
   84046
   83020
   77995
   70443
   62070
   53086
   44223
   36985
   30898
   24869
   19057
   14337
    9968
    5445
    1510
   -1547
   -4543
   -7521
   -9006
   -9151
  -10287
  -12283
  -12841
  -12170
  -11270
  -10142
   -8348
   -6977
   -5763
   -3852
   -1043
    1739
    4164
    7068
   10452
   13112
   15218
   17830
   21068
   23829
   27404
   37968
   54304
   68990
   76755
   81381
   83733
   84846
   84305
   82563
   79520
   71681
   60315
   49041
   32908
   19590
   15563
   22132
   35028
   44482
   49451
   55272
   59524
   63308
   69770
   76306
   80768
   81687
   75770
   60399
   43794
   30906
   21893
   15195
    6418
   -4145
  -13439
  -21082
  -27327
  -30922
  -32491
  -34320
  -36462
  -37038
  -35900
  -34320
  -32292
  -29159
  -24705
  -19760
  -14805
   -9646
   -4874
   -3847
  -12850
  -30915
  -47190
  -60013
  -70294
  -73962
  -67750
  -56119
  -44740
  -38283
  -35345
  -31164
  -24214
  -15440
   -6340
    2858
   12887
   23458
   33219
   41907
   50399
   58247
   65975
   77076
   93565
  113111
  130226
  150157
  168417
  176985
  182351
  188811
  194354
  195938
  191733
  181845
  169268
  155634
  140545
  123167
   99156
   59773
    4739
  -53866
 -108182
 -154658
 -191179
 -214394
 -228559
 -238268
 -244853
 -246812
 -243236
 -236172
 -226892
 -214434
 -199998
 -185318
 -168167
 -146504
 -121510
  -94741
  -66538
  -37600
   -9667
   18265
   48048
   79188
  109555
  137199
  162002
  183184
  198834
  208657
  212807
  211211
  205541
  198839
  192042
  184324
  175701
  166089
  154791
  141055
  125466
  109300
   92478
   74490
   55963
   38014
   20409
    2597
  -14616
  -30149
  -44452
  -58166
  -70554
  -80490
  -88369
  -94990
  -99751
 -101549
 -100850
  -98597
  -94479
  -87788
  -79540
  -70700
  -60907
  -49561
  -37611
  -25840
  -13776
   -1115
   11054
   22242
   33156
   43894
   53340
   61486
   69160
   75905
   80771
   84091
   86826
   88505
   88464
   87379
   86045
   83741
   79865
   75269
   70820
   65850
   59897
   53713
   47748
   41302
   34339
   27864
   22041
   15861
    9377
    3789
    -653
   -4781
   -9203
  -13165
  -15947
  -18371
  -21296
  -23942
  -24636
  -24637
  -24639
  -23713
  -21805
  -19802
  -17699
  -14493
  -10502
   -6951
   -3625
     327
    4343
    7659
   10867
   14616
   17975
   20539
   23232
   26392
   29139
   31216
   33372
   35586
   37935
   40345
   42797
   45545
   47798
   49023
   50061
   51600
   52845
   52992
   52540
   52394
   51926
   50222
   47717
   45464
   43109
   39808
   35966
   32558
   29171
   25166
   21187
   17899
   14331
   10086
    6214
    3185
     158
   -2917
   -4879
   -5462
   -5678
   -5754
   -4788
   -2852
   -1033
     728
    3244
    6166
    8483
   10368
   12695
   15141
   16776
   17925
   19712
   21707
   22851
   23344
   24301
   25663
   26549
   26633
   26835
   27653
   28395
   28488
   28667
   29676
   30525
   30667
   31091
   32318
   33411
   33846
   34512
   35666
   36227
   36031
   35825
   36026
   36193
   35767
   35382
   34434
   32396
   29899
   27748
   25643
   23337
   21562
   20495
   19067
   17016
   15313
   14163
   12118
    9413
    8194
    8089
    7926
    7009
    6092
    6212
    6750
    7072
    7679
    9279
   11299
   12880
   14519
   16958
   19648
   21986
   24527
   27994
   31556
   34431
   37140
   40160
   42843
   44652
   46379
   48694
   50467
   51117
   51454
   51969
   51826
   50511
   48929
   47590
   45596
   42640
   39727
   37308
   34658
   31342
   28296
   25904
   23195
   19937
   17009
   14727
   12152
    9524
    8255
    8472
    9315
   10419
   12531
   15177
   17540
   20095
   23353
   26383
   28770
   31348
   34106
   36064
   37506
   39319
   40821
   40933
   40223
   40028
   40063
   39194
   37983
   37559
   36974
   35522
   33901
   32859
   31422
   29441
   28079
   27025
   25207
   23040
   21399
   19989
   18214
   16741
   16187
   15831
   15139
   14736
   15238
   15872
   15879
   15906
   16860
   18292
   19226
   20042
   21899
   24163
   25802
   27546
   30166
   33089
   35406
   37393
   40055
   42813
   44679
   45796
   47073
   48280
   48364
   47595
   47316
   47149
   46126
   44652
   43615
   42587
   40652
   38232
   36459
   34738
   31644
   27788
   25143
   23255
   21935
   21000
   20888
   22445
   24897
   27526
   29758
   32368
   36288
   40292
   43006
   44275
   45264
   46724
   48295
   49080
   48443
   47269
   46232
   44057
   39399
   33947
   30573
   29194
   28042
   26681
   25674
   24862
   23167
   20776
   19406
   18723
   17523
   16326
   16901
   18852
   20365
   21789
   24072
   26621
   28862
   31247
   33971
   36453
   38595
   41420
   44674
   47118
   48554
   50096
   52070
   54016
   54931
   54582
   54154
   54261
   54460
   53793
   51860
   49736
   48130
   46416
   43809
   40915
   38920
   37423
   35369
   33033
   31585
   30601
   29025
   27217
   26360
   26075
   25428
   24678
   24685
   24798
   24214
   23686
   24053
   24426
   24145
   23907
   24533
   25368
   25425
   25060
   25433
   26670
   28265
   29399
   30011
   31092
   32966
   34649
   35544
   36617
   38483
   40430
   41598
   42391
   43740
   44971
   45342
   45352
   45759
   45643
   44517
   43308
   42403
   40911
   38835
   37279
   36065
   34284
   32309
   31130
   30387
   29122
   27531
   26872
   27775
   29479
   30338
   30722
   31731
   32903
   33243
   33414
   34623
   36305
   37236
   37382
   37888
   38911
   39477
   39419
   39259
   39360
   39300
   38871
   38945
   39644
   40018
   39884
   40694
   42537
   43581
   43540
   43570
   44059
   44081
   43473
   43362
   43938
   44212
   43989
   44242
   45238
   46072
   46021
   45811
   46334
   47228
   47520
   47033
   46889
   47310
   47512
   46795
   45808
   45542
   45585
   44946
   43710
   43021
   42881
   42268
   40578
   38694
   37378
   36166
   35173
   35918
   38077
   39812
   40761
   41728
   42597
   42129
   39636
   36405
   34657
   33130
   31648
   31701
   32211
   32193
   32476
   34203
   36313
   37387
   37757
   38469
   39270
   39416
   39862
   41982
   44834
   46741
   47510
   48215
   49040
   49140
   48463
   48018
   47820
   46889
   45320
   44284
   43515
   42055
   40262
   39022
   37727
   35733
   33748
   32617
   31823
   30823
   30221
   30619
   31239
   31533
   32185
   33540
   34654
   35112
   35795
   37318
   38789
   39584
   40429
   42077
   43750
   44451
   44984
   46119
   47211
   47595
   47791
   48650
   49702
   50076
   50344
   50971
   50450
   49189
   48218
   48010
   47704
   46751
   46005
   46114
   46240
   45920
   45534
   44761
   42470
   38926
   35682
   33327
   31078
   28925
   28083
   28067
   27797
   27408
   27968
   29516
   31416
   35495
   40727
   44012
   45617
   46262
   47274
   48895
   50190
   50863
   51882
   53441
   54421
   54618
   54998
   55766
   56052
   55528
   55275
   55643
   55538
   54629
   53779
   52923
   51907
   50853
   50005
   49224
   47668
   45690
   44180
   42572
   40088
   37488
   35684
   34042
   31853
   29427
   27724
   26523
   24874
   22589
   20787
   19937
   19321
   18358
   17823
   18427
   19551
   20403
   21347
   23303
   25613
   27429
   29208
   31775
   34476
   36436
   37848
   39300
   41118
   42627
   43758
   45383
   46869
   47418
   47649
   48349
   48864
   48560
   48159
   48515
   48693
   48099
   47713
   48153
   48396
   47865
   47339
   47344
   46930
   46037
   45719
   45694
   45270
   44868
   45174
   45417
   45028
   44447
   44049
   43307
   42068
   41229
   41009
   40387
   38928
   37713
   37431
   37750
   38269
   38308
   37902
   38182
   39593
   41116
   41725
   42208
   43390
   44704
   45352
   45849
   47161
   48648
   49421
   50064
   51428
   52451
   52373
   52055
   52244
   52137
   50944
   49152
   47902
   46489
   44349
   42282
   41117
   40288
   39105
   38309
   38708
   39375
   39435
   39401
   40339
   41597
   42288
   42912
   44322
   45917
   46720
   47126
   48323
   49976
   51146
   51679
   52473
   54253
   56389
   57561
   58776
   60004
   60012
   59372
   59257
   58547
   55381
   50165
   44089
   38878
   34897
   30941
   27668
   25701
   24164
   22738
   22224
   22762
   23235
   23281
   24699
   28445
   32967
   37089
   40636
   43701
   46006
   47590
   49492
   52194
   54810
   56398
   58056
   61506
   64659
   64987
   64973
   65853
   66878
   67409
   68005
   69022
   69395
   68674
   67696
   67053
   65950
   63828
   61481
   59803
   57994
   55234
   52247
   49956
   49434
   52814
   55241
   55922
   54881
   52192
   49036
   46290
   43190
   39171
   35374
   32483
   29704
   26025
   21834
   18329
   15110
   11814
    9420
    8594
    8564
    9009
   10486
   13424
   16507
   18715
   20780
   23781
   27309
   30531
   34012
   38559
   43187
   46964
   50609
   54847
   58662
   61495
   64396
   67679
   70205
   71781
   73520
   75299
   76189
   76479
   77029
   77531
   76957
   75548
   74324
   73051
   70897
   68206
   65822
   63251
   58547
   50656
   43201
   36852
   30675
   24694
   19826
   15934
   12085
    8537
    6424
    5639
    5154
    4965
    6075
    8440
   10889
   13324
   16633
   19663
   22611
   26682
   33877
   41901
   47393
   51956
   57256
   62795
   67272
   70614
   73814
   76960
   79229
   81490
   84518
   87392
   88600
   88551
   90232
   94798
   97750
   98717
   99476
  100355
   99830
   97545
   94696
   91393
   86650
   80577
   74393
   68126
   61269
   54181
   47806
   41937
   35732
   29446
   24130
   19687
   15217
   10834
    7677
    5846
    4449
    3200
    3236
    4196
    5243
    6720
    9161
   12842
   16908
   20706
   25088
   30027
   34545
   38436
   42349
   46228
   49472
   52134
   55287
   58899
   61869
   64036
   66400
   68943
   70723
   71836
   73306
   74879
   75467
   75169
   74938
   74531
   73062
   70806
   68864
   67208
   64902
   61922
   59332
   57118
   54323
   51168
   48717
   46919
   45048
   43408
   42631
   42181
   41152
   39685
   38659
   37746
   36506
   35752
   36531
   38340
   40764
   43501
   46775
   49928
   52213
   54074
   56267
   58269
   59696
   61234
   63354
   64903
   65135
   65131
   65751
   66085
   65668
   65478
   65827
   65608
   64568
   63867
   63720
   63195
   62278
   61992
   62278
   62112
   61317
   60905
   60846
   60358
   59744
   59972
   60718
   60913
   60524
   60411
   60356
   59496
   58137
   57498
   57135
   55867
   53997
   52662
   51732
   50747
   50087
   50565
   51112
   50894
   50866
   51504
   51881
   51568
   51298
   51553
   51438
   51042
   51153
   51387
   51179
   51181
   52112
   52947
   52927
   52829
   53334
   53892
   53679
   53218
   53545
   54131
   53923
   53277
   53284
   53550
   53310
   53097
   53741
   54597
   54867
   55114
   56072
   57156
   57941
   58998
   60482
   61448
   62194
   63967
   66267
   67584
   67970
   68451
   69032
   68921
   68391
   69033
   70588
   71409
   72428
   74686
   76956
   78106
   78431
   78739
   78153
   76254
   74122
   72647
   71033
   68708
   66540
   64927
   62872
   60124
   57683
   55976
   54229
   52158
   50684
   50020
   49130
   47781
   47101
   46999
   46458
   45744
   45911
   46590
   46976
   47456
   48823
   50384
   51477
   52689
   54529
   56165
   57295
   58547
   60082
   60911
   60845
   60843
   61118
   60945
   60227
   60015
   60420
   60425
   59784
   59465
   59486
   59020
   58291
   58127
   58266
   57872
   57651
   59414
   61756
   62505
   62355
   62790
   62742
   61079
   58402
   56158
   54448
   52424
   50490
   49766
   49746
   49516
   49392
   49945
   50508
   50469
   50391
   51149
   52188
   52834
   53824
   55432
   56798
   58142
   60605
   63551
   65567
   66578
   67938
   69584
   70550
   71039
   71968
   73024
   73391
   73557
   74313
   74926
   74635
   74192
   74410
   74415
   73468
   72432
   71866
   70824
   68893
   67015
   65563
   63724
   61423
   59675
   58491
   56789
   54451
   52561
   51120
   49420
   47658
   46849
   46466
   45545
   44773
   45189
   46104
   46596
   47133
   48412
   49660
   50279
   51159
   52912
   54538
   55660
   57240
   59590
   61615
   62918
   64635
   66578
   67525
   67536
   67786
   68214
   67931
   67281
   67079
   66779
   65791
   64658
   64233
   63715
   62332
   60812
   59784
   58509
   56641
   55263
   55151
   55143
   54901
   55264
   56077
   56431
   56363
   56643
   57268
   57435
   57388
   57909
   58536
   58848
   59437
   61062
   62899
   64267
   65756
   67671
   69062
   69514
   69823
   70531
   70766
   70521
   70881
   71654
   71418
   70130
   69164
   68620
   67667
   66744
   66669
   66770
   66531
   66484
   66531
   65295
   62943
   61107
   59858
   58354
   56964
   56582
   56437
   55827
   55405
   55812
   56250
   56141
   56324
   57229
   57987
   58380
   59263
   60666
   61454
   61487
   61850
   62552
   62611
   62172
   62372
   62917
   62892
   62622
   62923
   63273
   62944
   62401
   62518
   62531
   61886
   61495
   61690
   61351
   60146
   59252
   59053
   58498
   57329
   56258
   55023
   52926
   50622
   49035
   47492
   45486
   43855
   43030
   42087
   40745
   39808
   39487
   38822
   37933
   38081
   39103
   39861
   40531
   42135
   44209
   46033
   48226
   51290
   54315
   56551
   58746
   61501
   63865
   65544
   67448
   69495
   70850
   71764
   73099
   74210
   74121
   73480
   73321
   73110
   71897
   70220
   69176
   68520
   67391
   65720
   64521
   63929
   63062
   61121
   58843
   57195
   55723
   53729
   51724
   50729
   50187
   49253
   48411
   48559
   48935
   48684
   48557
   49240
   49892
   49919
   50044
   50893
   51621
   52020
   53028
   55001
   56941
   58300
   59975
   62049
   63505
   64350
   65630
   67403
   68722
   69125
   69635
   70428
   70590
   70108
   69944
   69993
   69285
   68047
   67460
   67211
   66238
   64749
   63817
   63026
   61703
   60524
   60165
   59973
   59411
   59059
   59399
   59574
   59230
   59136
   59679
   59875
   59052
   58027
   57430
   56410
   54662
   53326
   52734
   52011
   50651
   49624
   49462
   49211
   48568
   48411
   48743
   48468
   47787
   47786
   48384
   48541
   48227
   48689
   50318
   52126
   53451
   54951
   56739
   57786
   58218
   59071
   59889
   59711
   59106
   59230
   59623
   59585
   59537
   60140
   60714
   60641
   60612
   61495
   62547
   62812
   63091
   64211
   65303
   65741
   66074
   66814
   67097
   66607
   66428
   66685
   66360
   65097
   64000
   63456
   62755
   61694
   60963
   60582
   59685
   58255
   57409
   57118
   56379
   55213
   54713
   54841
   54649
   54217
   54660
   55704
   56449
   56900
   57929
   59104
   59524
   60073
   61682
   63500
   64869
   66306
   67998
   69268
   70156
   71472
   72985
   73663
   73614
   73921
   74230
   73408
   71976
   71312
   70568
   68613
   66135
   64396
   62897
   60744
   58528
   57486
   57549
   57320
   56663
   56615
   56451
   55828
   55762
   56693
   57481
   57188
   57123
   58438
   60355
   62063
   64012
   66085
   67666
   69340
   70613
   71681
   73624
   76246
   78528
   79258
   79009
   79266
   80336
   82075
   84535
   88702
   95512
  103990
  112657
  121303
  130593
  139889
  147757
  154050
  159544
  163733
  165702
  165700
  164671
  161990
  156466
  148504
  139387
  129403
  118092
  105615
   93535
   82424
   71547
   60213
   49244
   39860
   31643
   23767
   16291
   10478
    6731
    4276
    2314
    1033
    1470
    3699
    6730
    9610
   12735
   17114
   22952
   28972
   34717
   41153
   48165
   54640
   60230
   65864
   71629
   76340
   79864
   83692
   88531
   93023
   96021
   98234
   99696
   99408
   98206
   97416
   96883
   95698
   93153
   90262
   87322
   83566
   78610
   73522
   68969
   64297
   59099
   54107
   50010
   46003
   41477
   37286
   34291
   31674
   28742
   26034
   24415
   23391
   22304
   22061
   23381
   25259
   27174
   29842
   33568
   37315
   40776
   44763
   49688
   54885
   59528
   64253
   69494
   74346
   78085
   81437
   85163
   88334
   90194
   92047
   94661
   96894
   97828
   97900
   98004
   97650
   96037
   93633
   91472
   89111
   85737
   81867
   78554
   75003
   70646
   66169
   62380
   58615
   54351
   50623
   48149
   45978
   43498
   41562
   40562
   39516
   38101
   37277
   37354
   37344
   36993
   37393
   38903
   40605
   41899
   43518
   46278
   49323
   51807
   54351
   57783
   61471
   64424
   67045
   70266
   73465
   75866
   77868
   80339
   82568
   83716
   84231
   84991
   85322
   84457
   83121
   82146
   80656
   78429
   76255
   74661
   73431
   71422
   68687
   66298
   63849
   60552
   56886
   53761
   51013
   48043
   45183
   43186
   41331
   39019
   37218
   36731
   36683
   36413
   36612
   37985
   39666
   40953
   42484
   44910
   47600
   49851
   52548
   56524
   60545
   63553
   65916
   68544
   71127
   72822
   73774
   75048
   76506
   77153
   76954
   76872
   76912
   76277
   75074
   74279
   73660
   72331
   70576
   69247
   68020
   65991
   63570
   61884
   60561
   58693
   56493
   55016
   53774
   51930
   50022
   48973
   48246
   47097
   46001
   45905
   46166
   46140
   46497
   47843
   49326
   50340
   51655
   53829
   55927
   57348
   59061
   62673
   67730
   72477
   76863
   80960
   83687
   84995
   86101
   87190
   87324
   86285
   85080
   84039
   82252
   79602
   77126
   74904
   71903
   68217
   64951
   61921
   58287
   54343
   51106
   48207
   44736
   40996
   37947
   35236
   32170
   29369
   27724
   26655
   25482
   24768
   25479
   26904
   28260
   30061
   32998
   35878
   38515
   42086
   46445
   50563
   53915
   57232
   61182
   64710
   67299
   69722
   72311
   74139
   75053
   76100
   77421
   78085
   78139
   78465
   78457
   77479
   76218
   75431
   74372
   72291
   69610
   67259
   64657
   61173
   57622
   55262
   53964
   53005
   52768
   53483
   54602
   54453
   52340
   47998
   43203
   41330
   44874
   50739
   57052
   63084
   67358
   67892
   68000
   75633
   89196
  103630
  113594
  118632
  122924
  120342
  114223
  109235
  108252
  121062
  130859
  128711
  121434
  112978
  102278
   89095
   75335
   62051
   48363
   34316
   20931
    9159
   -1790
  -12407
  -21473
  -28873
  -35411
  -40807
  -44256
  -45907
  -46656
  -46073
  -42896
  -38026
  -32825
  -26623
  -18313
   -8894
     771
   11033
   21719
   31693
   40407
   48628
   56766
   63993
   69944
   75771
   81571
   86164
   89724
   96793
  107557
  114317
  117028
  117592
  117023
  114896
  110837
  106802
  102879
   97898
   91382
   84106
   77336
   70932
   64086
   56819
   50277
   44753
   39387
   33852
   28964
   25207
   21736
   18088
   15104
   14742
   19425
   25979
   32922
   39910
   45843
   50628
   54741
   57779
   59681
   61173
   63271
   66850
   70320
   71740
   71755
   71572
   71505
   72416
   78346
   87048
   91958
   97580
  105175
  112072
  115499
  114642
  116167
  120468
  119996
  115105
  109534
  104357
   99757
   95221
   90594
   85591
   78796
   70152
   60995
   51545
   41153
   30456
   20662
   11592
    3194
   -4263
  -10349
  -14771
  -20232
  -28643
  -44656
  -63863
  -76814
  -83376
  -82849
  -74354
  -58530
  -38670
  -17743
    2212
   20299
   36556
   50767
   63457
   75524
   87518
   97028
  100871
   95629
   84004
   69891
   58906
   51811
   48186
   44237
   39803
   37569
   37735
   41003
   45283
   49512
   52675
   54931
   57140
   59916
   63660
   68174
   72417
   75819
   78709
   80270
   80449
   79943
   79572
   79227
   77755
   75981
   75223
   74779
   74316
   74246
   74204
   73070
   70806
   68532
   66528
   64149
   61415
   59052
   56701
   53817
   50704
   48296
   46070
   43019
   39583
   37083
   34948
   32401
   29901
   28251
   27033
   25564
   24294
   24153
   24506
   24688
   25094
   26544
   28448
   29880
   31153
   33166
   35510
   37372
   39111
   41674
   44612
   47108
   49611
   52782
   55811
   58231
   60581
   63535
   66282
   68081
   69493
   71278
   72707
   73335
   73861
   74731
   75055
   74478
   73882
   73512
   72495
   70509
   68560
   67045
   65035
   62159
   59269
   56747
   53677
   49622
   45516
   42025
   38419
   34267
   30581
   27872
   25457
   23332
   22496
   23184
   23985
   24722
   26546
   29090
   31449
   33876
   37261
   41093
   44490
   47778
   51701
   55571
   58724
   61723
   65192
   68168
   69967
   71473
   73370
   74845
   75228
   75335
   75977
   76872
   77205
   76880
   76615
   75900
   73965
   71342
   69127
   66879
   63971
   60808
   58129
   55401
   51953
   48404
   45551
   42895
   39861
   37010
   35110
   33299
   31053
   29095
   27824
   26369
   24456
   22993
   22209
   21181
   20141
   20123
   20915
   21435
   21921
   23516
   25913
   28188
   30659
   34320
   38619
   42638
   46797
   51899
   57242
   61917
   66249
   70993
   75626
   79475
   82994
   86600
   89094
   90319
   91166
   92033
   91947
   90335
   88087
   85982
   83388
   79618
   75422
   71599
   67321
   62145
   56957
   52436
   47743
   42597
   37879
   33645
   29141
   24709
   21053
   17476
   13745
   10725
    8718
    6803
    5002
    4340
    4910
    5630
    5901
    6587
    8466
   11303
   14586
   17676
   20716
   24694
   29546
   34351
   38497
   42668
   47538
   52346
   56364
   60150
   64670
   69178
   72842
   76141
   79783
   83002
   85277
   87268
   89245
   90180
   89942
   89504
   88898
   87144
   84247
   81554
   79167
   76138
   72029
   67769
   63963
   59989
   54886
   49024
   43568
   38759
   34637
   31158
   29103
   28847
   29207
   28807
   27602
   26682
   26305
   25660
   24390
   23530
   23643
   23870
   23767
   24078
   25244
   26520
   27599
   29378
   32091
   34688
   36958
   39881
   43685
   47415
   50572
   53922
   57647
   60729
   62425
   63467
   64953
   66571
   67352
   67281
   67682
   68409
   68550
   67662
   66516
   65630
   64216
   61686
   58801
   56439
   54104
   51040
   47563
   44788
   42498
   39703
   36302
   33373
   31128
   29055
   26622
   24538
   23708
   23839
   24180
   23815
   23246
   23549
   24689
   25683
   26080
   27002
   28865
   30844
   32193
   33639
   36007
   38520
   40446
   42277
   44711
   47029
   48624
   50258
   52556
   54643
   56061
   57628
   59820
   61943
   63178
   63948
   65127
   66544
   67518
   67481
   67163
   67373
   67920
   67941
   66746
   65140
   64102
   63191
   61449
   59001
   56897
   55384
   53724
   51306
   48933
   47618
   47058
   46341
   45282
   44934
   45332
   45350
   44606
   44033
   44088
   44453
   44490
   44503
   45861
   47747
   48624
   48192
   47762
   47722
   47094
   45415
   43696
   42707
   42046
   40849
   38893
   37213
   36306
   35633
   34665
   33769
   33856
   34493
   34659
   34471
   35044
   36398
   37617
   38377
   39652
   41715
   43518
   44581
   45598
   46954
   47551
   47132
   46723
   46684
   46240
   44866
   43294
   42564
   42383
   41885
   40868
   40327
   40627
   41001
   40718
   40392
   41078
   42500
   43644
   44439
   45976
   48350
   50683
   52253
   53612
   55452
   57232
   58118
   58348
   59047
   60044
   60453
   60041
   59724
   59832
   59386
   57972
   56517
   55494
   53975
   51625
   49402
   47802
   45946
   43485
   41251
   39864
   38608
   36962
   35612
   35125
   34630
   33675
   33029
   33410
   34208
   34493
   34195
   34370
   35310
   36464
   37057
   36894
   36942
   37858
   38959
   39307
   39057
   39428
   40545
   41594
   42115
   42942
   44590
   46030
   46680
   47400
   48736
   49823
   50062
   50204
   51068
   51958
   52013
   51704
   51998
   52251
   51764
   51066
   51005
   51034
   50223
   48907
   48216
   47755
   46647
   44883
   43469
   41771
   39948
   37784
   36084
   37792
   41491
   43780
   44585
   45531
   47091
   48105
   47263
   46256
   46350
   47385
   48046
   48999
   54543
   65504
   78505
   89612
   97149
   99378
   91648
   70852
   39786
    3058
  -36797
  -78444
 -120162
 -159650
 -194564
 -224867
 -250667
 -270576
 -283817
 -291046
 -293002
 -289201
 -278761
 -262370
 -241414
 -216531
 -187092
 -153650
 -117971
  -80839
  -41929
   -2083
   37153
   75150
  112331
  148232
  181363
  211211
  238620
  263283
  283387
  298530
  309615
  316469
  318227
  314725
  307083
  296116
  281187
  261893
  239465
  215029
  188215
  158768
  127813
   96752
   65524
   33783
    2311
  -27435
  -55508
  -82471
 -107731
 -130094
 -149754
 -167402
 -182267
 -192929
 -199914
 -203856
 -204413
 -201049
 -194596
 -185990
 -175167
 -161418
 -145098
 -127307
 -108098
  -86881
  -64366
  -41989
  -20190
    2034
   24608
   46114
   65769
   84378
  102161
  117924
  130943
  141841
  151065
  157664
  161079
  162192
  161713
  158814
  153187
  145798
  137144
  126440
  113984
  100985
   87679
   73227
   57721
   42565
   28132
   13736
    -565
  -13629
  -25129
  -35969
  -46131
  -54395
  -60678
  -65930
  -70334
  -72969
  -73890
  -74049
  -73282
  -70667
  -66545
  -61862
  -56441
  -49348
  -40965
  -32240
  -23274
  -13315
   -2364
    8585
   18910
   29195
   39889
   50166
   59216
   67563
   76035
   83837
   89973
   94900
   99353
  102422
  103531
  103401
  102704
  100813
   97089
   92159
   87011
   81152
   73963
   65999
   58125
   49785
   40408
   30903
   22236
   13737
    4965
   -3227
   -9992
  -15948
  -21638
  -26430
  -29534
  -31762
  -33699
  -34690
  -34105
  -32739
  -31229
  -28965
  -25292
  -20968
  -16590
  -11454
   -5054
    1611
    7822
   14145
   21033
   27541
   33269
   39080
   45300
   50742
   55093
   59464
   64202
   68314
   71355
   74000
   76387
   77429
   77012
   76240
   75366
   73438
   70501
   67669
   65026
   61730
   57991
   54758
   51854
   48445
   44878
   42344
   40433
   37943
   35115
   32941
   30773
   27636
   24191
   22009
   22060
   26131
   33680
   41445
   47389
   50899
   52690
   53431
   53603
   52964
   51475
   49854
   48136
   45529
   42444
   40298
   38998
   37571
   36047
   35155
   34755
   33998
   32913
   32263
   31623
   30094
   28042
   26676
   25687
   24190
   22429
   21423
   20930
   20160
   19519
   19884
   20789
   21443
   21871
   23226
   25154
   26664
   28304
   30805
   33355
   35020
   36153
   37814
   39537
   40553
   41182
   42316
   43385
   43646
   43730
   44544
   45345
   45248
   44808
   45222
   45973
   45970
   45420
   45327
   45222
   44356
   43303
   43151
   43323
   42992
   42588
   42980
   43585
   43596
   43578
   44419
   45184
   45060
   44769
   45257
   45935
   46409
   47077
   48511
   49674
   49787
   49567
   49829
   50063
   49674
   49462
   50183
   51111
   51325
   51390
   52233
   53002
   53025
   52832
   53234
   53408
   52647
   51495
   50638
   49694
   48039
   46318
   45333
   44442
   43124
   41614
   40572
   39433
   37566
   35650
   34542
   33490
   31792
   30115
   29305
   28566
   27422
   26702
   27028
   27722
   28066
   28761
   30388
   31822
   32718
   34244
   36455
   37639
   37947
   39122
   41076
   42480
   43329
   44394
   46312
   48541
   50474
   52448
   54633
   56738
   58430
   59895
   60921
   61062
   60160
   59227
   59012
   58465
   57075
   55605
   54769
   53675
   52278
   51474
   51529
   51331
   50488
   50013
   50055
   49733
   48825
   48004
   47783
   47158
   45861
   44785
   43867
   42321
   40040
   38129
   36426
   34191
   31944
   30582
   29551
   28275
   27167
   27767
   29543
   31056
   32627
   35272
   38550
   41464
   44479
   48346
   52034
   54797
   57154
   59845
   62209
   63570
   64621
   66128
   67621
   68379
   68813
   69613
   69875
   68677
   66440
   64200
   62046
   59022
   55753
   53000
   50131
   46933
   44151
   41870
   36951
   27759
   17406
    8318
    2296
   -1294
   -2464
   -1871
   -1044
    -208
    1443
    3930
    6647
    9770
   13941
   18831
   23382
   27495
   32300
   38223
   44196
   49360
   54326
   59239
   63446
   66333
   68834
   71367
   73112
   73713
   74280
   75319
   75758
   75538
   75129
   74604
   73039
   70914
   69098
   67376
   64742
   61530
   58710
   55903
   52520
   48867
   45842
   42789
   38926
   34819
   31686
   29298
   26754
   24855
   24884
   25920
   26187
   25860
   25875
   25740
   25060
   24790
   25786
   27054
   28173
   29864
   32504
   35148
   37307
   39820
   43070
   46165
   48550
   50962
   53998
   57044
   59331
   61188
   63476
   65903
   67682
   69003
   70421
   71196
   70924
   72073
   78024
   84966
   91616
   97835
  104041
  110350
  116091
  121578
  127206
  132545
  136832
  140719
  144574
  146567
  145775
  142611
  138320
  133157
  126410
  117916
  108076
   96845
   83872
   69636
   55673
   41907
   27755
   14205
    2219
   -8113
  -17479
  -26479
  -33606
  -38960
  -43364
  -46761
  -47973
  -46728
  -44139
  -40656
  -35521
  -28523
  -20777
  -12960
   -4453
    5001
   14534
   23504
   32312
   41660
   51214
   60035
   68188
   76434
   84055
   90213
   95391
  100334
  104317
  106679
  107912
  108838
  108776
  107191
  104821
  102465
   99894
   96805
   93053
   88810
   83776
   78291
   73447
   69015
   64064
   58743
   53900
   49059
   43728
   38590
   34351
   30607
   26487
   22268
   19197
   17385
   15442
   13154
   11972
   11570
   10312
    9220
    9642
   11691
   14476
   16856
   18883
   21740
   25543
   29236
   32659
   36720
   41176
   45199
   49157
   53821
   58472
   62340
   65771
   69382
   72565
   74684
   76296
   78007
   78891
   78330
   77190
   76179
   74517
   71931
   69204
   66507
   62870
   58204
   53951
   50720
   47508
   43508
   39439
   36021
   31622
   20216
    5217
   -3532
   -7618
  -10026
  -10926
   -9231
   -5786
   -2368
    1305
    5749
    9980
   13981
   18798
   24336
   29939
   35985
   43349
   51450
   59367
   67597
   76393
   84763
   92494
  100016
  106603
  111633
  115902
  119702
  122114
  123427
  124574
  125021
  124006
  122100
  120080
  117219
  112886
  107930
  103090
   97681
   91398
   85062
   79452
   73962
   68058
   62486
   57503
   52345
   47139
   42888
   39283
   35591
   32417
   30480
   29084
   27700
   27109
   27914
   29217
   30344
   31970
   34712
   37853
   40614
   43443
   47133
   51137
   54545
   57674
   61475
   65407
   68853
   71660
   74454
   76930
   78347
   79228
   80468
   81453
   81759
   81975
   82542
   82382
   81219
   79877
   78662
   76785
   73863
   70875
   68310
   65190
   61254
   57513
   54117
   50220
   45722
   41597
   38123
   34454
   30376
   27015
   24688
   22471
   19955
   18082
   17252
   16400
   15316
   14950
   15577
   16319
   16754
   17853
   19928
   22063
   23811
   25856
   28591
   31081
   33062
   35362
   38414
   41473
   44101
   47078
   50651
   53763
   56057
   58336
   60938
   62923
   63866
   64630
   65469
   65391
   64447
   63681
   62995
   61315
   58959
   57012
   55111
   52496
   49420
   46950
   44841
   42119
   38865
   36031
   33182
   29785
   26491
   23582
   20182
   16386
   13265
   10395
    6888
    3421
     922
    -637
   -1925
   -3356
   -4040
   -3119
    -250
    3536
    6790
    9916
   13785
   18017
   21434
   24497
   28032
   31435
   34087
   36684
   39906
   42666
   44522
   46406
   48077
   48616
   48482
   48451
   47748
   46072
   44640
   43496
   41175
   38046
   35570
   33192
   30310
   27677
   25532
   23119
   20750
   19041
   17078
   14808
   13224
   12005
   10575
    9727
    9899
   10041
    9887
   10284
   11537
   13328
   14990
   16042
   17170
   19041
   21087
   22413
   23267
   24729
   26320
   27550
   29656
   32523
   35550
   37776
   38981
   39829
   40878
   41671
   41555
   40841
   40086
   39287
   37896
   35874
   34152
   32913
   31325
   28999
   26749
   24516
   22106
   19561
   17241
   15726
   14450
   12949
   11758
   11411
   11359
   11185
   11426
   12372
   13282
   13871
   14963
   16884
   18844
   20383
   22068
   24527
   27332
   29362
   30530
   32233
   34775
   37197
   38416
   39230
   40861
   42626
   43435
   43383
   43565
   43996
   43814
   42934
   42440
   42349
   41598
   40293
   39395
   38926
   37899
   36249
   34843
   33531
   31541
   28866
   26412
   24225
   21728
   18616
   15959
   14146
   11887
    9126
    7281
    6478
    5631
    3962
    2999
    3078
    3280
    3374
    3416
    4634
    6500
    7996
    9627
   12152
   14803
   16890
   18764
   21138
   23452
   25157
   26881
   29293
   31521
   32889
   34051
   35615
   36856
   37269
   37605
   38575
   39417
   39586
   39753
   40439
   40811
   40543
   40361
   40753
   40899
   40253
   39713
   40041
   40522
   40511
   40607
   41132
   40922
   39569
   38136
   37164
   36100
   34478
   32815
   31227
   28903
   26177
   24114
   22386
   20431
   19027
   18675
   18436
   18289
   18976
   20227
   21023
   21495
   22664
   24461
   26000
   26871
   27821
   29400
   30998
   31774
   32099
   32852
   33574
   33627
   34243
   35743
   37420
   38336
   38425
   38798
   39653
   40214
   40050
   39938
   40201
   39912
   38867
   38088
   37555
   36397
   34889
   33879
   32856
   31449
   30424
   29997
   29193
   28976
   32586
   36752
   37131
   31371
   23224
   18703
   15801
   14306
   14690
   16034
   17404
   18108
   18736
   20088
   21894
   23405
   24277
   25205
   26577
   27731
   28049
   28000
   28625
   29587
   29920
   30032
   30877
   32109
   32906
   33187
   33853
   34654
   34580
   33780
   33431
   33545
   33168
   32320
   32056
   32236
   32365
   32404
   32907
   34100
   35035
   35478
   36965
   39420
   40917
   40738
   39469
   37944
   35656
   32364
   29169
   26432
   23328
   20030
   17572
   15582
   13280
   11129
    9929
    9125
    7748
    6187
    5537
    5826
    6408
    6886
    8094
   10454
   13087
   15116
   16990
   19586
   22342
   24495
   26434
   28738
   30539
   31459
   32388
   33553
   33991
   33359
   32617
   32243
   31295
   29004
   26205
   23624
   20887
   17493
   13568
   10421
    8643
    7519
    6147
    4837
    4784
    5786
    6694
    7392
    8893
   11300
   13820
   16081
   18740
   21661
   24200
   26489
   29831
   34651
   38536
   40222
   40797
   40406
   38625
   35949
   34238
   34350
   36394
   39646
   42870
   46173
   50943
   57634
   65451
   73564
   82634
   93750
  106606
  120260
  133832
  147251
  161203
  176541
  193066
  210566
  228230
  246865
  267749
  290409
  313067
  335936
  359788
  383359
  405148
  425262
  444644
  462865
  478595
  490978
  500010
  505591
  507254
  504317
  496992
  486376
  473383
  458009
  439583
  419203
  397804
  374776
  349619
  322798
  295905
  268803
  240905
  213159
  186746
  161337
  137138
  115649
   97889
   82722
   69470
   59428
   53075
   49612
   48944
   51448
   55590
   60563
   67515
   77897
   91675
  105680
  120698
  142203
  164082
  182354
  197814
  212048
  225316
  236763
  246073
  254235
  262047
  268550
  272877
  275575
  277419
  277658
  275557
  271593
  266458
  259570
  250654
  240534
  229988
  218279
  205076
  191425
  177801
  163382
  148095
  133162
  119465
  106385
   93553
   81669
   70965
   60714
   50909
   42867
   36623
   31282
   27052
   23837
   21806
   20953
   21418
   24003
   28146
   32655
   36054
   40079
   46739
   54358
   62623
   72161
   82372
   92211
  101652
  111328
  120543
  128529
  135795
  143113
  149768
  158722
  171076
  180248
  185617
  187559
  187137
  185076
  180839
  174537
  167617
  159546
  149646
  138801
  128722
  120420
  112668
  104958
   98083
   92040
   86147
   80828
   76482
   72423
   68352
   64793
   61992
   58936
   54787
   50454
   47183
   44297
   41597
   40225
   39668
   38530
   37881
   39882
   43448
   46183
   48099
   50592
   53546
   55202
   55582
   55906
   56305
   56831
   56757
   55604
   53515
   50965
   48698
   47357
   46193
   44231
   41782
   38387
   33841
   28884
   22502
   13188
    1881
   -9349
  -20516
  -32123
  -44239
  -58354
  -75941
  -95915
 -116936
 -140397
 -167126
 -196057
 -226439
 -258191
 -291127
 -324238
 -358667
 -395875
 -435447
 -477031
 -520988
 -564675
 -603442
 -635362
 -660071
 -675859
 -680931
 -676686
 -664759
 -644823
 -616944
 -583127
 -544576
 -501166
 -453567
 -404426
 -355112
 -304981
 -254010
 -203707
 -155043
 -107775
  -62377
  -20478
   17294
   51628
   82405
  108372
  129246
  146023
  158238
  164654
  165752
  162455
  154120
  140478
  122607
  101384
   76596
   48816
   19108
  -13050
  -48463
  -86009
 -123672
 -160868
 -197363
 -231803
 -262847
 -291332
 -317842
 -340925
 -359567
 -374477
 -385567
 -391823
 -393544
 -391644
 -385807
 -375288
 -360405
 -341822
 -320581
 -296904
 -270415
 -241731
 -211799
 -181865
 -152789
 -123926
  -95104
  -67199
  -41027
  -15997
    8320
   30480
   49419
   65776
   80156
   91752
   99832
  105003
  107839
  107453
  103472
   96919
   88570
   77594
   63493
   47352
   30485
   12392
   -7578
  -28293
  -48279
  -67682
  -87362
 -106799
 -124603
 -140898
 -156422
 -170690
 -182235
 -191029
 -198027
 -203318
 -205772
 -205157
 -202178
 -198017
 -192496
 -184432
 -174047
 -162369
 -149842
 -135788
 -120093
 -104053
  -88356
  -72388
  -55967
  -40255
  -25823
  -11910
    1737
   14067
   24670
   34310
   42996
   49611
   54052
   57451
   59791
   60036
   58025
   54890
   51148
   46165
   39290
   31102
   22634
   13970
    4723
   -5823
  -17002
  -27312
  -36220
  -44670
  -53918
  -63136
  -71580
  -79995
  -88255
  -95395
 -100952
 -106004
 -110693
 -113860
 -115512
 -117093
 -119126
 -120360
 -120936
 -121559
 -121952
 -121983
 -123338
 -127565
 -134443
 -143628
 -155676
 -170345
 -186348
 -203147
 -221332
 -240326
 -258544
 -275239
 -290441
 -303677
 -314426
 -323348
 -331575
 -339884
 -350226
 -365012
 -384231
 -406509
 -431276
 -457524
 -483126
 -507084
 -529237
 -548269
 -563061
 -572999
 -576422
 -571724
 -559529
 -541682
 -518138
 -488129
 -453018
 -413544
 -369217
 -321209
 -272023
 -222756
 -174170
 -127915
  -83804
  -40885
     506
   39563
   76110
  109856
  140137
  166702
  189566
  207521
  219913
  227724
  230902
  228562
  221179
  209411
  192339
  169715
  142572
  110991
   75321
   37335
   -1932
  -42383
  -82897
 -122430
 -161110
 -198385
 -232770
 -263856
 -292236
 -317412
 -337834
 -353103
 -364027
 -371124
 -373282
 -369887
 -362096
 -350982
 -336125
 -317048
 -295234
 -272258
 -248095
 -222457
 -196364
 -170714
 -144971
 -118727
  -93202
  -69155
  -45952
  -23555
   -3178
   14984
   31698
   46487
   58187
   67100
   74157
   78606
   79616
   77976
   74520
   68554
   59544
   48322
   35656
   20931
    3735
  -14995
  -34043
  -53722
  -74045
  -93794
 -112590
 -131113
 -148645
 -164077
 -178048
 -190875
 -201580
 -209709
 -216064
 -220773
 -222863
 -222145
 -219357
 -215358
 -209733
 -201450
 -190924
 -178935
 -166544
 -153832
 -139750
 -124360
 -108629
  -93598
  -78880
  -63689
  -48763
  -35405
  -23490
  -12240
   -2317
    5542
   12057
   17830
   21730
   23779
   24922
   24674
   22572
   19452
   15746
   10653
    3923
   -3368
  -10671
  -18231
  -26412
  -35895
  -46459
  -56688
  -65940
  -74427
  -82597
  -90653
  -97736
 -104036
 -110793
 -117983
 -124584
 -130716
 -137133
 -143081
 -147381
 -150736
 -153700
 -155274
 -154806
 -153383
 -151700
 -149107
 -145015
 -139688
 -133852
 -128375
 -122647
 -115647
 -107667
  -99386
  -91739
  -84670
  -76943
  -68632
  -60811
  -54304
  -48576
  -42491
  -36318
  -30914
  -26933
  -23673
  -20249
  -17089
  -15150
  -15015
  -15883
  -16705
  -18058
  -20854
  -24824
  -28636
  -32146
  -36287
  -41429
  -46497
  -50827
  -55143
  -60149
  -65147
  -69119
  -72913
  -77174
  -81147
  -84106
  -86899
  -90043
  -92685
  -94326
  -95813
  -97524
  -98695
  -98576
  -97803
  -97267
  -96538
  -94563
  -91621
  -88680
  -85928
  -82359
  -77868
  -73224
  -69421
  -66356
  -62967
  -59234
  -55731
  -53410
  -51970
  -50134
  -47993
  -46588
  -46214
  -45881
  -45160
  -44898
  -45659
  -46576
  -46862
  -47444
  -48793
  -49990
  -50414
  -50885
  -51996
  -53045
  -53381
  -53947
  -55366
  -56849
  -57565
  -58228
  -59699
  -61370
  -62362
  -63076
  -64377
  -66297
  -67608
  -68132
  -68875
  -69924
  -70409
  -70182
  -70151
  -70763
  -71075
  -70446
  -69768
  -69653
  -69391
  -68324
  -67333
  -66850
  -65965
  -64203
  -62356
  -60952
  -59289
  -56755
  -54164
  -52287
  -50198
  -47057
  -44678
  -43689
  -42813
  -41355
  -40264
  -39966
  -39638
  -39317
  -39853
  -40783
  -41198
  -41926
  -43894
  -45819
  -47055
  -48182
  -49988
  -52371
  -54183
  -54985
  -55099
  -55366
  -56545
  -58070
  -58582
  -58349
  -58257
  -57089
  -52496
  -44356
  -37301
  -34609
  -29932
  -17450
    -751
   16217
   29998
   32001
   14741
  -14019
  -40243
  -51629
  -57159
  -70229
  -91538
 -111771
 -129071
 -144580
 -153592
 -157030
 -157945
 -156152
 -151717
 -145607
 -138139
 -128457
 -115990
 -100804
  -84696
  -70657
  -58971
  -48510
  -37790
  -26938
  -17876
  -11709
   -8105
   -5775
   -3245
       0
    2276
    4605
    6784
    7172
    6800
    4947
    3145
     157
   -3597
   -6783
  -10364
  -13019
  -16274
  -20810
  -26101
  -31892
  -36731
  -40828
  -45006
  -50440
  -56690
  -62503
  -68077
  -72738
  -76661
  -79880
  -81646
  -81927
  -81280
  -80423
  -78942
  -75954
  -72520
  -69475
  -66389
  -62633
  -57446
  -51530
  -46306
  -41491
  -36384
  -31405
  -25318
  -18004
   -9575
    -415
    7114
   12696
   20878
   34153
   46484
   57099
   67075
   76109
   86497
   75915
   39717
   -7455
  -56055
  -89901
 -106724
 -117242
 -130750
 -143306
 -154427
 -163299
 -170060
 -175585
 -179988
 -182356
 -181771
 -178735
 -174368
 -168540
 -160489
 -150334
 -139322
 -127989
 -115446
 -101605
  -87644
  -74048
  -60077
  -45585
  -31744
  -19273
   -7526
    3982
   14392
   22765
   29647
   35726
   40378
   42910
   43527
   43264
   42130
   39163
   34185
   28223
   21682
   13749
    4146
   -5885
  -15360
  -24836
  -35228
  -45779
  -55028
  -63622
  -72350
  -80581
  -87308
  -92958
  -98249
 -102750
 -105351
 -106434
 -107011
 -107088
 -105552
 -102653
  -99230
  -94879
  -89338
  -83367
  -77218
  -70299
  -63042
  -56683
  -51007
  -44863
  -38276
  -32160
  -27101
  -22446
  -17452
  -13035
   -9779
   -6793
   -3728
   -1548
    -133
    1252
    1871
     909
    -772
   -2683
   -5596
   -9033
  -12481
  -16645
  -21522
  -25946
  -29797
  -33459
  -37129
  -41526
  -46237
  -50309
  -53127
  -55088
  -56939
  -59220
  -61434
  -62386
  -62632
  -63027
  -63657
  -63830
  -62939
  -61998
  -62178
  -62645
  -62129
  -61431
  -61231
  -60890
  -59362
  -56978
  -54293
  -52057
  -50146
  -47375
  -43843
  -40204
  -37245
  -34869
  -31775
  -28185
  -24908
  -22703
  -20816
  -18326
  -15531
  -13399
  -12249
  -11058
   -9607
   -8498
   -8591
   -9486
  -10058
  -10438
  -11512
  -13860
  -16688
  -18999
  -21062
  -23772
  -27215
  -30193
  -32181
  -33755
  -35723
  -37805
  -38820
  -38905
  -39326
  -40276
  -40570
  -40004
  -39408
  -39400
  -39208
  -38048
  -36630
  -35786
  -35076
  -33479
  -31554
  -30219
  -29034
  -27198
  -25389
  -24271
  -23204
  -21538
  -20126
  -19111
  -17647
  -16086
  -15230
  -14631
  -13536
  -12053
  -10455
   -9395
   -9503
  -10071
  -10004
   -9476
   -9172
   -9814
  -10841
  -11389
  -11800
  -12808
  -14118
  -14788
  -15077
  -15754
  -16791
  -17368
  -17572
  -18273
  -19436
  -19944
  -19938
  -20387
  -21169
  -21278
  -20827
  -20763
  -21235
  -21254
  -20740
  -20663
  -21147
  -21095
  -20255
  -19591
  -19591
  -19397
  -18472
  -17264
  -16592
  -16760
  -16906
  -16285
  -15303
  -14907
  -15358
  -15596
  -15141
  -14435
  -14371
  -15087
  -15387
  -14930
  -14279
  -14375
  -14986
  -14992
  -14381
  -14041
  -14348
  -14539
  -14204
  -14206
  -15089
  -15965
  -15883
  -15570
  -15820
  -16178
  -15567
  -14173
  -12989
  -12204
  -10742
   -8349
   -6140
   -4768
   -3476
   -1505
     613
    1874
    2402
    3300
    4567
    5460
    5227
    4248
    3943
    4204
    3945
    2908
    2075
    1876
    1527
     193
   -1594
   -2669
   -3220
   -4169
   -5672
   -6686
   -6834
   -7180
   -8229
   -9127
   -9201
   -9155
   -9725
  -10446
  -10305
   -9721
   -9622
   -9824
   -9269
   -8157
   -7620
   -7811
   -7728
   -7099
   -6896
   -7241
   -7120
   -6180
   -5272
   -4712
   -3531
   -1456
     371
    1790
    3691
    6150
    8156
    9389
   10837
   12613
   13461
   12952
   12155
   11371
    9583
    6636
    3956
    2606
    2515
    3015
    3576
    3813
    3527
    3047
    3407
    4321
    4859
    5274
    5650
    4811
    2059
   -1025
   -2391
   -2525
   -2657
   -2788
   -2529
   -2478
   -3453
   -5060
   -5912
   -6261
   -7192
   -8619
   -9590
  -10045
  -10808
  -11870
  -11922
  -10885
   -9931
   -9336
   -7525
   -4051
   -1161
     510
    1856
    2428
    1481
    -467
   -2666
   -5983
  -10232
  -14478
  -18850
  -23904
  -28993
  -33550
  -38355
  -43474
  -47830
  -51517
  -55491
  -59701
  -63035
  -65200
  -66984
  -68807
  -69767
  -69330
  -68086
  -66925
  -65647
  -63000
  -58825
  -53889
  -48869
  -43337
  -36411
  -28900
  -21873
  -14986
   -7352
     593
    7726
   13949
   20258
   26300
   30798
   33721
   36173
   37933
   38031
   36910
   35613
   33721
   30394
   26067
   21837
   17038
   11233
    5522
     697
   -3970
   -9231
  -14312
  -18302
  -21695
  -25066
  -29129
  -33688
  -37464
  -40788
  -44880
  -49475
  -53062
  -55245
  -57045
  -59153
  -60579
  -60832
  -61015
  -61240
  -60096
  -57001
  -53178
  -49470
  -45326
  -40934
  -37276
  -34796
  -32592
  -29852
  -27410
  -25820
  -24131
  -21707
  -19554
  -17898
  -15540
  -12273
   -9195
   -6448
   -3070
     966
    5135
    8519
   10756
   12852
   15393
   17798
   19374
   20194
   20960
   21415
   20809
   19134
   17477
   15815
   13133
    9545
    6128
    2723
   -1420
   -6016
   -9886
  -13416
  -17392
  -21283
  -24657
  -28409
  -32752
  -36670
  -39857
  -43171
  -47016
  -50208
  -51879
  -52388
  -52185
  -52054
  -51806
  -50242
  -47315
  -44040
  -41268
  -38266
  -34189
  -29926
  -26285
  -22749
  -18414
  -13928
  -10262
   -7134
   -3493
     116
    2757
    4763
    6924
    8551
    9001
    8624
    8314
    7550
    6006
    4746
    4139
    2871
     622
   -1648
   -3601
   -5939
   -8569
  -10628
  -12301
  -14165
  -15612
  -16056
  -16435
  -17316
  -18054
  -18141
  -18489
  -19477
  -20078
  -19914
  -19674
  -20058
  -20591
  -20261
  -19272
  -18359
  -17847
  -16342
  -13791
  -11753
  -10382
   -8787
   -7175
   -6406
   -6030
   -5104
   -4288
   -4250
   -4409
   -3909
   -3228
   -3393
   -4198
   -4523
   -4412
   -4656
   -5626
   -6456
   -6706
   -7339
   -8531
   -9287
   -9450
   -9942
  -10678
  -10933
  -11229
  -12178
  -13133
  -13635
  -14643
  -16288
  -17638
  -18761
  -20280
  -21564
  -21717
  -21390
  -21456
  -21437
  -20391
  -18979
  -18177
  -17494
  -15906
  -13767
  -11987
  -11138
  -10276
   -8818
   -7415
   -6913
   -6933
   -6275
   -4923
   -3853
   -3372
   -2421
   -1161
    -617
    -609
    -143
     334
      20
    -709
    -932
   -1085
   -2060
   -3416
   -4193
   -4989
   -6502
   -8323
   -9759
  -11521
  -14556
  -18255
  -21304
  -24066
  -27243
  -30119
  -31957
  -33580
  -35884
  -38030
  -38939
  -39416
  -40080
  -39959
  -38553
  -37022
  -35781
  -34040
  -31469
  -28905
  -27053
  -25374
  -23032
  -20611
  -19025
  -18035
  -16667
  -14913
  -13632
  -12839
  -11659
   -9867
   -8761
   -8345
   -7721
   -7275
   -7986
   -9274
   -9858
  -10176
  -11182
  -12565
  -13452
  -13839
  -14667
  -15463
  -15322
  -14837
  -14856
  -15078
  -14695
  -14393
  -14757
  -15129
  -14938
  -15087
  -15668
  -15727
  -15669
  -16202
  -16916
  -17245
  -17839
  -19079
  -20187
  -20415
  -20227
  -20787
  -21854
  -22167
  -21842
  -21248
  -21429
  -22185
  -22544
  -22124
  -21952
  -22191
  -22053
  -21023
  -19957
  -19347
  -18814
  -17662
  -16579
  -15981
  -15340
  -14059
  -13264
  -12869
  -11783
   -9681
   -8079
   -7115
   -5688
   -3770
   -2481
   -2131
   -1281
     283
    1385
    1622
    1982
    2687
    3097
    2545
    1853
    1931
    2191
    1617
     317
    -636
   -1470
   -3104
   -5225
   -7000
   -8216
   -9513
  -11308
  -12684
  -13307
  -14364
  -16024
  -17301
  -17736
  -18200
  -19167
  -19736
  -19354
  -18838
  -18642
  -17908
  -16429
  -15486
  -15300
  -14938
  -14232
  -14198
  -14914
  -15090
  -14487
  -13798
  -13758
  -13719
  -12706
  -11117
   -9673
   -8974
   -9027
   -8576
   -7830
   -7910
   -9507
  -11817
  -14019
  -15791
  -17479
  -19642
  -21424
  -21966
  -21807
  -21836
  -21822
  -20746
  -19185
  -18173
  -17416
  -15758
  -13292
  -11107
   -9356
   -7035
   -3881
   -1043
     846
    2638
    4868
    6608
    7183
    7228
    7720
    8228
    7660
    6576
    6087
    5521
    4305
    2934
    2328
    2029
    1495
    1293
    1473
    1161
     877
    1211
    1236
     859
     855
     824
     -73
   -1414
   -2476
   -4003
   -6630
   -9649
  -12233
  -14849
  -17823
  -20240
  -21899
  -26860
  -40685
  -53878
  -62831
  -70296
  -78474
  -88257
  -99390
 -111671
 -125844
 -145695
 -171704
 -189450
 -198242
 -201666
 -202040
 -200360
 -195274
 -186297
 -174482
 -161782
 -148661
 -133267
 -115078
  -95358
  -75171
  -54419
  -32929
  -11689
    8615
   28361
   47384
   64231
   78267
   90742
  102264
  111313
  117407
  121498
  123876
  123566
  120246
  115010
  108380
   99693
   89209
   78075
   65918
   52359
   37845
   23475
    9625
   -4661
  -20017
  -34479
  -44002
  -37216
  -28923
  -28246
  -30101
  -27108
  -11379
    2868
   11811
   28407
   97219
  214666
  325471
  407404
  461546
  490928
  495655
  486738
  474157
  459435
  437565
  407428
  377362
  348206
  316707
  282122
  245356
  205180
  159844
  112661
   65622
   19567
  -25251
  -68403
 -109813
 -148453
 -182918
 -212998
 -239104
 -261502
 -279131
 -291098
 -298036
 -300898
 -299513
 -292803
 -281229
 -266067
 -247674
 -225448
 -199579
 -171048
 -141081
 -109874
  -76816
  -42806
   -9387
   22722
   54152
   84937
  113543
  138941
  161699
  182179
  199496
  212959
  222788
  229902
  234026
  234004
  229973
  223231
  214013
  201859
  186480
  168931
  150551
  131226
  110516
   88492
   66254
   44738
   23712
    2636
  -18178
  -37518
  -55058
  -71495
  -87001
 -100402
 -110979
 -119523
 -126778
 -131959
 -134015
 -133373
 -131012
 -127092
 -120512
 -111233
 -100389
  -88544
  -75222
  -60171
  -44321
  -28691
  -13052
    3502
   20576
   37127
   52267
   66318
   80141
   93416
  105096
  114208
  121156
  127164
  132178
  134971
  135640
  135290
  133491
  129166
  122475
  114545
  105647
   95050
   83078
   70932
   58803
   45848
   32362
   19678
    8200
   -2826
  -13690
  -23406
  -31190
  -37628
  -43525
  -48686
  -52075
  -53613
  -54083
  -54083
  -53178
  -50433
  -46157
  -41321
  -36518
  -31125
  -24375
  -16696
   -9055
   -1288
    7792
   17565
   26411
   34310
   42394
   50758
   58257
   64518
   70515
   76523
   81467
   84884
   87604
   90136
   91522
   91137
   89617
   87877
   85477
   81593
   76453
   71187
   65821
   59625
   52396
   45052
   38147
   31196
   23671
   16298
   10210
    4980
    -147
   -4859
   -7973
   -9747
  -11307
  -12570
  -12550
  -11550
  -10701
  -10032
   -8461
   -5919
   -3303
    -821
    2467
    6884
   11404
   15307
   19169
   23372
   26889
   28825
   29793
   30864
   31766
   31900
   31498
   31831
   32856
   33640
   34188
   35240
   36386
   36971
   37409
   38390
   39288
   39523
   39527
   40009
   40237
   39705
   39283
   39419
   39066
   37968
   36939
   36376
   35449
   33684
   32007
   31133
   30593
   29588
   28180
   27565
   27615
   27306
   26340
   25565
   25685
   26064
   25856
   25631
   26395
   27500
   28057
   28346
   29188
   30136
   30350
   30001
   30187
   30836
   30930
   30530
   30948
   32031
   32785
   33020
   33797
   35360
   36749
   37489
   38479
   40254
   41889
   42884
   43758
   45145
   46279
   46326
   46034
   46225
   46151
   45332
   44387
   44153
   44001
   43069
   41926
   41726
   42098
   42116
   41779
   41604
   41210
   40543
   40415
   40595
   40250
   39592
   39408
   39010
   38042
   37385
   37471
   37969
   38549
   38371
   37242
   36319
   36146
   36224
   35746
   34508
   33405
   32824
   32046
   30499
   29041
   28727
   29055
   28947
   28705
   29325
   30603
   31768
   32502
   33496
   35214
   36847
   37931
   39249
   41248
   43081
   44055
   44965
   46411
   47599
   47853
   47650
   47931
   48117
   47257
   45998
   45398
   45508
   45777
   46444
   47952
   49929
   51378
   51731
   51641
   51586
   50471
   48827
   48839
   49924
   51642
   53507
  104231
  273118
  398809
  449889
  463011
  466504
  465610
  453223
  433866
  410452
  384779
  358443
  331789
  303762
  272815
  237954
  200378
  162858
  128282
  100517
   81587
   54804
    7946
  -48318
 -102743
 -152743
 -196461
 -231544
 -257761
 -275763
 -286633
 -291837
 -291446
 -284611
 -272216
 -255380
 -233472
 -206251
 -175559
 -142754
 -107380
  -69273
  -30538
    6898
   43334
   79303
  115298
  150798
  186795
  228756
  278776
  322230
  345886
  351174
  354802
  370905
  380034
  372986
  356942
  337441
  311773
  280491
  247028
  213730
  180349
  146717
  113679
   81292
   49222
   18239
  -10401
  -36991
  -61892
  -84474
 -103573
 -119591
 -133198
 -143822
 -150417
 -153515
 -154122
 -151914
 -146062
 -137074
 -126171
 -113131
  -97198
  -79088
  -60045
  -40243
  -19095
    3065
   25096
   46457
   67801
   89188
  109377
  127634
  144506
  160220
  173786
  184582
  193314
  200817
  207169
  211710
  214024
  214874
  214485
  211718
  206060
  198545
  189674
  178999
  166413
  153018
  139610
  125516
  110535
   95603
   81390
   67254
   53120
   40045
   28440
   17745
    7371
   -2037
   -9438
  -15093
  -19252
  -22646
  -25549
  -26921
  -26151
  -23746
  -20698
  -17240
  -12239
   -5400
    2274
    9893
   17709
   26677
   36329
   45565
   54158
   62953
   71943
   80457
   87331
   93310
   98932
  103457
  106626
  109437
  112759
  115835
  117236
  117136
  116390
  114970
  112440
  107007
   98312
   89560
   81581
   75666
   73916
   75750
   80566
   87382
   98805
  113425
  123826
  123705
  109677
   87173
   66990
   48001
   24285
   -2229
  -26796
  -46762
  -60558
  -68892
  -73473
  -75451
  -74426
  -70132
  -63390
  -55228
  -46237
  -35756
  -23307
   -9597
    4200
   17755
   31918
   46800
   61536
   75137
   87932
  100865
  113412
  124578
  134147
  142942
  150915
  157008
  160819
  163435
  165363
  165785
  163963
  160615
  156594
  151488
  144513
  135811
  126513
  116989
  106515
   94697
   82730
   71703
   61290
   50732
   39907
   30001
   21779
   14767
    7986
    1853
   -2417
   -5398
   -7769
   -9800
  -10356
   -8784
   -6695
   -5473
   -4367
   -1766
    2714
    8080
   13430
   19700
   27321
   34934
   41929
   49112
   57129
   65285
   72459
   78837
   85554
   92098
   97211
  100778
  103770
  106343
  107660
  107414
  106583
  105878
  104314
  101436
   98062
   94458
   89672
   83707
   77721
   72260
   66485
   60154
   54205
   49110
   44191
   39014
   34284
   31027
   29031
   27557
   25943
   24914
   25419
   27067
   28913
   30469
   32665
   36024
   39855
   43260
   46280
   49945
   54208
   58062
   61116
   64263
   67976
   71283
   73682
   75994
   78820
   81295
   82857
   84208
   86151
   87952
   88831
   89226
   89917
   90405
   89815
   88318
   87042
   85889
   83926
   80985
   78272
   76097
   73496
   70090
   66780
   64031
   61046
   57334
   53838
   51405
   49417
   47132
   44885
   43610
   42730
   41448
   40188
   39989
   40469
   40782
   41285
   42969
   45282
   47279
   49088
   51664
   54765
   57353
   59326
   61754
   64882
   67869
   69995
   71819
   74266
   76891
   78655
   79439
   80285
   81331
   81758
   81099
   80155
   79766
   79488
   78504
   76863
   75721
   75038
   73966
   72482
   71223
   70344
   68395
   65329
   63205
   62652
   62393
   62622
   65343
   69913
   72761
   73481
   72810
   72137
   71978
   70896
   68965
   67521
   67196
   67370
   67513
   67254
   67071
   66709
   65352
   63584
   62849
   62857
   62452
   61597
   61542
   61866
