  698132
  720394
  734264
  739311
  734969
  721179
  698571
  667959
  629724
  584004
  531642
  474003
  411890
  345692
  276199
  204991
  133375
   62427
   -7016
  -73752
 -135944
 -192806
 -244302
 -289576
 -327328
 -357134
 -378777
 -391645
 -395278
 -389667
 -374932
 -351673
 -320590
 -281869
 -235627
 -182594
 -124108
  -61448
    4611
   73520
  144079
  214867
  284336
  351382
  415553
  475824
  530792
  579246
  620798
  655381
  682370
  700958
  710706
  712039
  705370
  690505
  667047
  635494
  596974
  552290
  501776
  445803
  385586
  322428
  257103
  190310
  123126
   57073
   -6606
  -67136
 -123935
 -176175
 -222434
 -261682
 -293667
 -318175
 -334921
 -343117
 -342243
 -332693
 -314907
 -288807
 -254366
 -212458
 -164210
 -110392
  -51295
   12453
   79520
  148345
  217573
  286398
  354224
  419791
  481622
  538238
  588953
  633571
  671399
  701325
  722600
  735159
  739318
  734675
  720706
  697797
  666799
  628509
  583086
  530676
  472538
  410283
  344914
  277147
  207949
  138768
   70881
    5066
  -57953
 -117316
 -171663
 -219720
 -261003
 -295491
 -322809
 -341896
 -352238
 -354001
 -347660
 -333354
 -310589
 -280029
 -242835
 -199647
 -150815
  -96485
  -37516
   24731
   88704
  153487
  218787
  283554
  346320
  405822
  461386
  512381
  557572
  595852
  627053
  651111
  667575
  675942
  675576
  666566
  649774
  625613
  594253
  555591
  510454
  460321
  406020
  347857
  286439
  223328
  159744
   96313
   33584
  -27329
  -84846
 -137926
 -185868
 -228316
 -264757
 -293963
 -315103
 -328291
 -333894
 -331784
 -321421
 -302911
 -277009
 -244474
 -205409
 -159860
 -108546
  -52732
    6119
   67523
  131125
  195592
  259470
  321802
  382050
  439160
  491649
  538415
  579084
  613538
  640948
  660637
  672066
  675115
  670471
  658322
  638495
  610882
  575738
  534318
  487506
  435490
  378660
  317948
  254999
  191137
  127135
   63692
    1716
  -57329
 -112103
 -161982
 -206544
 -245052
 -276282
 -299782
 -315775
 -324249
 -324738
 -316690
 -300398
 -276676
 -246230
 -209010
 -164940
 -115196
  -61096
   -3787
   56104
  117978
  180542
  242233
  301763
  358490
  412055
  461521
  505808
  544026
  575939
  601498
  620132
  631056
  633896
  629078
  617233
  598398
  572535
  539870
  501269
  457942
  410348
  359019
  304214
  246959
  189106
  131610
   74882
   19275
  -34209
  -84161
 -129887
 -170933
 -207078
 -237771
 -261765
 -278564
 -288234
 -291115
 -287188
 -276059
 -257483
 -231810
 -199880
 -162563
 -119944
  -72408
  -21125
   32360
   86907
  142492
  198748
  254672
  308831
  360243
  408787
  453864
  494255
  528862
  557251
  579679
  595658
  604414
  605549
  599209
  586040
  566188
  539625
  507086
  469656
  428304
  384987
  340129
  292481
  243411
  194078
  144635
   95320
   47313
    1825
  -40791
  -80021
 -115719
 -147097
 -172787
 -192185
 -205643
 -213637
 -215785
 -211557
 -201329
 -185937
 -165781
 -140350
 -110117
  -76146
  -39121
     806
   43496
   87872
  132694
  177521
  222245
  266127
  308152
  347190
  382546
  414256
  442236
  465746
  484154
  496781
  503601
  505159
  501429
  492126
  477065
  456538
  431483
  402204
  368662
  331166
  290782
  248674
  205265
  160777
  116098
   72530
   30726
   -9142
  -46298
  -79570
 -108303
 -132472
 -152185
 -167106
 -176337
 -179651
 -177255
 -169610
 -156944
 -138943
 -115660
  -87952
  -56589
  -21741
   16558
   57416
   99598
  142476
  185837
  229218
  271731
  312034
  349251
  383887
  415685
  443446
  466168
  483789
  496741
  504769
  507157
  503633
  494705
  481049
  462922
  440224
  412666
  381744
  348017
  311078
  271597
  230863
  189366
  147227
  105262
   64655
   25734
  -11198
  -45183
  -75153
 -100854
 -122024
 -138939
 -151663
 -159434
 -161717
 -158695
 -150912
 -138668
 -121716
  -99712
  -73211
  -43415
  -10943
   24362
   62079
  101003
  140225
  179547
  218696
  256637
  292297
  325288
  355763
  383263
  406787
  425590
  439749
  449603
  454802
  454620
  449085
  438898
  424320
  405046
  381112
  353376
  322929
  289965
  254394
  216698
  178163
  139698
  101394
   63510
   27047
   -6733
  -37180
  -64257
  -88061
 -107707
 -122488
 -132604
 -138487
 -139944
 -136466
 -128067
 -115148
  -98489
  -78129
  -53589
  -25300
    5791
   38846
   73570
  109894
  147165
  184293
  220729
  256354
  290531
  322330
  351142
  376842
  399502
  418504
  432973
  442705
  448213
  449557
  446130
  437579
  424312
  407118
  385971
  360651
  331695
  300281
  267032
  231962
  195213
  157654
  120489
   84125
   48681
   14556
  -17410
  -46226
  -71981
  -94601
 -113384
 -127532
 -137080
 -142426
 -143363
 -139357
 -130573
 -117581
 -100972
  -80693
  -56523
  -28998
    1000
   32807
   66368
  101433
  137062
  172170
  206296
  239607
  271579
  301245
  327914
  351540
  372248
  389525
  402616
  411123
  415441
  415893
  412086
  403600
  390677
  374155
  354641
  332098
  306311
  278012
  248225
  217301
  185304
  152424
  119508
   87574
   56873
   27307
    -800
  -26412
  -48675
  -67480
  -83093
  -95420
 -103673
 -107396
 -106775
 -102294
  -94005
  -81532
  -64947
  -44905
  -22178
    3072
   31132
   61467
   93031
  125009
  157353
  190016
  222226
  252958
  281553
  308059
  332431
  354160
  372250
  386258
  396537
  403148
  405687
  403666
  397073
  386475
  372571
  355400
  334525
  309982
  282810
  254100
  223842
  191967
  159061
  126308
   94400
   63462
   33445
    4838
  -20987
  -43426
  -62845
  -79358
  -92344
 -100947
 -105246
 -105746
 -102707
  -95851
  -84864
  -70168
  -52491
  -32233
   -9194
   16685
   44763
   74018
  103931
  134645
  165643
  195968
  225015
  252889
  279575
  304282
  326036
  344775
  360952
  374227
  383956
  389536
  391142
  389455
  384473
  375682
  362863
  346747
  327990
  306353
  281784
  254887
  226669
  197552
  167521
  136637
  105721
   75864
   47407
   20282
   -5213
  -28109
  -47598
  -63503
  -76185
  -85585
  -90844
  -91685
  -88571
  -82029
  -71951
  -57836
  -40092
  -19618
    3227
   28726
   56605
   86016
  115961
  146005
  176325
  206336
  234851
  260986
  284908
  306854
  326198
  342108
  354440
  363556
  369135
  370451
  367440
  360721
  350685
  337207
  320133
  299682
  276671
  251700
  224604
  195402
  164953
  134260
  103598
   72950
   42889
   14566
  -11561
  -35603
  -57337
  -75924
  -90730
 -102015
 -109754
 -113365
 -112234
 -106733
  -97627
  -84919
  -68121
  -47591
  -24195
    1322
   28794
   58361
   89396
  120895
  152221
  183430
  214333
  244134
  271837
  296958
  319684
  339919
  356952
  369968
  379086
  384765
  386681
  384535
  378483
  369193
  356425
  339639
  318862
  295033
  269261
  241651
  212179
  181340
  150155
  119312
   88793
   58782
   30145
    3813
  -19990
  -41426
  -60438
  -76135
  -87817
  -95661
 -100134
 -101396
  -98870
  -92062
  -81282
  -67315
  -50303
  -29999
   -6524
   19397
   46774
   75314
  105287
  136205
  167066
  196942
  225413
  252709
  278656
  302315
  322827
  340155
  354660
  366080
  373698
  376986
  376186
  371710
  363614
  351494
  335415
  316198
  294507
  270088
  242945
  213830
  183651
  152653
  120913
   89013
   58133
   28822
    1097
  -24900
  -48377
  -68408
  -84874
  -97944
 -107508
 -112882
 -113734
 -110594
 -104268
  -94532
  -80852
  -63447
  -42988
  -19895
    6221
   35067
   65503
   96307
  127631
  159845
  192268
  223681
  253427
  281748
  308491
  332754
  353536
  370315
  383454
  392895
  398000
  398399
  394443
  386779
  375019
  358779
  338620
  315507
  289898
  261732
  231027
  198627
  165667
  132490
   99090
   65883
   33951
    4030
  -23901
  -49735
  -72732
  -91874
 -107192
 -119118
 -127780
 -132428
 -132570
 -128454
 -120638
 -109371
  -94069
  -74875
  -52590
  -27914
    -934
   28678
   60242
   93113
  126571
  159875
  193079
  225692
  256743
  285252
  311040
  334207
  354068
  369858
  381461
  389248
  393075
  392304
  386616
  376619
  362973
  345457
  323893
  298865
  271210
  241306
  209265
  175339
  140532
  105946
   71885
   38314
    5569
  -25042
  -52639
  -77364
  -99356
 -118145
 -132884
 -143450
 -149979
 -152776
 -151636
 -145911
 -135602
 -121289
 -103516
  -82263
  -57268
  -29309
     651
   32216
   65532
  100140
  135113
  169482
  203047
  236077
  267864
  297680
  324592
  348118
  368493
  385544
  398680
  407101
  410636
  409858
  405005
  395774
  381883
  363737
  342109
  317408
  289537
  258520
  225229
  190592
  154776
  118083
   81407
   45861
   11690
  -20914
  -51705
  -79720
 -104067
 -124707
 -141889
 -155386
 -164310
 -168275
 -167448
 -162272
 -152858
 -138854
 -120337
  -97952
  -72530
  -44276
  -13047
   20394
   54933
   89973
  125514
  161238
  195981
  228908
  259539
  287850
  313698
  336459
  355083
  369402
  379891
  386209
  387728
  384232
  376362
  364598
  348611
  328296
  304477
  278086
  249229
  217792
  184391
  150200
  115742
   81006
   46169
   12202
  -19950
  -49981
  -77843
 -103042
 -124682
 -142302
 -156128
 -166302
 -172324
 -173573
 -170255
 -163015
 -151985
 -136705
 -117172
  -94081
  -68258
  -40093
   -9413
   23339
   56903
   90502
  124240
  157987
  190834
  221787
  250544
  277324
  301536
  322291
  338991
  351882
  361541
  367436
  368729
  365478
  358409
  347618
  332563
  313226
  290597
  265481
  237888
  207653
  175336
  142194
  108647
   74687
   40724
    7893
  -23034
  -51956
  -78923
 -103441
 -124360
 -141418
 -154679
 -164358
 -170178
 -171428
 -168201
 -161101
 -150364
 -135635
 -116872
  -94778
  -69995
  -42687
  -12773
   18990
   51464
   84167
  117245
  150097
  181671
  211168
  238610
  264028
  286745
  305929
  321127
  332707
  340736
  344591
  343920
  339215
  331046
  319116
  303160
  283617
  261324
  236611
  209314
  179602
  148467
  116712
   84358
   51498
   19166
  -11364
  -40114
  -67234
  -92365
 -114560
 -132966
 -147680
 -159135
 -167195
 -170964
 -170343
 -165912
 -158106
 -146564
 -130715
 -111082
  -88625
  -63743
  -36141
   -6169
   25211
   57289
   90008
  123138
  155853
  187123
  216516
  244131
  269501
  291626
  309855
  324554
  335817
  343127
  345736
  343730
  337812
  328030
  314206
  296256
  274893
  251161
  225126
  196602
  166131
  134667
  102931
   71133
   39236
    7802
  -21813
  -49572
  -75688
  -99536
 -120198
 -137126
 -150573
 -160806
 -167545
 -170189
 -168440
 -162623
 -153399
 -140771
 -124306
 -104314
  -81799
  -57554
  -31309
   -3116
   26176
   55503
   84665
  114078
  143229
  171160
  197076
  220829
  242587
  261729
  277485
  289698
  298731
  304324
  305819
  303185
  297081
  287631
  274378
  257386
  237486
  215421
  191201
  164542
  136151
  107194
   78005
   48479
   19093
   -9073
  -35446
  -60093
  -83023
 -103485
 -120523
 -134026
 -144220
 -151324
 -154790
 -154103
 -149740
 -142194
 -131368
 -116833
  -99041
  -78676
  -55916
  -30633
   -3073
   25758
   54975
   84555
  114537
  144235
  172577
  199171
  224166
  247006
  266855
  283231
  296362
  306420
  312953
  315438
  314047
  309286
  300955
  288751
  273128
  254844
  234052
  210371
  183836
  155562
  126416
   96246
   65140
   34137
    4217
  -24601
  -52584
  -78794
 -102226
 -122516
 -139684
 -153986
 -165105
 -172502
 -175775
 -175408
 -171704
 -164244
 -152620
 -137561
 -119790
  -99333
  -75988
  -50249
  -23060
    4940
   33885
   63457
   92900
  121255
  147589
  172182
  195141
  215959
  233879
  248367
  259628
  267959
  273122
  274571
  272156
  266492
  258349
  247573
  233755
  216823
  197545
  176813
  154778
  131264
  106284
   80724
   55378
   30366
    5550
  -18624
  -41064
  -61271
  -79403
  -95680
 -109545
 -120013
 -127177
 -131590
 -133298
 -131626
 -126357
 -118127
 -107567
  -94595
  -78641
  -60155
  -39988
  -18590
    4418
   28977
   54125
   78999
  103539
  127912
  151331
  172825
  192011
  209362
  224965
  238163
  248185
  254816
  258569
  259692
  257696
  252158
  243387
  232149
  218589
  202309
  183373
  162681
  140768
  117540
   92894
   67896
   43483
   19516
   -4123
  -26967
  -47997
  -67019
  -84340
  -99768
 -112449
 -121869
 -128183
 -131716
 -132400
 -129533
 -123158
 -114024
 -102545
  -88329
  -71322
  -52210
  -31698
  -10220
   12592
   36654
   61211
   85302
  108938
  132261
  154553
  174940
  193087
  209320
  223510
  234977
  243160
  248175
  250579
  249843
  245483
  237816
  227605
  214883
  199332
  181066
  161063
  140069
  118025
   94901
   71321
   48189
   25528
    3158
  -18403
  -38199
  -56060
  -72399
  -87195
  -99602
 -108870
 -115134
 -118959
 -120221
 -118205
 -112979
 -105164
  -95228
  -82875
  -67845
  -50575
  -31938
  -12274
    8794
   31047
   53445
   75446
   97208
  118690
  139092
  157588
  174289
  189688
  203404
  214530
  222734
  228640
  232244
  232811
  230124
  224907
  217548
  207585
  194768
  179544
  162717
  144522
  124620
  103175
   81076
   58887
   36513
   13992
   -7987
  -28616
  -47817
  -65805
  -82201
  -96158
 -107573
 -116912
 -124161
 -128520
 -129596
 -127802
 -123433
 -116243
 -106117
  -93451
  -78771
  -62136
  -43333
  -22893
   -1662
   20284
   43177
   66495
   89243
  110885
  131668
  151547
  169883
  185865
  199360
  210887
  220210
  226646
  229723
  229799
  227472
  222314
  213758
  202030
  188008
  172100
  154085
  133892
  112280
   90079
   67430
   44236
   21012
   -1206
  -22298
  -42258
  -60918
  -77553
  -91542
 -103241
 -112853
 -119666
 -123255
 -124213
 -122826
 -118455
 -110959
 -101194
  -89412
  -75138
  -58468
  -40312
  -21101
    -611
   21046
   42933
   64369
   85614
  106782
  127232
  146222
  163143
  178295
  191747
  202829
  211067
  216475
  219465
  219646
  216422
  210072
  201395
  190379
  176499
  160042
  142015
  122618
  101681
   79599
   57238
   34642
   11889
  -10429
  -31539
  -51550
  -70277
  -86887
 -101069
 -113133
 -122816
 -129434
 -133046
 -133870
 -131663
 -126122
 -117460
 -106053
  -92600
  -77443
  -60241
  -41077
  -20586
     402
   21636
   43266
   65155
   86434
  106447
  125301
  143010
  158817
  172099
  183162
  192268
  198982
  202923
  204286
  203593
  200546
  194691
  186456
  176382
  164144
  149443
  133012
  115692
   97447
   78012
   57635
   37300
   17557
   -1849
  -21259
  -40029
  -57129
  -72290
  -85605
  -97122
 -106178
 -112071
 -115109
 -115860
 -114281
 -109873
 -102740
  -93501
  -82456
  -69177
  -53657
  -36686
  -18852
      71
   19994
   40050
   59624
   78819
   97674
  115238
  130886
  144949
  157580
  168049
  175815
  181140
  184445
  185370
  183376
  178452
  171327
  162326
  151186
  137690
  122553
  106454
   89360
   71095
   51955
   32678
   13881
   -4293
  -22042
  -39268
  -55098
  -69088
  -81508
  -92342
 -101221
 -107425
 -111015
 -112583
 -112030
 -108726
 -102793
  -95003
  -85540
  -73808
  -59739
  -44111
  -27512
   -9725
    9251
   28652
   47543
   65851
   83977
  101361
  117329
  131913
  145420
  157607
  167751
  175396
  180936
  184791
  186582
  185628
  182068
  176705
  169649
  160511
  148990
  135658
  121343
  105888
   88936
   70722
   52320
   34209
   15984
   -2441
  -20362
  -37050
  -52535
  -67119
  -80485
  -91597
 -100217
 -106799
 -111534
 -113783
 -113109
 -109926
 -104769
  -97491
  -87529
  -75160
  -61062
  -45957
  -29853
  -12583
    5405
   23337
   40631
   57660
   74368
   89971
  103779
  115917
  126918
  136531
  144247
  149599
  152819
  154405
  154205
  151745
  146774
  139700
  131052
  120754
  108592
   94879
   80228
   64837
   48407
   31094
   13770
   -3231
  -20265
  -37108
  -52928
  -67405
  -80934
  -93385
 -103867
 -111984
 -118009
 -122328
 -124451
 -123741
 -120324
 -114692
 -107145
  -97419
  -85417
  -71528
  -56440
  -40188
  -22528
   -3903
   14923
   33282
   51389
   69509
   86986
  103311
  118525
  132796
  145690
  156424
  164823
  171329
  175975
  178011
  176912
  173393
  167962
  160229
  149960
  137548
  123705
  108337
   91178
   72654
   53709
   34574
   15074
   -4718
  -23908
  -42058
  -59204
  -75556
  -90703
 -103925
 -115128
 -124559
 -132230
 -137337
 -139713
 -140006
 -138461
 -134485
 -127699
 -118688
 -108074
  -95781
  -81337
  -65148
  -48105
  -30541
  -11973
    7271
   26312
   44667
   62569
   79966
   96145
  110465
  123056
  133975
  142726
  149045
  153379
  155818
  155834
  153278
  148707
  142335
  133925
  123645
  112058
   98980
   84183
   68396
   52345
   35811
   18696
    1715
  -14466
  -29899
  -44829
  -59196
  -72249
  -83430
  -92881
 -100908
 -107553
 -112187
 -114408
 -114514
 -112884
 -109623
 -104162
  -96796
  -88231
  -78585
  -67292
  -54593
  -41250
  -27425
  -12765
    2478
   17647
   32466
   47195
   61508
   74705
   86582
   97533
  107386
  115502
  121457
  125513
  128053
  128942
  127735
  124138
  118686
  111999
  103865
   93890
   82122
   69289
   55810
   41650
   26601
   10920
   -4508
  -19383
  -33850
  -47829
  -60707
  -71936
  -81654
  -90279
  -97585
 -102685
 -105630
 -106958
 -106655
 -104215
  -99670
  -93707
  -86551
  -77605
  -66938
  -55283
  -42926
  -29524
  -15074
    -341
   14214
   28868
   43666
   57926
   70986
   82889
   94153
  104476
  113144
  119739
  124752
  128421
  130336
  129983
  127629
  123932
  118679
  111403
  102179
   91813
   80696
   68438
   54780
   40141
   25362
   10698
   -4174
  -19390
  -34279
  -48157
  -61148
  -73623
  -85128
  -94880
 -102654
 -108789
 -113342
 -115889
 -116154
 -114422
 -111124
 -106105
  -98830
  -89530
  -78828
  -67072
  -53723
  -38735
  -22809
   -6646
    9632
   26403
   43267
   59483
   74485
   88447
  101497
  112943
  122223
  129398
  134877
  138175
  138806
  136642
  132292
  126244
  118017
  107524
   95324
   82064
   67593
   51407
   34050
   16657
    -474
  -17524
  -34533
  -50857
  -65935
  -79750
  -92532
 -104021
 -113416
 -120547
 -125804
 -129095
 -129932
 -128055
 -123919
 -118085
 -110330
 -100221
  -88255
  -75095
  -60810
  -44920
  -27773
  -10262
    7435
   25584
   43891
   61739
   78482
   94237
  109122
  122349
  133485
  142817
  150433
  155805
  158260
  157913
  155574
  151158
  144214
  134459
  122408
  108724
   93217
   75678
   56520
   36624
   16206
   -4964
  -26563
  -47738
  -67992
  -87350
 -105739
 -122332
 -136455
 -148309
 -157811
 -164462
 -167849
 -168350
 -166381
 -161611
 -153661
 -142835
 -130078
 -115529
  -98559
  -79682
  -59806
  -39289
  -17848
    4193
   25907
   46514
   66051
   84766
  101908
  116710
  129148
  139753
  148491
  154653
  158030
  159180
  158257
  154759
  148505
  140033
  129919
  117676
  103203
   87002
   69852
   51773
   32653
   12979
   -6641
  -25990
  -45088
  -63802
  -81305
  -97118
 -111338
 -124170
 -135353
 -143986
 -150128
 -154255
 -156316
 -155641
 -152088
 -146459
 -139053
 -129355
 -117275
 -103541
  -88713
  -72575
  -54900
  -36325
  -17533
    1382
   20618
   39537
   57472
   74218
   89934
  104326
  116750
  126957
  135163
  141093
  144202
  144355
  142179
  137954
  131084
  121283
  109300
   95762
   80770
   63831
   45186
   25918
    6492
  -13157
  -33036
  -52400
  -70474
  -87507
 -103538
 -117877
 -129852
 -139526
 -147169
 -152541
 -154959
 -154527
 -151882
 -146976
 -139103
 -128532
 -116131
 -102060
  -85817
  -67849
  -49092
  -30015
  -10291
   10013
   29889
   48643
   66519
   83556
   99062
  112490
  124088
  133919
  141355
  146172
  148781
  149370
  147463
  142860
  135970
  127114
  115972
  102583
   87807
   71832
   54304
   35490
   16215
   -3063
  -22503
  -42274
  -61885
  -80334
  -97411
 -113395
 -128116
 -140808
 -151147
 -159402
 -165682
 -169405
 -170163
 -168341
 -164387
 -157876
 -148410
 -136619
 -123200
 -108174
  -91066
  -72781
  -54002
  -34521
  -14164
    6398
   26271
   45233
   63454
   80561
   95905
  109340
  121188
  131122
  138423
  142903
  145220
  145426
  143116
  138086
  130387
  120740
  109229
   95510
   79828
   63157
   45761
   27253
    7479
  -12655
  -32396
  -51807
  -71155
  -89933
 -107186
 -123004
 -137649
 -150706
 -161345
 -169601
 -175858
 -179887
 -180973
 -179111
 -174828
 -168224
 -158801
 -146504
 -131776
 -115339
  -97156
  -77038
  -55703
  -33974
  -11878
   10780
   33440
   55133
   75367
   94393
  112082
  127595
  140363
  150615
  158595
  163771
  165628
  164243
  160181
  153561
  144105
  131676
  116806
  100227
   81932
   61761
   40320
   18422
   -3923
  -26842
  -49520
  -71132
  -91670
 -111355
 -129794
 -145970
 -159873
 -171891
 -181779
 -188747
 -192823
 -194444
 -193724
 -189955
 -182973
 -173309
 -161427
 -147298
 -130652
 -111915
  -91898
  -71043
  -49177
  -26336
   -3316
   19102
   40733
   61791
   81707
   99625
  115123
  128411
  139439
  147608
  152580
  154799
  154533
  151389
  144850
  135223
  123523
  109827
   93703
   75357
   55726
   35153
   13477
   -8909
  -31178
  -52680
  -73553
  -93822
 -112835
 -129988
 -145400
 -159032
 -170231
 -178551
 -184345
 -187662
 -188060
 -185308
 -179881
 -172281
 -162317
 -149583
 -134459
 -117712
  -99735
  -80229
  -59264
  -37677
  -16337
    4740
   25834
   46441
   65611
   82803
   98308
  112340
  124353
  133594
  139986
  144045
  145643
  144290
  140016
  133568
  124978
  113872
  100202
   84491
   67350
   48769
   28521
    6812
  -15343
  -37261
  -58818
  -79824
  -99509
 -117352
 -133365
 -147742
 -159980
 -169338
 -175934
 -180091
 -181893
 -180944
 -177017
 -170736
 -162433
 -151669
 -138483
 -123623
 -107660
  -90441
  -71821
  -52376
  -32801
  -13343
    6243
   25571
   43759
   60510
   76117
   90543
  103032
  113101
  121100
  127123
  130621
  131075
  128767
  124339
  117593
  108068
   96152
   82716
   67813
   51140
   32831
   13684
   -5793
  -25527
  -45725
  -65902
  -85262
 -103737
 -121169
 -137094
 -150548
 -161318
 -169840
 -176131
 -179480
 -180119
 -178557
 -174888
 -168897
 -160270
 -149700
 -137650
 -124076
 -108934
  -92675
  -75810
  -58088
  -39501
  -20844
   -2663
   15102
   32615
   49359
   64629
   78432
   91174
  102401
  111423
  118056
  122791
  125602
  125840
  123235
  118461
  111955
  103568
   92878
   80169
   66315
   51319
   34897
   17206
    -798
  -18770
  -37162
  -55623
  -73118
  -89544
 -105215
 -120041
 -133208
 -144542
 -154377
 -162517
 -168306
 -171690
 -173132
 -172432
 -169065
 -163183
 -155348
 -145746
 -133978
 -120168
 -104981
  -89138
  -72648
  -54826
  -36155
  -17649
     460
   18396
   35747
   51774
   66154
   79169
   90634
   99669
  105817
  109571
  111188
  110082
  106050
   99739
   91562
   81182
   68526
   54347
   39215
   22883
    5158
  -13411
  -31922
  -50120
  -68294
  -86260
 -102973
 -118085
 -131840
 -144408
 -155239
 -163657
 -169804
 -174150
 -176509
 -176270
 -173612
 -169145
 -163016
 -154654
 -144034
 -132009
 -118805
 -104016
  -87628
  -70451
  -53087
  -35511
  -17539
     210
   16990
   32740
   47747
   61707
   74094
   84566
   93413
  100732
  106057
  108851
  109327
  108016
  104664
   99002
   91122
   81335
   69857
   56472
   41233
   24888
    8154
   -9126
  -27220
  -45648
  -63572
  -80801
  -97591
 -113677
 -128167
 -140951
 -152193
 -161615
 -168684
 -173084
 -175296
 -175572
 -173447
 -168713
 -161990
 -153684
 -143420
 -131118
 -117442
 -102984
  -87698
  -71531
  -54959
  -38674
  -22967
   -7417
    7747
   21717
   34113
   45433
   55693
   64182
   70397
   74724
   77694
   78758
   77489
   74265
   69741
   63655
   55592
   45897
   35214
   23534
   10563
   -3527
  -17918
  -32253
  -46884
  -61888
  -76878
  -91181
 -104941
 -118189
 -130266
 -140542
 -149253
 -156640
 -162248
 -165497
 -166710
 -166334
 -164107
 -159467
 -152833
 -144645
 -134732
 -122670
 -108832
  -93954
  -78056
  -60944
  -43243
  -25750
   -8592
    8561
   25436
   40931
   54633
   66989
   77814
   86516
   93056
   97798
  100593
  100924
   98729
   94590
   88766
   80924
   70770
   58637
   45106
   30252
   13997
   -3361
  -20808
  -38125
  -55694
  -73401
  -90662
 -106643
 -121295
 -135041
 -147569
 -158221
 -167284
 -175047
 -181219
 -185105
 -186762
 -186558
 -184397
 -179712
 -172712
 -164033
 -153633
 -141127
 -126750
 -111178
  -94630
  -76873
  -58361
  -39827
  -21739
   -3842
   13772
   30584
   45886
   59168
   70584
   80526
   88574
   93995
   96584
   97147
   95987
   92562
   86358
   77913
   67945
   56198
   42527
   27247
   11157
   -5651
  -23327
  -41729
  -60042
  -77767
  -94997
 -111717
 -127363
 -141246
 -153616
 -164776
 -174212
 -181168
 -185863
 -188669
 -189359
 -187388
 -182821
 -176290
 -168040
 -157788
 -145385
 -131249
 -116048
  -99943
  -82700
  -64485
  -46092
  -28207
  -10469
    7171
   24110
   39562
   53364
   65859
   76988
   86022
   92537
   96908
   99423
   99590
   96975
   91935
   85216
   76858
   66206
   53505
   39654
   24692
    8513
   -8660
  -26016
  -43246
  -60683
  -78152
  -94850
 -110243
 -124458
 -137954
 -150229
 -160317
 -168227
 -174409
 -179088
 -181617
 -181726
 -179860
 -176426
 -171338
 -164360
 -155706
 -145910
 -135110
 -122857
 -109220
  -94942
  -80583
  -65839
  -50769
  -36010
  -21936
   -8244
    5030
   17251
   27897
   37230
   45569
   52435
   57261
   60212
   61808
   61802
   59496
   54986
   49075
   41916
   33142
   22616
   11088
    -970
  -13832
  -27657
  -41863
  -55769
  -69440
  -83155
  -96371
 -108333
 -119379
 -129770
 -139029
 -146485
 -152032
 -156196
 -159058
 -160042
 -158744
 -155482
 -150981
 -145239
 -137615
 -128351
 -118217
 -107410
  -95457
  -82467
  -69252
  -56586
  -44104
  -31442
  -19185
   -8028
    2039
   11352
   19744
   26551
   31658
   35602
   38297
   39156
   38051
   35723
   32406
   27594
   21131
   13648
    5457
   -3831
  -14318
  -25413
  -36525
  -47857
  -59729
  -71699
  -83016
  -93650
 -104078
 -114205
 -123157
 -130633
 -136853
 -142083
 -145961
 -147962
 -148217
 -147191
 -145094
 -141534
 -136194
 -129417
 -121498
 -112235
 -101682
  -90389
  -78823
  -67341
  -55579
  -43610
  -32213
  -21728
  -11674
   -2164
    6029
   12721
   18391
   22909
   25737
   26874
   26739
   25375
   22269
   17418
   11513
    4834
   -2822
  -11659
  -21233
  -30958
  -40938
  -51462
  -62472
  -73204
  -83245
  -92673
 -101711
 -110087
 -117018
 -122576
 -127247
 -131064
 -133320
 -133818
 -133041
 -131400
 -128633
 -124309
 -118575
 -111975
 -104899
  -96641
  -87630
  -78587
  -69658
  -60379
  -51022
  -42090
  -33939
  -26290
  -18867
  -12047
   -6400
   -1815
    2213
    5426
    7250
    7661
    7297
    6209
    3842
     -15
   -4892
  -10167
  -15932
  -22700
  -30121
  -37604
  -45357
  -53783
  -62680
  -71206
  -79258
  -87215
  -95018
 -102004
 -108002
 -113598
 -119000
 -123504
 -126598
 -128604
 -129928
 -130344
 -129313
 -127140
 -124696
 -121908
 -117982
 -112881
 -107256
 -101518
  -95184
  -87667
  -79546
  -71471
  -63382
  -55012
  -46630
  -38856
  -31957
  -25618
  -19741
  -14857
  -11229
   -8330
   -5926
   -4674
   -4889
   -6073
   -7866
  -10576
  -14518
  -19152
  -23809
  -28666
  -34132
  -40390
  -46803
  -52972
  -59319
  -66362
  -73640
  -80331
  -86481
  -92568
  -98674
 -104196
 -108737
 -112613
 -116128
 -119058
 -120765
 -121387
 -121135
 -120050
 -117768
 -114336
 -110071
 -105395
 -100129
  -93952
  -87388
  -80969
  -74741
  -68118
  -61093
  -54375
  -48409
  -42910
  -37425
  -32280
  -28062
  -24773
  -21657
  -18616
  -16360
  -15206
  -14592
  -14223
  -14624
  -16271
  -19034
  -22257
  -26098
  -30996
  -36898
  -43008
  -49171
  -55803
  -63218
  -70841
  -78003
  -85162
  -92555
  -99534
 -105438
 -110425
 -114826
 -118579
 -121152
 -122577
 -123497
 -124088
 -123656
 -122012
 -119729
 -117192
 -113924
 -109677
 -104852
  -99835
  -94295
  -87851
  -81046
  -74543
  -68113
  -61201
  -54075
  -47502
  -41484
  -35514
  -29791
  -25128
  -21790
  -19291
  -17304
  -16064
  -16030
  -16891
  -18210
  -20373
  -23813
  -28150
  -32788
  -37989
  -43955
  -50391
  -56736
  -63128
  -69896
  -76806
  -83317
  -89574
  -96189
 -102820
 -108685
 -113724
 -118345
 -122551
 -125769
 -127736
 -128889
 -129646
 -129568
 -128267
 -126049
 -123145
 -119259
 -114126
 -108285
 -102122
  -95464
  -87828
  -79873
  -72389
  -65195
  -57712
  -50128
  -43094
  -36850
  -30930
  -25324
  -20610
  -17019
  -14247
  -11968
  -10330
   -9795
  -10302
  -11413
  -13043
  -15645
  -19303
  -23578
  -28454
  -34335
  -41255
  -48718
  -56374
  -64516
  -73261
  -82151
  -90594
  -98795
 -107041
 -114885
 -121719
 -127387
 -132437
 -136755
 -139688
 -141291
 -142040
 -142156
 -141230
 -139152
 -136259
 -132870
 -128804
 -123568
 -117423
 -111157
 -104727
  -97512
  -89905
  -82469
  -75253
  -67776
  -60035
  -52721
  -46203
  -40103
  -34231
  -29112
  -25298
  -22711
  -20951
  -20206
  -20874
  -22746
  -25140
  -28157
  -32182
  -37472
  -43511
  -49586
  -55796
  -62555
  -69660
  -76592
  -83109
  -89527
  -96196
 -102506
 -107934
 -112635
 -117323
 -121883
 -125470
 -128027
 -129913
 -131498
 -132382
 -132035
 -130911
 -129601
 -127852
 -125069
 -121516
 -117584
 -113298
 -108266
 -102699
  -97128
  -91495
  -85340
  -79078
  -73574
  -68845
  -64307
  -59881
  -56080
  -53116
  -50524
  -48165
  -46448
  -45746
  -45874
  -46247
  -46807
  -47937
  -50061
  -52691
  -55470
  -58823
  -63040
  -67797
  -72686
  -77830
  -83703
  -90155
  -96285
 -101994
 -107717
 -113569
 -118883
 -123347
 -127335
 -131113
 -134148
 -135783
 -136468
 -136518
 -135647
 -133647
 -130864
 -127745
 -124357
 -120378
 -115979
 -111730
 -107641
 -103101
  -98181
  -93424
  -89047
  -84736
  -80194
  -75936
  -72373
  -68953
  -65140
  -61503
  -58552
  -56127
  -53760
  -51781
  -50818
  -50809
  -51222
  -51959
  -53542
  -56023
  -58945
  -61979
  -65323
  -69361
  -73894
  -78472
  -83224
  -88528
  -93983
  -98868
 -103281
 -107682
 -112207
 -116281
 -119401
 -121984
 -124716
 -127170
 -128684
 -129575
 -130300
 -130730
 -130260
 -129039
 -127735
 -126240
 -123815
 -120435
 -116486
 -112252
 -107600
 -102227
  -96544
  -91170
  -86061
  -80767
  -75619
  -71355
  -67780
  -64202
  -60730
  -57976
  -56115
  -54759
  -53810
  -53808
  -54770
  -56107
  -57676
  -59908
  -62815
  -65908
  -69063
  -72682
  -77013
  -81446
  -85681
  -90338
  -95642
 -100892
 -105548
 -109999
 -114611
 -119216
 -123175
 -126482
 -129515
 -132578
 -135247
 -136953
 -137782
 -138128
 -137828
 -136477
 -134303
 -131818
 -129051
 -125478
 -121442
 -117660
 -114021
 -109905
 -105381
 -101083
  -97114
  -92945
  -88550
  -84517
  -81014
  -77572
  -73846
  -70275
  -67491
  -65121
  -62660
  -60581
  -59427
  -58811
  -58475
  -58923
  -60395
  -62634
  -65091
  -68006
  -71936
  -76459
  -80842
  -85373
  -90309
  -95406
 -100085
 -104225
 -108300
 -112315
 -115650
 -118290
 -120733
 -123169
 -125200
 -126627
 -127602
 -128449
 -128987
 -128621
 -127724
 -126700
 -125224
 -123014
 -120301
 -117478
 -114475
 -110648
 -105963
 -101236
  -96608
  -91658
  -86485
  -81661
  -77387
  -73310
  -69446
  -66206
  -63845
  -61962
  -60302
  -59289
  -59349
  -60197
  -61432
  -63276
  -66005
  -69358
  -72607
  -75885
  -80056
  -84877
  -89582
  -94211
  -99189
 -104498
 -109574
 -114424
 -119362
 -124306
 -128539
 -131852
 -134824
 -137542
 -139410
 -140104
 -140004
 -139680
 -138782
 -136538
 -133245
 -129653
 -126001
 -121509
 -116105
 -110448
 -104902
  -99264
  -93145
  -86994
  -81328
  -76050
  -70780
  -65891
  -61863
  -58629
  -55716
  -53443
  -52363
  -52267
  -52316
  -52613
  -53699
  -55804
  -58456
  -61284
  -64690
  -69258
  -74720
  -80359
  -86343
  -92973
  -99933
 -106442
 -112490
 -118589
 -124531
 -129781
 -134378
 -138532
 -141990
 -144167
 -145215
 -145670
 -145686
 -144790
 -142734
 -140042
 -137135
 -133557
 -129099
 -124186
 -119342
 -114614
 -109285
 -103454
  -97778
  -92461
  -86994
  -81191
  -75590
  -70694
  -66322
  -61962
  -57806
  -54473
  -52024
  -49956
  -48533
  -48486
  -49752
  -51776
  -54376
  -58010
  -62792
  -68078
  -73539
  -79593
  -86286
  -93210
  -99772
 -106150
 -112524
 -118503
 -123631
 -128303
 -132750
 -136579
 -139342
 -141465
 -143435
 -144895
 -145253
 -144654
 -143613
 -142303
 -140284
 -137400
 -134063
 -130535
 -126370
 -121263
 -115561
 -109797
 -104071
  -97864
  -91292
  -85107
  -79736
  -74779
  -70163
  -66307
  -63622
  -61595
  -59825
  -58716
  -58775
  -59925
  -61592
  -63827
  -66964
  -70988
  -75177
  -79014
  -83021
  -87269
  -91268
  -94832
  -98278
 -101928
 -105539
 -108664
 -111353
 -114041
 -116678
 -118544
 -119547
 -120294
 -120948
 -120957
 -120179
 -119074
 -117901
 -115970
 -112963
 -109592
 -106277
 -102674
  -98435
  -93954
  -89597
  -85285
  -80730
  -76242
  -72275
  -68602
  -64894
  -61665
  -59438
  -58014
  -56897
  -56302
  -56734
  -58023
  -59317
  -60767
  -62932
  -65775
  -68781
  -71786
  -75298
  -79521
  -84241
  -89040
  -93985
  -99328
 -104779
 -109787
 -114475
 -119297
 -123978
 -127792
 -130761
 -133286
 -135265
 -136048
 -135493
 -134191
 -132685
 -130739
 -127880
 -124471
 -121228
 -118246
 -114724
 -110567
 -106456
 -102635
  -98702
  -94567
  -90615
  -87202
  -83996
  -80560
  -77061
  -74009
  -71274
  -68598
  -66149
  -64396
  -63436
  -62654
  -61867
  -61861
  -62947
  -64755
  -67800
  -72055
  -76646
  -81379
  -85595
  -89010
  -92425
  -95855
  -98633
 -100940
 -103246
 -105980
 -108332
 -109871
 -110960
 -111902
 -112507
 -112536
 -112350
 -111989
 -111068
 -109170
 -106612
 -103991
 -101512
  -98650
  -95160
  -91416
  -87966
  -84747
  -81025
  -76946
  -73230
  -70012
  -66857
  -63948
  -61879
  -60790
  -60433
  -60704
  -61791
  -63836
  -66270
  -68653
  -71175
  -74233
  -77982
  -81969
  -85694
  -89450
  -93703
  -98311
 -102621
 -106352
 -109909
 -113755
 -117657
 -120883
 -123556
 -126343
 -129076
 -131040
 -132196
 -133114
 -133996
 -134228
 -133571
 -132524
 -131244
 -129107
 -126102
 -122727
 -118895
 -114331
 -109250
 -104063
  -98799
  -93083
  -87249
  -81819
  -76672
  -71421
  -66566
  -62395
  -58464
  -54383
  -50871
  -48248
  -45959
  -44020
  -43016
  -42956
  -43159
  -43832
  -45554
  -47991
  -50643
  -53597
  -57109
  -61569
  -66868
  -72298
  -77771
  -83596
  -89810
  -95866
 -101513
 -107115
 -112809
 -118311
 -123143
 -127318
 -131188
 -134317
 -136086
 -136672
 -136794
 -136642
 -135733
 -133955
 -131981
 -130758
 -129058
 -125585
 -120577
 -114855
 -108393
 -101416
  -94751
  -88308
  -81514
  -74065
  -65564
  -56609
  -48640
  -43051
  -39326
  -37489
  -36248
  -35226
  -34605
  -34897
  -37039
  -40455
  -44188
  -48351
  -53668
  -59772
  -65866
  -72027
  -78834
  -86088
  -93086
  -99538
 -105822
 -111978
 -117468
 -121936
 -125643
 -128867
 -131533
 -133138
 -133809
 -133890
 -133520
 -132371
 -130203
 -127179
 -123638
 -119719
 -114842
 -108986
 -102651
  -96384
  -90038
  -82913
  -75225
  -67726
  -60858
  -54314
  -47778
  -41742
  -36860
  -33063
  -29734
  -27045
  -25626
  -25576
  -26384
  -27836
  -30272
  -34138
  -39258
  -44975
  -51333
  -58598
  -66777
  -75515
  -84468
  -93483
 -102898
 -112529
 -121576
 -129997
 -137977
 -145608
 -152650
 -158294
 -162440
 -165679
 -167981
 -168701
 -167648
 -165069
 -161441
 -156750
 -150271
 -142199
 -133163
 -123756
 -113753
 -102891
  -91602
  -80541
  -70080
  -59688
  -49546
  -40428
  -32537
  -25280
  -18627
  -13108
   -9207
   -6860
   -5401
   -5004
   -6086
   -8481
  -11772
  -16021
  -21616
  -28828
  -37123
  -45825
  -55123
  -65439
  -76604
  -88002
  -99147
 -110144
 -121304
 -132239
 -142198
 -151156
 -159568
 -167368
 -173909
 -178824
 -182312
 -184821
 -186158
 -185740
 -183565
 -180044
 -175348
 -169150
 -161480
 -152942
 -143921
 -134071
 -123245
 -112125
 -101148
  -90173
  -78990
  -68244
  -58499
  -49725
  -41523
  -34015
  -27727
  -22778
  -18606
  -15080
  -12703
  -11918
  -12376
  -13566
  -15712
  -19245
  -24116
  -29540
  -35283
  -41785
  -49383
  -57473
  -65438
  -73385
  -81922
  -91318
 -100651
 -109331
 -117552
 -125341
 -132256
 -137602
 -142323
 -146870
 -150825
 -153600
 -155175
 -155952
 -156063
 -154922
 -152594
 -149726
 -146249
 -141458
 -135564
 -129397
 -123476
 -117522
 -110975
 -104013
  -97206
  -90930
  -84861
  -78675
  -72723
  -67485
  -62822
  -58217
  -53733
  -50032
  -47265
  -44858
  -42668
  -41179
  -40878
  -41517
  -42856
  -45038
  -48475
  -53089
  -58255
  -63997
  -70475
  -77818
  -85666
  -93442
 -101096
 -108871
 -116537
 -123034
 -128419
 -133187
 -137326
 -140351
 -142076
 -142956
 -143421
 -143051
 -141307
 -138623
 -135486
 -131468
 -126148
 -120030
 -113644
 -106902
  -99366
  -91241
  -83231
  -75156
  -66506
  -57519
  -48808
  -40898
  -33545
  -26482
  -20332
  -15766
  -12515
  -10128
   -9150
   -9893
  -11821
  -14630
  -18860
  -24560
  -31073
  -38600
  -47461
  -57082
  -66826
  -77050
  -87910
  -98762
 -109160
 -119353
 -129450
 -139282
 -148309
 -156176
 -163100
 -169185
 -174065
 -177273
 -178769
 -178964
 -178267
 -176260
 -172502
 -167269
 -160818
 -153347
 -144629
 -134689
 -124109
 -113201
 -101632
  -89346
  -77248
  -65782
  -54559
  -43375
  -32761
  -23467
  -15300
   -7904
   -1695
    2773
    5391
    6794
    6978
    5576
    2422
   -2041
   -7550
  -14250
  -22464
  -31952
  -42006
  -52656
  -64317
  -76793
  -89143
 -101129
 -113140
 -125254
 -136757
 -147297
 -157203
 -166588
 -174880
 -181309
 -185903
 -189119
 -190896
 -190648
 -188549
 -185242
 -180675
 -174410
 -166641
 -157826
 -148308
 -137755
 -125862
 -113158
 -100329
  -87348
  -73963
  -60669
  -48008
  -36131
  -24627
  -13597
   -3352
    5455
   12416
   17893
   21972
   24327
   24440
   22157
   18162
   12804
    5933
   -2693
  -12985
  -24196
  -35992
  -48572
  -62135
  -76146
  -89820
 -102940
 -115874
 -128583
 -140340
 -150845
 -160461
 -169238
 -176637
 -182453
 -186944
 -190324
 -192228
 -192319
 -190480
 -186904
 -182095
 -175891
 -167817
 -158024
 -147036
 -135039
 -121718
 -107906
  -95910
  -85829
  -75185
  -63242
  -50238
  -37266
  -25482
  -14804
   -4837
    4074
   11376
   16713
   20375
   22644
   23302
   21963
   18556
   13881
    8345
    1355
   -7577
  -18031
  -29226
  -41234
  -54228
  -67980
  -82010
  -96295
 -110889
 -125410
 -138917
 -151089
 -162252
 -172397
 -180849
 -186839
 -190935
 -193896
 -195403
 -194703
 -191924
 -187461
 -181592
 -173957
 -164198
 -152813
 -140561
 -127974
 -114725
 -100688
  -86224
  -72099
  -58569
  -45214
  -32276
  -20552
  -10025
     304
   10115
   18294
   24295
   28007
   29928
   30074
   28016
   23775
   17885
   10247
     489
  -11090
  -23661
  -37060
  -51593
  -67149
  -82973
  -98486
 -113840
 -129099
 -143636
 -156750
 -168278
 -178593
 -187542
 -194468
 -199320
 -202377
 -203896
 -203526
 -200947
 -196548
 -190725
 -183508
 -174396
 -163478
 -151310
 -138304
 -124454
 -109607
  -94119
  -78639
  -63627
  -48700
  -33915
  -19961
   -7324
    4049
   14536
   23945
   31583
   36866
   40283
   42201
   42261
   39993
   35423
   29127
   21286
   11594
       6
  -12896
  -26672
  -41330
  -56865
  -73002
  -88959
 -104476
 -119756
 -134861
 -149120
 -162040
 -173861
 -184689
 -194079
 -201392
 -206689
 -210459
 -212672
 -212543
 -209776
 -204888
 -198346
 -190018
 -179274
 -166292
 -152018
 -136776
 -120338
 -102813
  -84828
  -67073
  -49627
  -32254
  -15577
    -329
   13212
   25348
   36168
   45209
   51900
   56271
   58815
   59469
   57832
   53583
   47088
   39153
   29746
   18379
    5270
   -8896
  -23778
  -39641
  -56579
  -74120
  -91688
 -108837
 -125726
 -142095
 -157050
 -170343
 -182324
 -192849
 -201327
 -207513
 -211753
 -214168
 -214502
 -212128
 -207341
 -200860
 -192557
 -181965
 -169298
 -155252
 -140173
 -123696
 -105942
  -88164
  -71116
  -54289
  -37272
  -20776
   -5669
    7885
   20307
   31514
   40824
   47833
   52340
   54676
   55493
   54681
   51547
   45930
   38381
   29463
   19097
    6952
   -7073
  -22378
  -38353
  -54849
  -71987
  -89537
 -106820
 -123286
 -138717
 -153315
 -167197
 -179838
 -190575
 -199398
 -206476
 -212083
 -215828
 -216738
 -215130
 -211537
 -206253
 -199070
 -189485
 -177876
 -164887
 -150782
 -135432
 -118744
 -101361
  -83931
  -66651
  -49097
  -31394
  -14185
    1966
   17171
   31698
   45209
   57014
   66956
   75414
   82453
   87570
