   10010
  -19126
  -48838
  -79288
 -109811
 -139759
 -169527
 -199108
 -228521
 -256764
 -282612
 -306731
 -330157
 -353024
 -373989
 -390922
 -403946
 -414242
 -421627
 -426245
 -428189
 -427266
 -423531
 -418212
 -411728
 -402979
 -390732
 -375765
 -357132
 -334116
 -308668
 -281732
 -252154
 -220979
 -189111
 -156246
 -122529
  -87676
  -51669
  -15161
   21103
   56410
   90689
  123842
  155655
  185936
  214410
  241224
  266999
  290715
  311226
  328481
  342618
  353730
  361738
  366388
  367469
  365331
  360513
  353108
  343085
  330501
  315420
  298119
  279591
  259782
  237569
  212854
  186031
  157510
  127612
   96699
   65044
   32858
     426
  -31965
  -63977
  -95363
 -125869
 -155341
 -183721
 -210765
 -236118
 -259611
 -281146
 -300567
 -317690
 -332358
 -344520
 -354157
 -361126
 -365298
 -366631
 -365112
 -360831
 -353852
 -344243
 -332113
 -317625
 -300908
 -282244
 -262052
 -240454
 -217199
 -192324
 -166120
 -138849
 -110708
  -81914
  -52765
  -23529
    5550
   34286
   62413
   89666
  115816
  140600
  163808
  185423
  205295
  223053
  238619
  252051
  263269
  271999
  278193
  281933
  283287
  282248
  278739
  272849
  264619
  253748
  240214
  224682
  208342
  190864
  171264
  150163
  127857
  104290
   79683
   54572
   29391
    3961
  -21703
  -47346
  -72896
  -98065
 -122580
 -146163
 -168587
 -189643
 -209204
 -227212
 -243535
 -258037
 -270618
 -281281
 -289997
 -296657
 -301131
 -303491
 -303717
 -301629
 -297111
 -290194
 -281151
 -270225
 -257418
 -242939
 -226783
 -208273
 -187479
 -166153
 -144475
 -121964
  -99200
  -76977
  -55092
  -32918
  -10551
   11683
   33599
   55026
   75811
   95767
  114728
  132557
  149137
  164297
  177905
  189854
  200107
  208532
  214987
  219438
  221862
  222301
  220712
  217118
  211608
  204232
  195020
  184102
  171610
  157691
  142458
  126049
  108640
   90321
   71204
   51465
   31373
   11107
   -9237
  -29538
  -49617
  -69356
  -88659
 -107375
 -125273
 -142208
 -158064
 -172711
 -186086
 -198141
 -208808
 -218014
 -225643
 -231673
 -236088
 -238868
 -239992
 -239483
 -237353
 -233572
 -228128
 -221104
 -212581
 -202619
 -191290
 -178685
 -164835
 -149736
 -133633
 -116890
  -99580
  -81730
  -63537
  -45275
  -27121
   -9179
    8340
   25452
   42112
   58153
   73407
   87781
  101268
  113761
  125059
  135037
  143754
  151264
  157373
  161888
  164886
  166456
  166571
  165110
  162223
  158010
  152415
  145403
  137053
  127408
  116612
  104770
   91911
   78096
   63525
   48377
   32746
   16745
     549
  -15850
  -32323
  -48734
  -64881
  -80609
  -95731
 -110196
 -123889
 -136714
 -148577
 -159367
 -168978
 -177332
 -184357
 -190045
 -194361
 -197271
 -198734
 -198795
 -197483
 -194813
 -190798
 -185520
 -178999
 -171298
 -162464
 -152615
 -141855
 -130249
 -117859
 -104811
  -91219
  -77182
  -62763
  -48099
  -33340
  -18628
   -4040
   10300
   24209
   37602
   50437
   62619
   74034
   84574
   94184
  102785
  110259
  116532
  121577
  125373
  127853
  129030
  128940
  127568
  124948
  121108
  116147
  110123
  103059
   95009
   86013
   76188
   65682
   54465
   42473
   29959
   17187
    4126
   -9220
  -22673
  -36052
  -49203
  -62058
  -74379
  -85888
  -96748
 -107036
 -116794
 -125013
 -130846
 -137064
 -143247
 -148273
 -152769
 -156974
 -160779
 -163828
 -165706
 -166621
 -166600
 -165268
 -162555
 -158490
 -153389
 -147431
 -140641
 -133048
 -124706
 -115641
 -105907
  -95642
  -84927
  -73833
  -62391
  -50684
  -38822
  -26898
  -14970
   -3167
    8393
   19632
   30486
   40839
   50481
   59286
   67278
   74443
   80810
   86594
   91613
   95554
   98487
  100488
  101447
  101571
  100840
   99072
   96242
   92389
   87619
   81913
   75324
   67931
   59891
   51270
   42085
   32399
   22359
   12040
    1486
   -9214
  -19993
  -30775
  -41527
  -52130
  -62459
  -72393
  -81928
  -91015
  -99565
 -107483
 -114772
 -121367
 -127151
 -132044
 -136048
 -139179
 -141403
 -142680
 -142998
 -142372
 -140861
 -138440
 -135126
 -130991
 -126036
 -120229
 -113532
 -106072
  -98063
  -89660
  -80851
  -71690
  -62281
  -52694
  -43000
  -33273
  -23641
  -14164
   -4891
    4148
   12864
   21208
   29150
   36658
   43632
   49983
   55618
   60550
   64748
   68192
   70875
   72841
   74045
   74425
   73995
   72811
   70853
   68090
   64533
   60191
   55163
   49441
   43087
   36164
   28779
   20979
   12840
    4458
   -4053
  -12674
  -21332
  -29980
  -38487
  -46812
  -54973
  -62908
  -70518
  -77738
  -84545
  -90847
  -96606
 -101786
 -106368
 -110265
 -113441
 -115884
 -117586
 -118562
 -118855
 -118411
 -117263
 -115461
 -113068
 -110081
 -106523
 -102498
  -97975
  -92880
  -87159
  -80985
  -74302
  -67188
  -59620
  -51707
  -43661
  -35581
  -27514
  -19414
  -11306
   -3076
    5810
   15363
   24597
   32047
   37776
   43233
   47665
   50570
   53006
   55295
   57064
   57854
   57260
   55507
   53148
   50293
   46979
   43246
   39178
   34764
   30023
   24928
   19523
   13803
    7774
    1522
   -4878
  -11476
  -18180
  -24911
  -31604
  -38252
  -44807
  -51212
  -57394
  -63325
  -69001
  -74375
  -79333
  -83836
  -87871
  -91412
  -94401
  -96824
  -98712
 -100033
 -100747
 -100863
 -100376
  -99327
  -97715
  -95597
  -92981
  -89895
  -86402
  -82531
  -78283
  -73656
  -68682
  -63434
  -57976
  -52377
  -46677
  -40914
  -35099
  -29251
  -23363
  -17530
  -11839
   -6378
   -1152
    3785
    8363
   12617
   16563
   20155
   23317
   26015
   28289
   30110
   31428
   32238
   32547
   32370
   31692
   30531
   28913
   26867
   24381
   21493
   18250
   14695
   10804
    6616
    2195
   -2379
   -7124
  -12023
  -17035
  -22079
  -27083
  -32045
  -36918
  -41682
  -46283
  -50731
  -55025
  -59149
  -62982
  -66515
  -69721
  -72591
  -75046
  -77128
  -78856
  -80213
  -81129
  -81588
  -81593
  -81157
  -80273
  -78983
  -77302
  -75272
  -72880
  -70167
  -67180
  -63944
  -60400
  -56596
  -52619
  -48519
  -44281
  -39928
  -35557
  -31224
  -26947
  -22748
  -18685
  -14765
  -11010
   -7461
   -4131
   -1034
    1824
    4405
    6715
    8762
   10526
   11993
   13146
   13995
   14569
   14850
   14801
   14407
   13664
   12619
   11209
    9440
    7331
    4955
    2338
    -501
   -3567
   -6845
  -10351
  -14045
  -17880
  -21763
  -25709
  -29684
  -33645
  -37508
  -41253
  -44910
  -48470
  -51867
  -55024
  -57988
  -60750
  -63274
  -65490
  -67422
  -69067
  -70412
  -71399
  -72071
  -72463
  -72547
  -72285
  -71686
  -70799
  -69651
  -68223
  -66469
  -64458
  -62201
  -59689
  -56882
  -53848
  -50633
  -47292
  -43787
  -40175
  -36523
  -32862
  -29202
  -25551
  -21949
  -18457
  -15072
  -11809
   -8728
   -5882
   -3304
    -968
    1164
    3051
    4635
    5831
    6669
    7254
    7595
    7620
    7379
    6845
    5976
    4761
    3260
    1475
    -607
   -2944
   -5474
   -8162
  -11002
  -13978
  -17036
  -20139
  -23313
  -26561
  -29857
  -33153
  -36457
  -39747
  -42998
  -46157
  -49206
  -52129
  -54895
  -57416
  -59658
  -61646
  -63382
  -64874
  -66057
  -66926
  -67524
  -67865
  -67897
  -67604
  -67028
  -66205
  -65127
  -63708
  -62001
  -60090
  -58013
  -55754
  -53305
  -50778
  -48163
  -45480
  -42701
  -39900
  -37113
  -34334
  -31547
  -28770
  -26059
  -23450
  -20950
  -18549
  -16288
  -14186
  -12253
  -10465
   -8878
   -7498
   -6333
   -5318
   -4481
   -3856
   -3456
   -3232
   -3203
   -3427
   -3913
   -4633
   -5528
   -6495
   -7124
   -7666
   -8677
  -10185
  -12042
  -14144
  -16417
  -18788
  -21304
  -24173
  -27455
  -30782
  -33998
  -37127
  -40175
  -43113
  -45963
  -48719
  -51376
  -53860
  -56170
  -58312
  -60283
  -62011
  -63496
  -64737
  -65744
  -66482
  -66926
  -67109
  -67031
  -66689
  -66032
  -65095
  -63914
  -62498
  -60811
  -58892
  -56780
  -54527
  -52069
  -49445
  -46739
  -43946
  -41084
  -38149
  -35244
  -32376
  -29539
  -26699
  -23942
  -21305
  -18817
  -16413
  -14146
  -12070
  -10192
   -8475
   -6943
   -5624
   -4553
   -3721
   -3109
   -2800
   -2757
   -2952
   -3357
   -4020
   -4946
   -6126
   -7494
   -9051
  -10776
  -12667
  -14673
  -16799
  -19043
  -21372
  -23732
  -26103
  -28497
  -30900
  -33253
  -35530
  -37757
  -39955
  -42110
  -44145
  -46105
  -48004
  -49802
  -51436
  -52872
  -54147
  -55241
  -56105
  -56706
  -57092
  -57264
  -57217
  -56900
  -56391
  -55728
  -54894
  -53826
  -52580
  -51186
  -49669
  -47983
  -46171
  -44305
  -42419
  -40487
  -38490
  -36501
  -34525
  -32565
  -30590
  -28668
  -26819
  -24999
  -23180
  -21432
  -19772
  -18223
  -16761
  -15440
  -14279
  -13303
  -12474
  -11796
  -11323
  -11057
  -10950
  -10990
  -11213
  -11634
  -12227
  -12970
  -13904
  -15039
  -16298
  -17634
  -19061
  -20551
  -22068
  -23690
  -25409
  -27258
  -29184
  -31101
  -33054
  -35041
  -37029
  -38953
  -40815
  -42609
  -44341
  -45943
  -47430
  -48827
  -50131
  -51290
  -52296
  -53160
  -53875
  -54395
  -54695
  -54811
  -54774
  -54494
  -54002
  -53315
  -52437
  -51371
  -50174
  -48853
  -47438
  -45901
  -44271
  -42586
  -40843
  -39023
  -37160
  -35268
  -33331
  -31318
  -29343
  -27484
  -25732
  -24182
  -22871
  -21712
  -20560
  -19442
  -18504
  -17729
  -17068
  -16560
  -16228
  -16062
  -16001
  -16083
  -16349
  -16818
  -17426
  -18193
  -19105
  -20136
  -21242
  -22380
  -23625
  -24960
  -26328
  -27706
  -29106
  -30513
  -31894
  -33277
  -34699
  -36110
  -37469
  -38745
  -39991
  -41240
  -42448
  -43579
  -44656
  -45690
  -46659
  -47528
  -48317
  -49029
  -49610
  -50048
  -50371
  -50572
  -50651
  -50668
  -50583
  -50370
  -49974
  -49428
  -48749
  -47959
  -47004
  -45942
  -44784
  -43542
  -42160
  -40694
  -39203
  -37682
  -36089
  -34430
  -32792
  -31188
  -29623
  -28065
  -26585
  -25194
  -23881
  -22551
  -20913
  -18476
  -16108
  -14497
  -13436
  -12872
  -12621
  -12606
  -12784
  -13199
  -14000
  -15247
  -16609
  -17873
  -19061
  -20241
  -21449
  -22648
  -23833
  -25040
  -26295
  -27555
  -28855
  -30193
  -31576
  -32943
  -34296
  -35667
  -37065
  -38450
  -39811
  -41126
  -42383
  -43522
  -44558
  -45514
  -46380
  -47114
  -47709
  -48192
  -48556
  -48801
  -48918
  -48952
  -48900
  -48722
  -48421
  -48043
  -47572
  -46989
  -46265
  -45448
  -44550
  -43588
  -42535
  -41425
  -40302
  -39179
  -38013
  -36832
  -35648
  -34468
  -33233
  -31987
  -30752
  -29556
  -28355
  -27161
  -26043
  -25031
  -24141
  -23340
  -22653
  -22090
  -21636
  -21253
  -20982
  -20822
  -20794
  -20838
  -21002
  -21275
  -21635
  -22042
  -22503
  -23038
  -23665
  -24379
  -25262
  -26305
  -27405
  -28587
  -29892
  -31203
  -32439
  -33569
  -34611
  -35614
  -36620
  -37626
  -38550
  -39454
  -40363
  -41259
  -42129
  -42876
  -43515
  -44118
  -44679
  -45154
  -45509
  -45780
  -45992
  -46167
  -46248
  -46221
  -46023
  -45301
  -44162
  -43115
  -42261
  -41523
  -40960
  -40597
  -40201
  -39641
  -38916
  -38073
  -37143
  -36161
  -35122
  -34056
  -33010
  -32032
  -31130
  -30273
  -29513
  -28830
  -28191
  -27574
  -27021
  -26582
  -26276
  -26036
  -25901
  -25916
  -26046
  -26216
  -26391
  -26642
  -26965
  -27338
  -27727
  -28178
  -28690
  -29265
  -29867
  -30445
  -31064
  -31730
  -32437
  -33115
  -33789
  -34472
  -35131
  -35717
  -36238
  -36746
  -37230
  -37663
  -38028
  -38381
  -38738
  -39027
  -39205
  -39336
  -39450
  -39557
  -39580
  -39556
  -39509
  -39438
  -39283
  -39086
  -38859
  -38618
  -38318
  -38013
  -37717
  -37403
  -37008
  -36585
  -36158
  -35748
  -35301
  -34779
  -34234
  -33709
  -33193
  -32648
  -32110
  -31605
  -31138
  -30647
  -30167
  -29723
  -29327
  -28934
  -28581
  -28289
  -28051
  -27819
  -27614
  -27470
  -27407
  -27371
  -27358
  -27411
  -27519
  -27654
  -27864
  -28196
  -28626
  -29102
  -29610
  -30149
  -30739
  -31343
  -31997
  -32686
  -33408
  -34102
  -34761
  -35406
  -36038
  -36621
  -37123
  -37586
  -38022
  -38436
  -38792
  -39145
  -39488
  -39807
  -40048
  -40252
  -40445
  -40627
  -40758
  -40862
  -40967
  -41073
  -41128
  -41125
  -41097
  -41022
  -40886
  -40646
  -40346
  -40007
  -39635
  -39202
  -38742
  -38281
  -37796
  -37269
  -36748
  -36256
  -35793
  -35309
  -34833
  -34429
  -34097
  -33806
  -33491
  -33198
  -32918
  -32639
  -32322
  -31994
  -31675
  -31392
  -31115
  -30870
  -30642
  -30399
  -30091
  -29778
  -29489
  -29229
  -28978
  -28794
  -28668
  -28581
  -28531
  -28559
  -28691
  -28917
  -29209
  -29608
  -30099
  -30664
  -31281
  -31975
  -32745
  -33557
  -34325
  -35083
  -35842
  -36582
  -37238
  -37817
  -38374
  -38895
  -39343
  -39701
  -40051
  -40355
  -40613
  -40819
  -41019
  -41177
  -41256
  -41243
  -41208
  -41155
  -41068
  -40942
  -40817
  -40690
  -40530
  -40311
  -40062
  -39776
  -39448
  -39068
  -38661
  -38232
  -37800
  -37358
  -36898
  -36430
  -35917
  -35374
  -34804
  -34229
  -33632
  -33026
  -32430
  -31825
  -31200
  -30593
  -30015
  -29497
  -29014
  -28615
  -28334
  -28173
  -28065
  -28023
  -28058
  -28205
  -28415
  -28679
  -29052
  -29543
  -30088
  -30646
  -31238
  -31875
  -32539
  -33243
  -33996
  -34791
  -35596
  -36389
  -37222
  -38078
  -38902
  -39631
  -40305
  -40945
  -41578
  -42137
  -42682
  -43187
  -43649
  -44027
  -44338
  -44596
  -44791
  -44904
  -44971
  -45000
  -44995
  -44897
