 -645881
 -536094
 -426602
 -318118
 -212346
 -111140
  -15790
   72681
  152866
  223663
  284581
  335222
  375138
  403572
  420579
  426289
  420892
  405033
  379149
  344043
  300730
  250252
  193912
  132598
   67166
   -1235
  -71516
 -142515
 -212866
 -281462
 -347212
 -409085
 -465841
 -516328
 -559906
 -596168
 -624736
 -645606
 -658966
 -664837
 -663335
 -654942
 -640082
 -619082
 -592481
 -560675
 -524075
 -483357
 -439215
 -392298
 -343492
 -293555
 -243145
 -193149
 -144363
  -97403
  -53083
  -12566
   22240
   48778
   65154
   71574
   70338
   64289
   55497
   45029
   33102
   19489
    4278
  -12422
  -30586
  -49884
  -70006
  -90649
 -111371
 -131825
 -151795
 -171040
 -189338
 -206092
 -220969
 -234597
 -247044
 -258142
 -267628
 -275157
 -280603
 -283951
 -285306
 -284644
 -282085
 -277847
 -271722
 -263770
 -254231
 -243123
 -230672
 -217154
 -202603
 -187219
 -171231
 -154781
 -138237
 -121907
 -105923
  -90513
  -75880
  -62093
  -49415
  -38227
  -28535
  -20254
  -13553
   -8237
   -3844
    -185
    2627
    3872
    1190
   -9226
  -29902
  -59252
  -91886
 -122414
 -147995
 -168222
 -183963
 -196385
 -206365
 -214568
 -221193
 -226404
 -230428
 -233384
 -235280
 -236122
 -236003
 -234868
 -232725
 -229693
 -225741
 -220805
 -214961
 -208109
 -200156
 -191315
 -181902
 -171830
 -161212
 -150345
 -139242
 -128076
 -117108
 -106426
  -96071
  -86221
  -77144
  -68873
  -61469
  -55040
  -49616
  -45131
  -41565
  -39059
  -37558
  -37104
  -37658
  -38869
  -40567
  -42625
  -44746
  -46864
  -49090
  -51195
  -53185
  -55297
  -57516
  -59999
  -62852
  -65805
  -68935
  -72443
  -76176
  -79886
  -83335
  -86069
  -87807
  -88486
  -87953
  -86188
  -83437
  -79831
  -75599
  -71048
  -66354
  -61842
  -58469
  -57784
  -61168
  -69186
  -81261
  -95903
 -111480
 -126838
 -141303
 -154303
 -165473
 -174753
 -181951
 -186942
 -189757
 -190518
 -189306
 -186327
 -181802
 -175681
 -168043
 -159160
 -149107
 -137992
 -126255
 -114110
 -101347
  -88174
  -75582
  -64882
  -57450
  -53983
  -54140
  -57099
  -62185
  -68670
  -75880
  -83166
  -89427
  -93634
  -96382
  -98323
  -99841
 -101459
 -103306
 -105170
 -107037
 -109051
 -111519
 -114822
 -118821
 -123049
 -126842
 -129426
 -130493
 -130034
 -128123
 -125127
 -121285
 -116599
 -111394
 -106174
 -101220
  -96787
  -92965
  -89688
  -86964
  -84767
  -82986
  -81553
  -80537
  -79925
  -79633
  -79570
  -79653
  -79759
  -79829
  -79857
  -79746
  -79358
  -78664
  -77832
  -76907
  -75935
  -75040
  -74170
  -73245
  -72252
  -71226
  -70174
  -69187
  -68454
  -67932
  -67500
  -67113
  -66664
  -66126
  -65609
  -64989
  -64236
  -63497
  -62869
  -62117
  -61254
  -60397
  -59476
  -58347
  -57138
  -55783
  -54196
  -52433
  -50392
  -47929
  -45200
  -42184
  -38771
  -35084
  -31254
  -27223
  -23110
  -19177
  -15392
  -11661
   -8089
   -4578
    -949
    2566
    5849
    8837
   11371
   13723
   16404
   19667
   23711
   28696
   34332
   40333
   46463
   52342
   57656
   62292
   65978
   68577
   70129
   70487
   69619
   67757
   64959
   61214
   56703
   51510
   45581
   39020
   32070
   24881
   17727
   11172
    5816
    1880
    -484
   -1310
    -872
     772
    3515
    6950
   10938
   15548
   20635
   26000
   31605
   37302
   42845
   48336
   53796
   59014
   63973
   68505
   72357
   75610
   78368
   80529
   82196
   83527
   84371
   84776
   84941
   84810
   84266
   83493
   82460
   81162
   80372
   80894
   82165
   84297
   87433
   91606
   96760
  102526
  108338
  113990
  119227
  123705
  127361
  130075
  131608
  132133
  131843
  130726
  129040
  127039
  124660
  122050
  119286
  116201
  113597
  112140
  111132
  110226
  109402
  108365
  107435
  107052
  107439
  108614
  110584
  113029
  115427
  117616
  119421
  121155
  123375
  126022
  128838
  131834
  135015
  138222
  141524
  144970
  148474
  151961
  155543
  159163
  162599
  165892
  168973
  171658
  173930
  175703
  176917
  177606
  177958
  178015
  177714
  177037
  176063
  174822
  173238
  171393
  169388
  167204
  164956
  162760
  160542
  158265
  156180
  154466
  153046
  151952
  151475
  151790
  153151
  155713
  159224
  163404
  167916
  172270
  176258
  179974
  183381
  186493
  189398
  192045
  194357
  196360
  198132
  199574
  200530
  200931
  200726
  199937
  198722
  196950
  194270
  190484
  185544
  179546
  173033
  166491
  160076
  154096
  148754
  143940
  139663
  136101
  133154
  130684
  128648
  126865
  125332
  124437
  124361
  125309
  127510
  130729
  134734
  139633
  145197
  151209
  157614
  164085
  170504
  176769
  182625
  188083
  193063
  197450
  201457
  205083
  208328
  211239
  213633
  215413
  216676
  217336
  217554
  217581
  217324
  216850
  216176
  215190
  213896
  212305
  210409
  208242
  205916
  203484
  200976
  198410
  195858
  193348
  190785
  188099
  185417
  182851
  180465
  178542
  177117
  176103
  175661
  175776
  176292
  177344
  178895
  180804
  182902
  185204
  187701
  190410
  193537
  197269
  201712
  207035
  213246
  220076
  227186
  234445
  241654
  248555
  254985
  260860
  266300
  271330
  275682
  279087
  281748
  283647
  284376
  283975
  282648
  280408
  277302
  273379
  268768
  263598
  258030
  252303
  246727
  241433
  236426
  231633
  227115
  222867
  218917
  215382
  212357
  209727
  207391
  205622
  204600
  204559
  205678
  207976
  211224
  215156
  219705
  224738
  229990
  235132
  240012
  244441
  248059
  250322
  250881
  249475
  246083
  241259
  235526
  228969
  221639
  213512
  204619
  195416
  186382
  177642
  169423
  161933
  155180
  149184
  144176
  140216
  137259
  135445
  134776
  135110
  136495
  138926
  142337
  146775
  152100
  158055
  164642
  171870
  179528
  187560
  195888
  204318
  212759
  221082
  229004
  236479
  243559
  250145
  256177
  261806
  267157
  272084
  276514
  280356
  283396
  285481
  286594
  286584
  285341
  282999
  279641
  275276
  270116
  264263
  257639
  250403
  242799
  234943
  227084
  219396
  211804
  204468
  197617
  191293
  185602
  180717
  176543
  173164
  170698
  170061
  172589
  175884
  177968
  178527
  179351
  181328
  183820
  186878
  190266
  193339
  196053
  199116
  202660
  206447
  210569
  214984
  219514
  224164
  228947
  233999
  239390
  244845
  249799
  254335
  258981
  263842
  268646
  272593
  274064
  270797
  260447
  241696
  215126
  182821
  147099
  108620
   68045
   26799
  -13455
  -51596
  -86301
 -118000
 -146931
 -170795
 -189636
 -205075
 -215929
 -221365
 -220392
 -213279
 -200092
 -180844
 -156791
 -131044
 -105042
  -77944
  -48474
  -17172
   15687
   49153
   82490
  115696
  148233
  179350
  208524
  235452
  260024
  281903
  300724
  316172
  328823
  338578
  345321
  349423
  350547
  348487
  340732
  328522
  313946
  296980
  277992
  257222
  235075
  211984
  188414
  164308
  140067
  116195
   93142
   71268
   50820
   32251
   15977
    2067
   -9306
  -17691
  -23093
  -25563
  -25153
  -22223
  -17024
   -9584
    -509
    9632
   20875
   33192
   46401
   60306
   74337
   87827
  100401
  111738
  121681
  130418
  138103
  144836
  151102
  157123
  162519
  167141
  170950
  173817
  175945
  177554
  178516
  178694
  178066
  176943
  175294
  173102
  170622
  167742
  164345
  160484
  156251
  151726
  146941
  141876
  136695
  131659
  126816
  122198
  117984
  114140
  110561
  107333
  104489
  102024
  100019
   98388
   97243
   96749
   97132
   98343
  100220
  102651
  105495
  108715
  112167
  115671
  119119
  122655
  126482
  130585
  134786
  138945
  143009
  146859
  150399
  153621
  156508
  159000
  161043
  162666
  163851
  164491
  164666
  164338
  163458
  162103
  160376
  158305
  155984
  153550
  151035
  148423
  145800
  143181
  140525
  137932
  135520
  133248
  131061
  128973
  126975
  125049
  123389
  122052
  121007
  120194
  119658
  119470
  119570
  120003
  120779
  121734
  122571
  123373
  124284
  125224
  126375
  127778
  129358
  131211
  133306
  135556
  137985
  140551
  143104
  145642
  148407
  151085
  153357
  155665
  157916
  159768
  161298
  162306
  162772
  163246
  163900
  164624
  165468
  166340
  166789
  166256
  164443
  161095
  156304
  150213
  142935
  134888
  126415
  117856
  109485
  101384
   93879
   87588
   82572
   78708
   75996
   74288
   73251
   72248
   69981
   64835
   55634
   42069
   24728
    4358
  -18452
  -43369
  -70334
  -99244
 -129605
 -160564
 -191710
 -223132
 -254688
 -285776
 -315593
 -343189
 -367624
 -388269
 -404804
 -417005
 -424499
 -426916
 -424101
 -416144
 -403119
 -385270
 -363087
 -336889
 -307006
 -274002
 -238521
 -201196
 -162603
 -123411
  -84281
  -45846
   -8803
   26432
   59374
   89477
  116469
  140337
  161105
  178883
  193779
  205731
  214489
  219906
  221944
  220524
  215624
  207300
  195625
  180741
  162864
  142401
  119727
   95220
   69352
   42679
   15753
  -11004
  -37191
  -62462
  -86605
 -109312
 -130156
 -148858
 -165293
 -179209
 -190349
 -198573
 -203796
 -205980
 -205268
 -201820
 -195634
 -186835
 -175618
 -162166
 -146631
 -129348
 -110785
  -91201
  -70974
  -50453
  -29860
   -9426
   10536
   29724
   47977
   65024
   80610
   94559
  106747
  117021
  125125
  131113
  135017
  136834
  136663
  134563
  130642
  124688
  116906
  107588
   96960
   85290
   72831
   59863
   46524
   33059
   19697
    6549
   -6190
  -18194
  -29233
  -39232
  -48015
  -55454
  -61554
  -66295
  -69627
  -71469
  -71830
  -70696
  -68168
  -64394
  -59449
  -53389
  -46238
  -38053
  -28996
  -19235
   -9028
    1511
   12260
   23002
   33595
   43940
   53881
   63238
   72036
   80316
   88030
   95203
  101824
  107847
  113153
  117740
  121498
  124293
  126106
  126914
  126620
  125265
  123005
  119866
  115840
  111087
  105745
   99843
   93421
   86600
   79431
   71970
   64434
   56943
   49527
   42453
   35928
   29979
   24568
   19824
   15846
   12629
   10279
    8818
    8141
    8174
    9098
   10966
   13710
   17398
   21977
   27284
   33309
   39963
   47091
   54501
   62092
   69682
   77033
   84138
   90982
   97459
  103500
  109124
  114344
  119049
  123300
  127049
  129894
  131983
  133378
  134163
  134472
  133890
  132395
  129886
  126686
  123953
  121120
  118758
  116191
  112920
  108697
  103221
   97073
   91326
   86342
   82130
   77864
   73289
   69531
   66150
   63037
   60314
   57986
   56573
   55926
   56497
   58962
   62894
   68179
   74887
   82852
   91985
  102104
  112668
  123231
  133642
  143713
  153111
  161715
  169402
  175875
  181013
  184789
  187134
  187904
  187200
  185078
  181652
  177191
  171952
  166047
  159521
  152527
  145159
  137505
  129746
  122039
  114519
  107257
  100415
   94063
   88212
   83052
   78616
   74810
   71754
   69604
   68358
   67959
   68433
   69653
   71521
   74099
   77328
   81021
   85152
   89741
   95043
  100896
  106685
  112312
  117734
  122962
  127886
  132452
  136897
  141286
  145572
  149713
  153629
  157131
  160138
  162656
  164526
  165460
  165531
  164854
  163398
  161398
  159179
  156995
  155193
  154389
  154344
  154420
  154553
  154751
  154903
  154866
  154625
  154061
  153132
  152326
  152032
  152436
  153802
  156253
  159632
  163661
  168154
  172787
  177234
  181373
  184993
  187826
  189781
  190827
  190943
  190132
  188528
  186159
  183059
  179424
  175310
  170745
  165887
  160837
  155567
  150228
  145024
  140029
  135211
  130695
  126519
  122701
  119384
  116686
  114549
  112947
  111988
  111648
  111849
  112641
  113986
  115742
  117782
  120100
  122655
  125383
  128453
  131917
  135746
  140099
  145163
  150986
  157518
  164669
  172146
  179584
  186736
  193199
  198458
  202166
  204298
  204922
  204214
  202593
  200321
  197474
  194220
  190641
  186703
  182364
  177723
  172780
  167463
  161894
  156198
  150387
  144482
  138611
  132888
  127365
  122173
  117425
  112987
  108804
  105421
  103014
  101378
  100507
  100323
  100685
  100897
   99664
   95512
   87150
   73754
   54812
   29977
    -535
  -36177
  -76068
 -118685
 -162261
 -205417
 -247013
 -285873
 -321159
 -352135
 -378046
 -398449
 -413112
 -421709
 -424074
 -420411
 -410827
 -395398
 -374475
 -348415
 -317726
 -283069
 -245076
 -204297
 -161398
 -117257
  -72622
  -28308
   14902
   56497
   95929
  132654
  166318
  196476
  222665
  244656
  262352
  275675
  284543
  289051
  289283
  285314
  277209
  265245
  249719
  230918
  209355
  185634
  160199
  133456
  105986
   78191
   50377
   22979
   -3548
  -28880
  -52729
  -74682
  -94438
 -111801
 -126474
 -138272
 -147149
 -153052
 -155858
 -155557
 -152335
 -146204
 -137261
 -125865
 -112211
  -96471
  -78945
  -59875
  -39606
  -18607
    2944
   25310
   48344
   71325
   93923
  116151
  135914
  152342
  166529
  178602
  188513
  196234
  201580
  204465
  204965
  203302
  199577
  193809
  186223
  177064
  166484
  154726
  142063
  128757
  115305
  101656
   87590
   73367
   59241
   45569
   32820
   21070
   10293
     545
   -8114
  -15444
  -20945
  -24266
  -25609
  -24953
  -21858
  -16593
   -9689
   -2089
    6286
   15810
   26297
   37232
   48213
   59239
   70499
   82137
   94338
  106208
  116504
  124966
  132035
  137842
  142591
