  -13303
 -157308
 -282897
 -380523
 -443776
 -467618
 -448919
 -388399
 -291884
 -168691
  -28139
  119729
  262284
  386217
  480971
  540747
  562274
  542888
  483191
  389184
  270453
  135673
   -5523
 -140855
 -257920
 -348004
 -404790
 -422859
 -399388
 -336781
 -240500
 -119493
   15545
  154226
  286310
  400749
  487093
  537420
  548314
  520192
  455038
  357165
  233724
   95097
  -45977
 -178107
 -291468
 -377928
 -429880
 -441724
 -412564
 -346176
 -248650
 -126522
   11222
  152474
  284312
  395961
  479866
  529879
  540898
  510747
  442893
  344927
  224671
   90624
  -46540
 -174132
 -280619
 -357592
 -399775
 -404465
 -369878
 -297524
 -194061
  -69064
   66631
  203271
  330709
  437906
  515302
  557208
  561679
  527746
  457135
  355303
  232016
   98614
  -34403
 -157514
 -261770
 -338101
 -379284
 -382797
 -349519
 -283581
 -190353
  -75848
   50518
  176862
  291836
  386771
  455245
  490909
  489302
  450646
  380021
  284141
  169688
   44944
  -78926
 -189565
 -278011
 -338118
 -365447
 -356945
 -312056
 -235122
 -133752
  -17143
  106362
  228479
  338515
  425667
  482742
  506563
  496088
  451232
  374158
  271575
  154129
   30533
  -90488
 -199176
 -286028
 -342555
 -364391
 -351005
 -305328
 -230872
 -131739
  -16506
  103961
  219086
  320277
  400022
  450582
  466541
  447290
  396062
  317088
  216069
   99971
  -21326
 -135907
 -234064
 -308566
 -354722
 -368538
 -346928
 -291475
 -208340
 -105321
   10415
  130218
  243638
  340166
  412174
  455764
  468132
  447794
  395500
  315522
  215910
  106018
   -5999
 -112396
 -203841
 -271412
 -310169
 -318214
 -295489
 -242745
 -163161
  -63814
   45900
  155901
  258245
  346331
  411646
  447210
  450347
  422347
  365469
  282718
  179894
   66482
  -46676
 -150734
 -238049
 -302455
 -338841
 -342700
 -313119
 -253594
 -170575
  -70980
   38554
  149451
  251539
  335106
  393418
  423636
  424706
  396100
  339367
  258956
  163346
   61715
  -38389
 -129964
 -205478
 -256833
 -279908
 -274225
 -241173
 -182720
 -102112
   -6533
   94703
  192646
  280631
  353196
  403156
  424368
  414128
  374695
  310612
  226371
  127120
   19833
  -85357
 -178802
 -253440
 -304214
 -328212
 -322709
 -286395
 -222744
 -138341
  -40697
   63247
  166230
  259692
  335082
  385256
  407242
  401193
  367642
  308427
  226933
  130464
   29377
  -67867
 -154345
 -224290
 -271841
 -291336
 -281291
 -243501
 -182320
 -102752
   -9405
   90707
  188681
  275093
  342707
  387537
  406973
  398891
  362636
  300641
  219549
  127110
   29796
  -66039
 -153067
 -222628
 -268091
 -286713
 -278155
 -243381
 -183843
 -103974
  -11789
   83702
  174768
  256007
  320531
  361436
  375269
  362464
  325007
  265319
  187165
   97819
    6476
  -77942
 -144778
 -189476
 -214065
 -214975
 -191153
 -146303
  -85627
  -12959
   67023
  146843
  219341
  277663
  317718
  338275
  338703
  317167
  273652
  212603
  140573
   62818
  -16322
  -90597
 -151838
 -195225
 -218818
 -221236
 -201307
 -159299
  -99677
  -29158
   46581
  123022
  194124
  253257
  294417
  314008
  311796
  289261
  247694
  189173
  117444
   39235
  -36892
 -104976
 -160664
 -200928
 -221986
 -220162
 -195842
 -152615
  -94930
  -26214
   49504
  125397
  194050
  250343
  291486
  314200
  315333
  295312
  257317
  205049
  141927
   71576
     -30
  -65059
 -117917
 -155008
 -174912
 -176042
 -156845
 -118302
  -64883
   -2382
   64723
  132689
  195687
  246848
  281504
  298036
  295915
  274742
  234694
  178590
  113423
   45370
  -21696
  -83653
 -135065
 -170010
 -185647
 -182027
 -160560
 -122105
  -68252
   -3561
   65507
  131616
  192181
  242745
  276727
  291918
  288861
  267363
  227814
  174000
  112068
   46272
  -18993
  -77376
 -122646
 -151340
 -161632
 -154183
 -130315
  -90896
  -38068
   23192
   86390
  145870
  197858
  240028
  268355
  278408
  268897
  242399
  201586
  148267
   85940
   20766
  -40735
  -94761
 -138363
 -167602
 -178475
 -170213
 -144942
 -105831
  -55337
    4019
   66726
  126013
  177003
  217320
  244150
  253754
  244664
  218409
  179070
  129636
   72612
   12215
  -44666
  -92115
 -127383
 -148955
 -154296
 -140927
 -109907
  -65198
  -11331
   48767
  111253
  169861
  218036
  252230
  271317
  273981
  259016
  226441
  179204
  123059
   62862
    2414
  -54654
 -103088
 -137083
 -154388
 -155363
 -140203
 -108646
  -63331
   -9227
   48692
  106686
  160969
  206370
  237754
  252467
  250990
  234063
  201778
  155461
   99653
   40791
  -17037
  -70750
 -115776
 -146527
 -159908
 -155969
 -136479
 -102360
  -54518
    2832
   63456
  121596
  173334
  216191
  245783
  258273
  253485
  233793
  200042
  153449
   98067
   40137
  -15793
  -66590
 -109177
 -139151
 -152444
 -148513
 -129207
  -96708
  -52527
     776
   57747
  112017
  159305
  197629
  223914
  234940
  228828
  207224
  173559
  129857
   78348
   22881
  -30601
  -76687
 -112804
 -137342
 -147968
 -142040
 -119315
  -82612
  -36483
   15852
   71867
  126802
  175081
  211757
  234501
  243486
  237681
  215996
  179563
  132805
   81093
   27841
  -23933
  -70325
 -106129
 -126964
 -132144
 -122983
 -100316
  -64298
  -17446
   35336
   88405
  137695
  181121
  215247
  235489
  239153
  227328
  202334
  165510
  118485
   64725
   10049
  -40134
  -82492
 -115393
 -136511
 -142433
 -132228
 -107540
  -71813
  -28723
   19715
   71230
  121297
  164237
  195586
  214509
  220974
  213376
  190888
  155674
  112594
   65665
   17566
  -29070
  -70333
 -100622
 -117097
 -120015
 -110136
  -87636
  -52758
   -8622
   39677
   87615
  132300
  170922
  199865
  215579
  216308
  203376
  178817
  143833
   99741
   50468
    1768
  -42546
  -80631
 -109615
 -125533
 -126186
 -112702
  -87096
  -50788
   -5181
   45693
   96338
  141457
  177964
  204725
  219311
  218836
  202968
  174557
  136978
   92035
   41878
   -8982
  -54353
  -90330
 -115325
 -128553
 -128217
 -112495
  -83102
  -44149
     881
   50350
  101425
  149464
  188714
  215950
  231072
  233080
  220821
  194012
  155347
  109773
   60431
    9829
  -38166
  -77813
 -105347
 -120177
 -122570
 -111831
  -87322
  -51455
   -8941
   35672
   80020
  121979
  156881
  180530
  191736
  191088
  178149
  152427
  115624
   72349
   27142
  -17170
  -58072
  -92556
 -116212
 -126605
 -123883
 -109492
  -84172
  -48128
   -4740
   40985
   85492
  126734
  161707
  186001
  197438
  196513
  184441
  160850
  126720
   86527
   45218
    5382
  -31469
  -62036
  -82202
  -90744
  -88158
  -75737
  -53924
  -22818
   14408
   53183
   89773
  122627
  150053
  169006
  176484
  171448
  156045
  132495
  101555
   64187
   24513
  -12394
  -44569
  -70642
  -88088
  -94208
  -88643
  -73648
  -51637
  -23228
   11323
   48659
   84391
  115526
  141358
  160554
  170179
  168350
  156574
  137181
  111057
   79033
   43256
    8380
  -21814
  -45744
  -62849
  -72628
  -72898
  -62032
  -41601
  -14916
   15637
   49196
   83849
  115781
  140782
  157053
  165114
  164459
  154185
  133700
  104717
   71266
   36269
    1464
  -31373
  -58931
  -77284
  -85156
  -83248
  -72900
  -54447
  -28171
    3713
   37227
   69107
   98555
  123893
  141429
  148539
  145741
  134908
  116504
   90980
   60405
   28767
    -860
  -27243
  -49004
  -63386
  -67755
  -62230
  -48398
  -27831
    -416
   32254
   66492
   98008
  124175
  144694
  157402
  159817
  151787
  136179
  114837
   88027
   56359
   22916
   -7409
  -32119
  -50586
  -62038
  -64406
  -56396
  -39875
  -17901
    7634
   36267
   65891
   93041
  114197
  128305
  135889
  135398
  125596
  107403
   83976
   57876
   30013
    1611
  -24142
  -43507
  -55300
  -59905
  -57197
  -46004
  -26613
   -1691
   25717
   54234
   83246
  109986
  130498
  142353
  145865
  141860
  130067
  110158
   83868
   54922
   25933
   -1976
  -27646
  -48139
  -59845
  -61816
  -54379
  -39421
  -18622
    7877
   37845
   67424
   93354
  114381
  129928
  137782
  135693
  124206
  105985
   82410
   53671
   21301
  -10392
  -37515
  -59246
  -75013
  -82896
  -80959
  -69447
  -50456
  -26052
    2936
   35736
   69028
   98754
  122167
  138699
  148030
  148553
  138849
  120016
   95479
   67431
   36890
    5010
  -25041
  -49114
  -64972
  -72580
  -72406
  -63631
  -45188
  -19339
   10177
   40944
   72308
  102093
  126390
  142259
  149368
  149254
  141491
  125607
  101799
   71931
   40054
    9291
  -18748
  -43616
  -63265
  -74257
  -75259
  -67229
  -52196
  -31429
   -5078
   25347
   56021
   83262
  105898
  123226
  132850
  133323
  125582
  111627
   91823
   66838
   38313
    9672
  -15325
  -35302
  -50195
  -58867
  -59234
  -50447
  -34056
  -12882
   11948
   40217
   69572
   96130
  116418
  129587
  136063
  134939
  124889
  106089
   81574
   54148
   24845
   -5248
  -33805
  -57040
  -72169
  -78812
  -78307
  -70554
  -54194
  -30994
   -4592
   22350
   49107
   74758
   95916
  109525
  115517
  115318
  108413
   93807
   72693
   48808
   24186
    -629
  -24325
  -44171
  -57219
  -62931
  -62398
  -55496
  -40910
  -19645
    5231
   30783
   55510
   79148
   99127
  112249
  117546
  116347
  109452
   96346
   76693
   52187
   26524
    2045
  -21121
  -42085
  -57661
  -65357
  -65852
  -60533
  -49235
  -31098
   -7987
   16607
   40081
   61975
   82111
   97985
  106714
  107585
  102245
   91093
   73550
   50290
   24504
    -409
  -23381
  -44014
  -60195
  -68940
  -69771
  -63870
  -51965
  -33512
   -9222
   17796
   44069
   67409
   88053
  104498
  114402
  115892
  109054
   96496
   79094
   56673
   30697
    4849
  -17775
  -36671
  -51693
  -61140
  -62727
  -56540
  -45062
  -29512
   -9279
   13797
   36400
   55771
   71568
   83864
   90806
   90524
   82741
   69533
   52669
   32067
    8501
  -14721
  -34009
  -48843
  -59662
  -65319
  -63737
  -55141
  -41563
  -24961
   -5367
   16808
   38713
   57478
   72400
   83980
   90904
   91270
   84649
   72941
   58422
   41183
   20798
    -938
  -20294
  -35559
  -46820
  -54129
  -55617
  -49620
  -37181
  -20838
   -2175
   19150
   41739
   62400
   78546
   90424
   97932
   99031
   92194
   78567
   60956
   40400
   16942
   -8370
  -31990
  -51170
  -65176
  -74232
  -77500
  -73175
  -61502
  -44389
  -24460
   -2564
   21862
   46273
   66881
   81765
   91499
   96047
   93990
   84410
   68604
   49666
   28967
    6562
  -16097
  -35955
  -50188
  -58592
  -62088
  -60062
  -50968
  -35162
  -15071
    6146
   27414
   48612
   67583
   81271
   87537
   87290
   81656
   70054
   51760
   28646
    4837
  -17856
  -38865
  -57575
  -71780
  -78553
  -78051
  -71953
  -60712
  -43640
  -22510
    -489
   20507
   40292
   57541
   69213
   73930
   73135
   67838
   57164
   40716
   20762
     903
  -17581
  -34874
  -49825
  -59310
  -61743
  -58454
  -50918
  -38799
  -21118
     297
   22142
   41780
   59158
   74142
   84219
   87381
   84100
   76482
   64539
   48057
   28415
    8784
   -8732
  -24268
  -37760
  -47198
  -50484
  -48068
  -41931
  -32180
  -18120
   -1577
   14925
   29655
   42999
   54488
   62158
   64537
   62145
   56432
   47044
   33366
   16969
     916
  -13754
  -27574
  -40425
  -49615
  -53202
  -52300
  -48008
  -39481
  -26162
  -10208
    5176
   20247
   35561
   49896
   61194
   66994
   67332
   63488
   56131
   44659
   29144
   11995
   -4311
  -19706
  -34217
  -45996
  -52433
  -53539
  -50882
  -45201
  -35527
  -21779
   -5661
   10239
   23308
   33681
   41743
   46562
   46594
   41069
   31740
   20689
    8155
   -5819
  -20649
  -33449
  -41414
  -44782
  -44533
  -41610
  -35062
  -23883
   -9397
    5918
   19901
   32730
   44580
   53852
   58020
   56608
   51925
   45067
   35390
   22396
    7723
   -5439
  -16620
  -26464
  -34501
  -38461
  -36988
  -31805
  -24930
  -16537
   -5196
    7897
   20035
   29969
   38727
   46440
   51081
   51021
   46865
   40346
   31496
   19630
    5202
   -9218
  -21293
  -30899
  -38981
  -45003
  -46686
  -43374
  -36560
  -27838
  -17585
   -4941
    9188
   21905
   31756
   39713
   45787
   47912
   45015
   38928
   31542
   22107
   10280
   -2522
  -13722
  -22653
  -30164
  -35844
  -37861
  -35391
  -29098
  -20691
  -10772
    1760
   15878
   28782
   38554
   45924
   51370
   53470
   50433
   42214
   31546
   19827
    6767
   -7595
  -21248
  -31672
  -38725
  -43391
  -45643
  -43275
  -36193
  -26555
  -16275
   -5484
    6547
   17867
   25980
   30782
   33560
   34036
   30712
   23523
   14729
    6191
   -2542
  -11702
  -19588
  -23851
  -25339
  -25465
  -23468
  -17734
   -9116
     120
    8195
   15990
   24038
   30827
   34527
   35135
   34551
   32712
   28228
   20822
   12313
    4522
   -2564
   -9878
  -17106
  -21992
  -23753
  -23972
  -23448
  -20960
  -15740
   -9206
   -3267
    2133
    8328
   14768
   19361
   21398
   22404
   22609
   20309
   15116
    9087
    3339
   -2956
  -10503
  -17912
  -22894
  -25625
  -27175
  -28014
  -26606
  -22306
  -16531
  -10645
   -4199
    3620
   11720
   17864
   21652
   24264
   25532
   23435
   17931
   11440
    5208
   -1694
   -9486
  -16405
  -20546
  -23023
  -24549
  -24319
  -20894
  -15428
   -9844
   -3958
    3439
   11269
   17185
   20062
   21424
   22066
   20761
   16155
    9037
    2040
   -4637
  -11821
  -19834
  -27066
  -31700
  -34151
  -35877
  -36819
  -35157
  -30263
  -23868
  -17515
  -10497
   -1850
    7184
   14439
   19788
   24766
   28715
   30160
   28525
   25530
   21650
   15514
    7068
   -1407
   -8460
  -15075
  -21558
  -25629
  -26542
  -25950
  -24141
  -19769
  -12869
   -5569
     964
    7766
   14863
   20094
   22367
   23042
   23196
   21807
   17546
   10291
    1901
   -6005
  -13888
  -22517
  -30705
  -36327
  -39404
  -41394
  -41842
  -38968
  -33093
  -26612
  -20157
  -12100
   -3525
    3523
    8813
   13489
   16661
   16776
   14733
   12004
    7410
    1053
   -5097
  -10221
  -15354
  -19849
  -21385
  -20608
  -18753
  -15386
   -9326
   -1213
    7275
   13892
   17889
   20471
   22032
   21516
   17542
    9861
     872
   -7669
  -16673
  -26503
  -35130
  -41174
  -45439
  -48300
  -48300
  -44051
  -36844
  -28269
  -18392
   -6335
    5773
   15471
   23259
   29925
   33606
   32545
   27530
   20930
   12680
    1837
  -10820
  -22588
  -31854
  -39110
  -45380
  -49429
  -49184
  -44346
  -36111
  -26047
  -13992
     399
   15362
   28109
   37922
   45470
   49770
   49189
   43531
   34733
   23714
    9837
   -6365
  -22126
  -35550
  -47155
  -57041
  -63041
  -64050
  -61644
  -56773
  -48473
  -36400
  -23142
  -10650
    1156
   12416
   21515
   26591
   27157
   24818
   20168
   12382
    1006
  -12064
  -24238
  -35030
  -44744
  -52865
  -57394
  -56961
  -52460
  -45445
  -36696
  -25146
  -10986
    3180
   15157
   25086
   33644
   39148
   39821
   35965
   29592
   21165
    9625
   -4220
  -17374
  -28189
  -37052
  -44320
  -48382
  -47792
  -43916
  -38627
  -31908
  -22634
  -12106
   -2259
    6314
   14648
   22037
   26446
   26707
   24278
   20413
   14359
    5269
   -6153
  -17142
  -26585
  -35059
  -43062
  -48857
  -50438
  -48810
  -45651
  -40776
  -32607
  -21863
  -10922
   -1377
    7291
   15341
   21319
   23294
   21147
   16912
   11512
    4157
   -5081
  -14360
  -21924
  -27978
  -33600
  -37667
  -37950
  -34750
  -29688
  -24606
  -19169
  -12341
   -5489
    -777
     926
    1004
    -284
   -3946
  -10609
  -18998
  -26516
  -32557
  -37812
  -43013
  -46763
  -47308
  -44990
  -41250
  -37052
  -31737
  -24588
  -16989
  -10921
   -6312
   -1808
    1714
    2376
    -154
   -4177
   -9079
  -15911
  -24292
  -31936
  -38061
  -43722
  -48706
  -50776
  -49175
  -45257
  -40274
  -33792
  -24684
  -13827
   -3281
    5523
   13156
   19867
   24331
   24711
   21031
   15343
    7789
   -2254
  -14830
  -27524
  -38159
  -46839
  -53740
  -57641
  -56845
  -51821
  -44858
  -36615
  -25927
  -13426
   -1894
    6828
   13432
   18460
   20344
   17524
   10836
    2632
   -6882
  -18699
  -31343
  -41991
  -49798
  -55605
  -59667
  -60045
  -56131
  -49197
  -40914
  -31604
  -20529
   -8927
     770
    7726
   13058
   16714
   17042
   12893
    5863
   -2044
  -11370
  -22551
  -34266
  -43765
  -50716
  -56178
  -59922
  -59714
  -55313
  -48704
  -41323
  -32627
  -22277
  -12421
   -4741
    1107
    5317
    6500
    4198
    -350
   -6192
  -14056
  -23652
  -32488
  -39574
  -45511
  -50004
  -51163
  -49749
  -47215
  -42458
  -34946
  -26466
  -18359
  -10158
   -1489
    6252
   11102
   12184
   10834
    8229
    3985
   -2824
  -12422
  -22468
  -31112
  -38757
  -46150
  -52595
  -55875
  -56296
  -55499
  -53189
  -47749
  -39765
  -31078
  -22607
  -13403
   -4113
    3163
    7511
    9924
    9860
    5799
   -1651
  -10100
  -19098
  -29182
  -40259
  -50375
  -57329
  -61076
  -62578
  -62648
  -60090
  -53801
  -44903
  -35408
  -27013
  -18732
   -9922
   -2214
    2403
    3760
    3582
    2016
   -2093
   -8640
  -16018
  -22550
  -28561
  -35066
  -40955
  -43838
  -44066
  -43268
  -41799
  -38380
  -33136
  -27960
  -23464
  -18327
  -12703
   -8556
   -6790
   -5988
   -5294
   -6171
   -9586
  -14355
  -19212
  -24497
  -30905
  -37838
  -43038
  -46002
  -48084
  -49417
  -48248
  -43867
  -37826
  -31858
  -25970
  -19098
  -12171
   -7207
   -4941
   -3803
   -3249
   -4465
   -8838
  -15278
  -21561
  -27508
  -34393
  -42295
  -49117
  -53374
  -55304
  -55741
  -54582
  -50267
  -43706
  -36608
  -29254
  -21235
  -12563
   -4730
     175
    2381
    3610
    3677
    1169
   -4200
  -10404
  -16186
  -22004
  -28791
  -35722
  -40624
  -43251
  -44810
  -46237
  -46046
  -43379
  -39344
  -35376
  -32096
  -28278
  -24053
  -21283
  -20910
  -21280
  -21203
  -22068
  -24681
  -27983
  -30480
  -32554
  -35418
  -39221
  -41873
  -42303
  -41950
  -41797
  -40646
  -37556
  -33435
  -29696
  -26532
  -22564
  -17888
  -14062
  -11743
   -9887
   -7900
   -7073
   -8411
  -11097
  -13442
  -15982
  -19841
  -24434
  -27887
  -30003
  -31860
  -33688
  -33768
  -31810
  -29662
  -28173
  -26086
  -22728
  -20136
  -19062
  -18158
  -16975
  -16867
  -19316
  -23721
  -27986
  -31895
  -36433
  -42131
  -47545
  -50863
  -52871
  -54924
  -56404
  -55452
  -52614
  -49544
  -46480
  -41978
  -35622
  -29293
  -24284
  -19459
  -14236
  -10147
   -7542
   -5680
   -3839
   -3441
   -5515
   -9105
  -12853
  -17074
  -22860
  -29545
  -34741
  -38575
  -42393
  -46136
  -47913
  -47340
  -45965
  -44917
  -43588
  -40744
  -37596
  -36072
  -35694
  -34547
  -32709
  -31666
  -31673
  -31045
  -29295
  -28094
  -28480
  -29041
  -28557
  -28338
  -29423
  -30953
  -31536
  -32025
  -33634
  -35607
  -36410
  -36385
  -36727
  -37855
  -38007
  -36582
  -34808
  -34049
  -33889
  -32422
  -30073
  -28759
  -28481
  -27540
  -25354
  -23937
  -24126
  -24702
  -24643
  -25522
  -28195
  -31037
  -32697
  -33959
  -35685
  -37055
  -36892
  -36188
  -36031
  -35879
  -34290
  -32064
  -30857
  -30771
  -30843
  -31340
  -33503
  -37550
  -41298
  -43885
  -46282
  -49640
  -52409
  -52643
  -51305
  -50158
  -49378
  -46996
  -42834
  -38427
  -34670
  -30436
  -25043
  -20136
  -16955
  -14741
  -12075
   -9868
   -9386
  -10559
  -11766
  -13201
  -16158
  -20391
  -23712
  -26118
  -29069
  -32427
  -34194
  -34420
  -34789
  -35809
  -35903
  -34618
  -33585
  -33713
  -33819
  -32985
  -32562
  -33329
  -33904
  -33513
  -33742
  -35172
  -35960
  -35350
  -34854
  -35081
  -35229
  -34642
  -34850
  -36086
  -36276
  -35265
  -35032
  -35983
  -36369
  -35530
  -34869
  -35761
  -37549
  -38458
  -38465
  -39125
  -40706
  -41546
  -40930
  -40149
  -40060
  -39253
  -36779
  -33987
  -32006
  -29996
  -26793
  -23716
  -22173
  -21383
  -20527
  -20972
  -23448
  -26507
  -29154
  -32285
  -36982
  -42189
  -46283
  -49588
  -52738
  -55192
  -55320
  -53432
  -50932
  -48250
  -44177
  -38458
  -32643
  -28496
  -26020
  -23672
  -21839
  -21979
  -24310
  -26569
  -28347
  -31341
  -36048
  -40948
  -44765
  -48316
  -52614
  -56477
  -57940
  -57835
  -57673
  -56797
  -53623
  -48828
  -44098
  -39578
  -33717
  -27142
  -21908
  -18546
  -15541
  -12389
  -10137
  -10062
  -11462
  -13121
  -16129
  -21533
  -27973
  -33423
  -38040
  -43008
  -48594
  -52696
  -54290
  -54685
  -55059
  -54578
  -51992
  -48666
  -46492
  -44945
  -42573
  -39297
  -36353
  -35146
  -34708
  -33712
  -33051
  -33608
  -34579
  -34541
  -34570
  -35960
  -37947
  -38847
  -39143
  -40198
  -41692
  -41587
  -40670
  -40722
  -41410
  -40947
  -39509
  -38681
  -38956
  -38448
  -36428
  -34313
  -33326
  -32783
  -31282
  -29396
  -28651
  -29376
  -30088
  -30304
  -31403
  -34427
  -38308
  -41168
  -43564
  -46742
  -50921
  -54474
  -56650
  -58726
  -61064
  -62005
  -60699
  -58284
  -56132
  -53925
  -50071
  -45255
  -41273
  -38638
  -35977
  -32769
  -30408
  -29880
  -29840
  -29205
  -29094
  -30486
  -32216
  -33117
  -34356
  -36697
  -38907
  -39760
  -40573
  -41573
  -41764
  -40325
  -38443
  -37562
  -36834
  -34795
  -32002
  -30204
  -29777
  -29405
  -28378
  -27812
  -29209
  -31902
  -34157
  -36297
  -39801
  -44924
  -49854
  -53105
  -55277
  -57808
  -60292
  -60692
  -59068
  -57034
  -54919
  -51372
  -46336
  -41581
  -38242
  -35567
  -32463
  -30157
  -30363
  -32570
  -34800
  -36970
  -40222
  -44485
  -47808
  -49271
  -49584
  -49605
  -48596
  -45134
  -40349
  -36046
  -32641
  -28848
  -25107
  -23272
  -23940
  -25504
  -27141
  -30096
  -35218
  -41388
  -46349
  -50469
  -54936
  -59167
  -61380
  -61543
  -60985
  -60058
  -57319
  -52447
  -47163
  -42832
  -38551
  -33882
  -30569
  -29849
  -30936
  -32244
  -34596
  -39153
  -45178
  -50556
  -54935
  -59507
  -64322
  -67284
  -67741
  -66517
  -64817
  -62125
  -57106
  -50282
  -43471
  -37210
  -30119
  -22781
  -17396
  -14524
  -12539
  -11523
  -13458
  -18764
  -25479
  -32804
  -41542
  -51438
  -60881
  -68354
  -74081
  -78706
  -80801
  -79027
  -74756
  -69478
  -62568
  -53103
  -42594
  -33326
  -25760
  -18915
  -13490
  -11323
  -12826
  -16285
  -21350
  -29133
  -39636
  -50243
  -59147
  -66466
  -73216
  -78254
  -79400
  -77513
  -74213
  -69556
  -62196
  -52812
  -43787
  -35874
  -28055
  -21219
  -17126
  -16565
  -18155
  -21453
  -27737
  -36186
  -44378
  -51924
  -59655
  -66533
  -70342
  -71118
  -70199
  -67708
  -62405
  -54538
  -46183
  -39076
  -32879
  -26192
  -20153
  -16925
  -16686
  -17967
  -20722
  -26388
  -35000
  -44585
  -53959
  -64064
  -75051
  -84536
  -90852
  -95003
  -97315
  -96216
  -91081
  -83638
  -74972
  -64300
  -51545
  -38735
  -28307
  -20503
  -14115
   -9698
   -9136
  -12522
  -18055
  -24843
  -33208
  -43719
  -54697
  -63906
  -71134
  -77294
  -81828
  -82706
  -80297
  -76529
  -71605
  -64154
  -54628
  -45217
  -37226
  -29899
  -22874
  -18005
  -16671
  -18046
  -20724
  -25440
  -33167
  -42813
  -51908
  -60140
  -67666
  -73911
  -77345
  -77206
  -74624
  -70927
  -65608
  -57801
  -48872
  -40692
  -33889
  -27917
  -23313
  -21843
  -23917
  -27777
  -31954
  -37133
  -44223
  -52496
  -59669
  -65419
  -70793
  -75236
  -76536
  -74497
  -70569
  -65564
  -58249
  -48000
  -37715
  -29134
  -21609
  -15286
  -12145
  -13188
  -17125
  -22751
  -30699
  -41371
  -53303
  -64682
  -75270
  -85279
  -93785
  -98441
  -98975
  -96973
  -93177
  -86259
  -76222
  -65281
  -55219
  -45456
  -35444
  -26966
  -21914
  -19918
  -19543
  -21120
  -26102
  -33801
  -42175
  -50754
  -60164
  -70276
  -78745
  -84536
  -88476
  -91095
  -91496
  -88395
  -82982
  -76604
  -68472
  -57883
  -46920
  -37616
  -29850
  -22580
  -17275
  -15679
  -17073
  -19796
  -24646
  -32242
  -41108
  -48953
  -55811
  -62730
  -68424
  -71161
  -71466
  -70764
  -68506
  -63511
  -56873
  -50732
  -45952
  -41487
  -37496
  -35607
  -35972
  -36955
  -38541
  -41989
  -47341
  -52618
  -56828
  -60601
  -64834
  -68619
  -69989
  -69348
  -68156
  -66477
  -62823
  -57322
  -51748
  -47322
  -43658
  -39865
  -37023
  -36566
  -38322
  -40563
  -43348
  -48126
  -54472
  -60035
  -64612
  -69220
  -73198
  -74572
  -73722
  -72171
  -69479
  -64199
  -56840
  -49502
  -42941
  -36388
  -30496
  -27211
  -27264
  -28925
  -31475
  -35643
  -42355
  -51591
  -61815
  -70857
  -78503
  -85539
  -91447
  -94214
  -93112
  -89270
  -84386
  -77760
  -68552
  -57867
  -47872
  -39426
  -31784
  -25839
  -23182
  -23967
  -26513
  -29989
  -35739
  -44258
  -53661
  -62156
  -69824
  -77360
  -83441
  -86028
  -85688
  -83569
  -79585
  -72446
  -62732
  -52703
  -43705
  -35331
  -26893
  -19783
  -16218
  -16556
  -18790
  -22791
  -30014
  -40624
  -52084
  -62472
  -71758
  -80686
  -88515
  -92800
  -93149
  -90960
  -87453
  -81709
  -72987
  -63036
  -53855
  -45432
  -36729
  -28473
  -23044
  -20963
  -20552
  -22005
  -26658
  -34531
  -43418
  -52096
  -61455
  -71106
  -78818
  -83134
  -84544
  -84447
  -82497
  -77230
  -69218
  -60542
  -52784
  -45154
  -37557
  -31649
  -29069
  -29592
  -32089
  -36531
  -43923
  -53507
  -62779
  -70997
  -79093
  -86983
  -92480
  -94604
  -94323
  -92506
  -87909
  -80161
  -71043
  -62038
  -52837
  -42967
  -34257
  -28701
  -26264
  -25386
  -26595
  -31286
  -39243
  -48038
  -56736
  -66369
  -76705
  -85644
  -91250
  -94165
  -95335
  -93974
  -88746
  -80568
  -71532
  -61666
  -49929
  -38430
  -29659
  -23656
  -19220
  -16670
  -17676
  -22734
  -30258
  -38373
  -47346
  -58108
  -69430
  -78715
  -85473
  -90699
  -94382
  -94418
  -90492
  -84220
  -77870
  -70714
  -61720
  -52480
  -45143
  -40051
  -36021
  -33535
  -34413
  -38428
  -43675
  -49718
  -57296
  -66072
  -73864
  -79508
  -83990
  -87630
  -88676
  -86322
  -82318
  -77951
  -72503
  -64928
  -56549
  -49615
  -43984
  -38838
  -34897
  -33708
  -35708
  -38984
  -42638
  -47380
  -53986
  -61111
  -66722
  -70937
  -74891
  -78785
  -80795
  -79818
  -76926
  -73331
  -68527
  -62350
  -55873
  -50424
  -47063
  -44550
  -42672
  -43257
  -46572
  -50993
  -55992
  -62595
  -70564
  -77504
  -82892
  -88096
  -92762
  -95070
  -94251
  -91836
  -88291
  -82446
  -74314
  -65690
  -58120
  -50989
  -43462
  -36897
  -33191
  -33022
  -34854
  -37656
  -41690
  -47869
  -55235
  -61454
  -66714
  -71991
  -77056
  -79998
  -80018
  -78190
  -76084
  -73012
  -67714
  -61507
  -56168
  -52301
  -48556
  -45127
  -44194
  -46002
  -48588
  -51461
  -55894
  -62395
  -69143
  -74445
  -78654
  -82859
  -86391
  -87083
  -85573
  -83409
  -80795
  -76159
  -69595
  -63202
  -58289
  -53952
  -48863
  -44368
  -42474
  -42852
  -44094
  -46548
  -51513
  -58578
  -65292
  -71138
  -77001
  -82723
  -86490
  -87366
  -87110
  -86643
  -84379
  -79521
  -73365
  -67468
  -61543
  -54908
  -48766
  -44973
  -43931
  -43938
  -44429
  -46678
  -51557
  -57407
  -62103
  -66240
  -70941
  -75360
  -77679
  -78232
  -78623
  -79220
  -78621
  -76362
  -73765
  -71938
  -69812
  -66704
  -64206
  -62892
  -61698
  -60075
  -59073
  -59649
  -60537
  -60038
  -58875
  -58518
  -59597
  -60454
  -60207
  -60304
  -62570
  -66020
  -68330
  -69449
  -70718
  -72800
  -74183
  -73850
  -72707
  -72058
  -71552
  -69285
  -65758
  -62442
  -59869
  -56721
  -53061
  -50499
  -50123
  -50890
  -51684
  -53592
  -57846
  -64063
  -69872
  -74392
  -78747
  -83460
  -86900
  -87580
  -86222
  -84256
  -81745
  -76770
  -69326
  -61635
  -55222
  -49488
  -43809
  -39815
  -39201
  -41614
  -45410
  -50617
  -58304
  -67745
  -76425
  -83400
  -89575
  -95421
  -99131
  -99328
  -97129
  -93634
  -87981
  -79064
  -68373
  -58177
  -49128
  -40356
  -32503
  -28193
  -28792
  -32507
  -38459
  -47432
  -59067
  -70976
  -81532
  -91140
  -99822
 -105767
 -107282
 -105413
 -101399
  -94638
  -84516
  -72473
  -60839
  -50417
  -40538
  -32030
  -27319
  -27614
  -30973
  -36320
  -44333
  -55364
  -67658
  -78905
  -89177
  -98993
 -106827
 -110582
 -110932
 -108728
 -103558
  -94396
  -82715
  -70957
  -59618
  -48055
  -37917
  -31804
  -29646
  -29861
  -32596
  -38803
  -48259
  -58778
  -69139
  -79795
  -90770
  -99883
 -105750
 -108704
 -108762
 -105191
  -97363
  -87170
  -76502
  -65169
  -52470
  -40780
  -32925
  -28600
  -26452
  -26893
  -31255
  -39630
  -49767
  -60372
  -71965
  -84383
  -95394
 -102969
 -106712
 -107725
 -106359
 -101097
  -92182
  -81835
  -71397
  -60325
  -49480
  -41291
  -36558
  -34377
  -34334
  -37674
  -45009
  -54639
  -64550
  -75041
  -86450
  -96854
 -103859
 -107280
 -108510
 -107346
 -102284
  -93756
  -83649
  -73333
  -62841
  -52840
  -44705
  -40101
  -38800
  -39224
  -41806
  -47752
  -56509
  -65680
  -74733
  -84329
  -93961
 -101053
 -104416
 -105839
 -106097
 -103754
  -97824
  -90030
  -82242
  -74658
  -66639
  -59103
  -54137
  -51888
  -50600
  -50223
  -52020
  -56830
  -63298
  -69403
  -75008
  -80811
  -86560
  -90367
  -91520
  -91352
  -90751
  -88628
  -83798
  -77624
  -72575
  -68745
  -64815
  -60520
  -57417
  -56952
  -58276
  -59552
  -61808
  -66440
  -72840
  -78720
  -83937
  -88999
  -93610
  -95892
  -96102
  -95477
  -93763
  -89579
  -83972
  -79185
  -75349
  -71289
  -66981
  -64165
  -63597
  -63930
  -64464
  -65979
  -69524
  -74274
  -78224
  -81014
  -83271
  -86036
  -87861
  -87699
  -86734
  -86327
  -85926
  -84473
  -82493
  -81446
  -81247
  -80175
  -78052
  -76651
  -76708
  -76521
  -75335
  -74676
  -75488
  -76334
  -75331
  -74044
  -73678
  -73163
  -71944
  -70891
  -71522
  -73627
  -75966
  -78354
  -81923
  -86797
  -90783
  -93065
  -94871
  -96748
  -97366
  -95630
  -92535
  -89635
  -86063
  -80018
  -73206
  -67536
  -63172
  -59223
  -56437
  -56258
  -58815
  -62486
  -66344
  -71777
  -79087
  -86181
  -91539
  -95590
  -99120
 -101710
 -101774
 -100052
  -97875
  -94613
  -88952
  -81687
  -74933
  -69599
  -64408
  -59249
  -55711
  -55651
  -58117
  -61374
  -65904
  -72763
  -81133
  -88579
  -94778
 -100572
 -105616
 -108060
 -107117
 -103559
  -98316
  -91498
  -82708
  -73154
  -65047
  -58665
  -53001
  -49236
  -49528
  -53567
  -59148
  -65296
  -73290
  -83084
  -92277
  -99903
 -106643
 -112395
 -115243
 -114445
 -111092
 -105683
  -97816
  -87305
  -76305
  -66543
  -57649
  -49641
  -44958
  -44796
  -47759
  -52418
  -59345
  -69271
  -81046
  -91953
 -101265
 -109659
 -117104
 -121973
 -122582
 -119413
 -114134
 -106667
  -96081
  -83897
  -72559
  -62780
  -53844
  -47274
  -44824
  -46495
  -50684
  -56939
  -66109
  -77601
  -88851
  -98904
 -108189
 -116270
 -121321
 -121952
 -118864
 -113729
 -106009
  -95007
  -82793
  -71771
  -61775
  -52699
  -46598
  -44621
  -46100
  -49540
  -55596
  -64936
  -76381
  -87419
  -97761
 -107798
 -116175
 -120717
 -120951
 -118241
 -113019
 -104167
  -92581
  -80532
  -69481
  -59175
  -50403
  -44550
  -43176
  -45547
  -49638
  -55996
  -65465
  -76509
  -86992
  -96675
 -105916
 -113640
 -117503
 -117032
 -114205
 -109668
 -102123
  -92258
  -82390
  -73327
  -64693
  -57045
  -51935
  -50658
  -52096
  -54862
  -59757
  -67858
  -77655
  -86919
  -95841
 -105056
 -112866
 -117060
 -117931
 -117170
 -114361
 -108343
  -99859
  -90820
  -82295
  -73788
  -66181
  -60789
  -58025
  -56767
  -56551
  -58936
  -64096
  -70177
  -75754
  -81486
  -88536
  -95720
 -100258
 -102386
 -103502
 -103849
 -101588
  -96446
  -90161
  -84080
  -77697
  -70571
  -64323
  -60599
  -58985
  -58360
  -59389
  -63352
  -69787
  -76477
  -83189
  -90757
  -98378
 -103488
 -105892
 -106848
 -107038
 -104974
 -100008
  -93891
  -88825
  -84733
  -79755
  -75077
  -72332
  -71043
  -69757
  -69034
  -70438
  -73431
  -76319
  -78873
  -81899
  -85147
  -87054
  -87635
  -88231
  -89114
  -88657
  -86453
  -84190
  -83293
  -82702
  -81185
  -79593
  -79497
  -80538
  -80929
  -80988
  -81958
  -84045
  -85630
  -85999
  -85610
  -85463
  -85153
  -83269
  -80760
  -79351
  -79171
  -78789
  -78213
  -79686
  -82795
  -85545
  -87777
  -90782
  -94542
  -97447
  -98533
  -99068
  -99715
  -99107
  -96090
  -91798
  -87199
  -82193
  -76029
  -70237
  -66269
  -63500
  -60889
  -59848
  -62144
  -66680
  -71574
  -77027
  -83796
  -91674
  -98420
 -103169
 -106665
 -109444
 -110231
 -107466
 -101559
  -94895
  -88154
  -80379
  -72275
  -65745
  -62056
  -60423
  -60421
  -62727
  -68105
  -75552
  -83030
  -90628
  -98972
 -107421
 -113896
 -117847
 -120070
 -120716
 -117785
 -110130
  -99978
  -88803
  -76178
  -62869
  -50853
  -42162
  -36998
  -34566
  -35108
  -39971
  -48808
  -59124
  -69899
  -82004
  -94688
 -105626
 -113398
 -118931
 -122405
 -121868
 -116155
 -107214
  -97126
  -85785
  -72426
  -59214
  -48273
  -40034
  -34079
  -31470
  -33392
  -39035
  -46617
  -56274
  -68956
  -83465
  -97068
 -109149
 -120228
 -129068
 -132764
 -131313
 -126699
 -119560
 -108790
  -94728
  -79671
  -65769
  -53974
  -43979
  -37308
  -35633
  -38349
  -43738
  -51838
  -62911
  -75856
  -88345
  -99289
 -108933
 -116697
 -120361
 -119374
 -114967
 -108668
 -100673
  -90349
  -79080
  -69660
  -63001
  -57543
  -53555
  -52720
  -55603
  -60640
  -66348
  -73512
  -82680
  -92038
  -99468
 -105292
 -109790
 -112085
 -110702
 -106315
 -100537
  -94068
  -86101
  -76788
  -68952
  -63589
  -60134
  -60603
  -65081
  -71002
  -77403
  -82037
  -83621
  -84583
  -85544
  -84746
  -82537
  -80138
  -79116
  -77659
  -74877
  -71958
  -70104
  -69299
  -68933
  -69884
  -72110
  -74193
  -74675
  -74531
  -75202
  -77391
  -79391
  -80040
  -80141
  -81122
  -82254
  -81470
  -79101
  -77346
  -76550
  -75387
  -74086
  -74250
  -76271
  -78774
  -81472
  -85115
  -89896
  -94068
  -96181
  -96514
  -96252
  -95801
  -93932
  -90090
  -85474
  -81798
  -78869
  -75407
  -71447
  -68394
  -67860
  -69237
  -70642
  -72616
  -76987
  -83047
  -88537
  -92907
  -97130
 -101174
 -103304
 -103007
 -101882
 -100367
  -96960
  -91253
  -84958
  -78655
  -71716
  -64776
  -59846
  -57218
  -55524
  -55495
  -58512
  -63578
  -68756
  -74698
  -81702
  -87710
  -91730
  -95098
  -97804
  -98237
  -96492
  -94015
  -90887
  -85657
  -79064
  -73419
  -68692
  -63657
  -59014
  -55947
  -56007
  -58921
  -62695
  -67084
  -72860
  -80091
  -87018
  -92606
  -97492
 -101993
 -104992
 -104849
 -102248
  -98553
  -93369
  -85803
  -76636
  -68349
  -62094
  -56837
  -52726
  -51777
  -56742
  -63965
  -69377
  -73134
  -76566
  -79290
  -81493
  -84821
  -88648
  -90832
  -90122
  -84844
  -76388
  -69117
  -67421
  -70032
  -76976
  -83808
  -88390
  -91037
  -92876
  -96462
 -100198
 -100967
  -99133
  -96938
  -93986
  -88608
  -81754
  -75605
  -70659
  -65672
  -60571
  -57143
  -55700
  -55262
  -55020
  -55507
  -58078
  -62817
  -68023
  -73328
  -79367
  -86107
  -91957
  -95246
  -96480
  -96863
  -96387
  -93236
  -87586
  -80670
  -74350
  -68669
  -61770
  -54465
  -48827
  -46155
  -45375
  -45858
  -48418
  -54466
  -63526
  -72992
  -82162
  -91690
 -101408
 -109118
 -113449
 -115343
 -115751
 -114304
 -109711
 -102432
  -94338
  -86445
  -78212
  -69736
  -62335
  -57798
  -56288
  -56075
  -57363
  -61074
  -67522
  -75609
  -82852
  -88593
  -93831
  -98756
 -101406
 -100712
  -97502
  -93284
  -88057
  -80127
  -70144
  -60255
  -52432
  -46392
  -41641
  -39558
  -41509
  -47646
  -55647
  -64840
  -76049
  -88776
 -100440
 -109466
 -116178
 -121082
 -123333
 -121348
 -115643
 -107679
  -97716
  -85367
  -71686
  -59422
  -50520
  -44425
  -40242
  -38977
  -42241
  -49975
  -60103
  -70817
  -82351
  -95116
 -107364
 -116530
 -122141
 -125053
 -125628
 -122452
 -114842
 -104413
  -93274
  -81948
  -69790
  -57777
  -47811
  -41332
  -37657
  -36863
  -40144
  -47853
  -58229
  -69308
  -81336
  -94691
 -107588
 -117758
 -125658
 -131803
 -135236
 -133952
 -128033
 -119331
 -108611
  -95042
  -79295
  -63744
  -50457
  -39843
  -31374
  -26100
  -25698
  -30142
  -37368
  -46472
  -57749
  -71183
  -85008
  -96840
 -106329
 -114694
 -122135
 -126197
 -125696
 -121371
 -114210
 -103776
  -89094
  -73966
  -61193
  -50919
  -42291
  -35873
  -33422
  -35717
  -40922
  -48806
  -60518
  -74352
  -86833
  -97659
 -108250
 -118884
 -127666
 -132058
 -131958
 -128708
 -123517
 -115578
 -104286
  -91391
  -78776
  -66878
  -55022
  -43965
  -36229
  -32913
  -32637
  -34699
  -40226
  -49932
  -62429
  -76099
  -90572
 -105759
 -120351
 -131559
 -138558
 -141788
 -141914
 -137817
 -128453
 -115101
  -99989
  -84011
  -66232
  -48218
  -32857
  -21718
  -14282
  -10577
  -12377
  -20317
  -32715
  -47391
  -64013
  -82220
  -99856
 -114195
 -125221
 -133196
 -136638
 -133784
 -125737
 -114367
  -99676
  -81382
  -61418
  -42465
  -26917
  -15147
   -7066
   -4699
   -9585
  -20303
  -34974
  -53511
  -75053
  -96715
 -116097
 -133359
 -147433
 -155898
 -158619
 -156680
 -149105
 -135006
 -116957
  -97425
  -76740
  -55344
  -35678
  -20519
  -10943
   -6795
   -7860
  -14773
  -27844
  -45485
  -64773
  -84201
 -103285
 -121347
 -135909
 -144743
 -147696
 -145416
 -138163
 -125484
 -108154
  -88565
  -68935
  -49536
  -31038
  -16854
   -8834
   -6135
   -7896
  -15137
  -28683
  -46506
  -65767
  -85816
 -106383
 -125731
 -140702
 -150087
 -154079
 -152844
 -145571
 -131944
 -113733
  -93863
  -73641
  -53287
  -35020
  -21167
  -13291
  -10326
  -12053
  -19756
  -33465
  -50755
  -69728
  -90035
 -110821
 -129459
 -142877
 -150083
 -152141
 -148490
 -137958
 -122052
 -103571
  -83988
  -63298
  -43508
  -27265
  -16083
   -9487
   -6903
   -9553
  -18200
  -31506
  -47127
  -64234
  -82997
 -102049
 -118045
 -129247
 -135591
 -138135
 -137132
 -131364
 -120490
 -105953
  -90621
  -76554
  -63089
  -50062
  -39035
  -32258
  -30108
  -31174
  -34901
  -42008
  -53065
  -66623
  -79752
  -91301
 -101718
 -110907
 -116784
 -118516
 -117453
 -114036
 -107419
  -98186
  -88030
  -78551
  -69408
  -59854
  -50779
  -43980
  -40877
  -40624
  -41624
  -44226
  -49496
  -56796
  -64128
  -72507
  -86954
 -106409
 -122102
 -130016
 -129729
 -123969
 -115784
 -104967
  -90796
  -75026
  -60247
  -48084
  -38465
  -31324
  -27497
  -28382
  -34088
  -42402
  -52120
  -63889
  -78138
  -92857
 -105767
 -116438
 -124890
 -130448
 -131871
 -129370
 -124235
 -116547
 -104844
  -89783
  -73769
  -58603
  -44106
  -29491
  -17737
  -11708
  -11619
  -15499
  -22908
  -34163
  -49212
  -65932
  -81859
  -96317
 -109582
 -121826
 -130576
 -134153
 -132612
 -127580
 -119709
 -107810
  -92662
  -77384
  -62772
  -46813
  -31002
  -19153
  -13416
  -14279
  -20355
  -30768
  -46135
  -65354
  -85416
 -105170
 -124141
 -140691
 -152020
 -156928
 -156256
 -150664
 -139316
 -122286
 -102043
  -81108
  -60034
  -39002
  -19946
   -5889
    2088
    5091
    2762
   -5920
  -20982
  -39940
  -60568
  -82146
 -103899
 -124035
 -139419
 -148298
 -151115
 -149233
 -141995
 -128562
 -110312
  -89994
  -69844
  -49709
  -30439
  -14614
   -4494
    -341
    -835
   -6245
  -17580
  -34883
  -55429
  -76633
  -97734
 -118146
 -136308
 -149220
 -155786
 -157063
 -153305
 -143542
 -127673
 -107737
  -86329
  -64750
  -43337
  -23725
   -8543
     181
    2888
      51
   -9224
  -24862
  -45034
  -66708
  -88501
 -109701
 -129152
 -143568
 -151029
 -152146
 -148038
 -138511
 -122170
 -100467
  -76882
  -53801
  -31733
  -11564
    3857
   12063
   13020
    8136
   -3125
  -20967
  -44202
  -69656
  -94618
 -118063
 -139258
 -156216
 -165951
 -167968
 -163246
 -153102
 -137437
 -115605
  -89859
  -63962
  -39771
  -17763
     606
   12555
   16196
   11783
    1062
  -15083
  -36447
  -61533
  -86690
 -109580
 -129913
 -146391
 -156569
 -159186
 -154999
 -145443
 -130421
 -109512
  -84841
  -60132
  -36799
  -14868
    3833
   16497
   21299
   19562
   11982
   -2979
  -25435
  -51650
  -77856
 -103252
 -127400
 -148530
 -163852
 -171453
 -171458
 -165129
 -153302
 -135629
 -112109
  -84937
  -57602
  -33020
  -11857
    5644
   17377
   21125
   15631
    2730
  -15359
  -37698
  -63899
  -92422
 -119358
 -141513
 -157935
 -168405
 -172728
 -169642
 -158390
 -140139
 -117212
  -92354
  -66382
  -39242
  -13863
    6554
   19507
   24803
   23591
   15524
     244
  -21780
  -47716
  -74460
 -100965
 -125992
 -147008
 -160740
 -165858
 -162929
 -153362
 -137052
 -113681
  -85242
  -55015
  -25928
    1007
   24400
   41740
