   36391
   35705
   35097
   34028
   32458
   30925
   28977
   26644
   24750
   23310
   22510
   22641
   22819
   22292
   21017
   18420
   13386
    5958
   -3572
  -14075
  -24453
  -34007
  -42112
  -48558
  -54362
  -58647
  -60245
  -58478
  -56008
  -51161
  -42441
  -33368
  -24537
  -15389
   -6542
    2656
   11417
   19047
   24624
   29273
   33966
   38503
   42780
   46319
   47822
   48681
   48871
   48714
   48677
   47636
   45454
   42926
   40263
   36907
   33317
   30147
   26746
   22938
   19336
   15781
   12201
    9070
    6281
    3844
    2162
     869
    -858
   -3501
   -6902
  -10803
  -14826
  -18432
  -21648
  -24101
  -25287
  -25595
  -25462
  -24869
  -24195
  -24131
  -24657
  -25535
  -26767
  -27770
  -27818
  -27061
  -25563
  -22734
  -18897
  -14769
  -10185
   -5132
      -5
    5117
   10433
   15662
   20460
   25112
   29440
   33016
   36015
   38749
   40926
   42296
   43130
   43010
   41458
   38944
   35893
   32625
   30041
   28842
   28900
   30000
   32274
   35243
   38185
   40981
   43702
   46080
   47927
   49652
   51142
   51932
   52208
   51948
   50799
   48812
   46315
   43213
   39519
   35679
   30445
   22472
   12209
     464
  -11861
  -22990
  -31677
  -38026
  -42278
  -44257
  -44624
  -43889
  -41853
  -38848
  -35241
  -31002
  -26113
  -21095
  -16297
  -11308
   -6485
   -2345
    1497
    5278
    8579
   11258
   13690
   15656
   17027
   18244
   19291
   19926
   20484
   20882
   20379
   18356
   14773
    9364
    2288
   -5215
  -12188
  -18222
  -22782
  -25460
  -26710
  -27022
  -26111
  -24157
  -21581
  -18222
  -14201
  -10065
   -6063
   -2328
     446
    1918
    2461
    2001
     447
   -1497
   -3550
   -5873
   -8066
   -9786
  -11294
  -12613
  -13355
  -13781
  -14136
  -13936
  -13273
  -12553
  -11463
   -9830
   -8068
   -6208
   -3926
   -1609
     436
    2499
    4258
    5245
    5956
    6765
    7702
    9361
   12320
   16248
   20887
   26351
   32083
   37592
   43062
   48209
   52598
   56518
   60076
   62850
   64804
   66217
   66759
   66285
   65255
   63496
   60743
   57520
   54046
   50038
   45898
   41539
   36148
   29486
   20852
    9199
   -5157
  -20863
  -36630
  -50819
  -62279
  -71086
  -77339
  -81111
  -83093
  -83578
  -82366
  -79736
  -75736
  -69988
  -62948
  -55142
  -46398
  -36939
  -27205
  -17018
   -6594
    3427
   12988
   22071
   30052
   36631
   41768
   45091
   46822
   47962
   48947
   49876
   51305
   53127
   54683
   55975
   56533
   55172
   51302
   44841
   35643
   24235
