   59376
   60840
   61821
   62268
   62134
   61451
   60312
   58753
   56755
   54296
   51478
   48395
   45016
   41327
   37359
   33246
   29081
   24832
   20496
   16155
   11911
    7718
    3561
    -475
   -4317
   -7996
  -11510
  -14759
  -17688
  -20301
  -22574
  -24566
  -26296
  -27677
  -28665
  -29268
  -29564
  -29592
  -29302
  -28649
  -27691
  -26511
  -25128
  -23540
  -21708
  -19677
  -17522
  -15281
  -12940
  -10447
   -7862
   -5256
   -2653
     -14
    2656
    5301
    7821
   10234
   12608
   14900
   17023
   18928
   20648
   22242
   23652
   24805
   25686
   26395
   26945
   27280
   27364
   27188
   26864
   26438
   25867
   25096
   24146
   23114
   22021
   20839
   19572
   18267
   16965
   15654
   14281
   12855
   11500
   10245
    9049
    7874
    6703
    5586
    4565
    3618
    2709
    1791
     916
     183
    -444
   -1056
   -1645
   -2125
   -2469
   -2739
   -3022
   -3284
   -3419
   -3425
   -3388
   -3357
   -3253
   -3018
   -2679
   -2289
   -1877
   -1398
    -821
    -185
     438
    1022
    1660
    2372
    3096
    3758
    4360
    4979
    5618
    6195
    6655
    7049
    7446
    7805
    8043
    8160
    8219
    8299
    8353
    8341
    8215
    8015
    7850
    7686
    7433
    7117
    6802
    6507
    6147
    5692
    5223
    4802
    4405
    4003
    3526
    3023
    2593
    2227
    1873
    1476
    1093
     825
     640
     452
     245
      90
       8
     -50
    -141
    -209
    -204
    -134
      -7
     105
     222
     421
     710
    1021
    1309
    1593
    1948
    2346
    2702
    3016
    3374
    3799
    4259
    4710
    5106
    5537
    6034
    6522
    6948
    7324
    7718
    8112
    8409
    8585
    8724
    8888
    9036
    9127
    9121
    9033
    8962
    8908
    8807
    8597
    8295
    8017
    7756
    7430
    6992
    6480
    6004
    5563
    5122
    4658
    4182
    3788
    3485
    3205
    2934
    2692
    2547
    2460
    2377
    2267
    2216
    2264
    2347
    2412
    2477
    2627
    2881
    3144
    3340
    3476
    3622
    3811
    3983
    4069
    4051
    4012
    3983
    3927
    3806
    3591
    3378
    3231
    3094
    2907
    2658
    2463
    2356
    2292
    2208
    2098
    2048
    2106
    2224
    2343
    2411
    2481
    2662
    2906
    3128
    3291
    3429
    3637
    3856
    4042
    4136
    4172
    4262
    4401
    4541
    4619
    4620
    4656
    4760
    4880
    4969
    4997
    5043
    5118
    5190
    5182
    5120
    5091
    5089
    5079
    5013
    4924
    4899
    4927
    4936
    4892
    4824
    4796
    4799
    4755
    4665
    4637
    4662
    4683
    4677
    4691
    4797
    5020
    5563
    6243
    6823
    7436
    8083
    8654
    9093
    9479
    9866
   10186
   10423
   10527
   10554
   10579
   10635
   10602
   10398
   10135
    9850
    9487
    8971
    8345
    7727
    7090
    6359
    5543
    4736
    3993
    3237
    2416
    1579
     825
     171
    -450
   -1095
   -1724
   -2253
   -2664
   -2975
   -3256
   -3536
   -3754
   -3837
   -3809
   -3736
   -3665
   -3559
   -3354
   -3059
   -2781
   -2523
   -2203
   -1784
   -1324
    -869
    -391
     179
     799
    1397
    2003
    2677
    3415
    4151
    4829
    5465
    6147
    6854
    7531
    8106
    8585
    9073
    9583
   10023
   10343
   10608
   10879
   11138
   11296
   11338
   11365
   11381
   11341
   11183
   10920
   10670
   10459
   10184
    9804
    9369
    8974
    8593
    8157
    7640
    7125
    6682
    6294
    5862
    5352
    4945
    4615
    4230
    3825
    3506
    3200
    2868
    2563
    2328
    2105
    1885
    1720
    1643
    1630
    1661
    1657
    1600
    1595
    1653
    1729
    1757
    1729
    1740
    1842
    1971
    2042
    2078
    2166
    2280
    2356
    2379
    2419
    2496
    2543
    2530
    2499
    2533
    2605
    2618
    2559
    2494
    2468
    2434
    2324
    2211
    2172
    2165
    2120
    2036
    1968
    1972
    1995
    1969
    1905
    1924
    2014
    2098
    2154
    2223
    2376
    2592
    2832
    3050
    3334
    3699
    4064
    4358
    4605
    4881
    5181
    5448
    5614
    5738
    5925
    6136
    6301
    6389
    6459
    6588
    6717
    6751
    6738
    6759
    6791
    6759
    6682
    6612
    6600
    6581
    6482
    6331
    6209
    6128
    5989
    5775
    5554
    5369
    5164
    4890
    4595
    4361
    4184
    3986
    3739
    3500
    3358
    3235
    3074
    2854
    2639
    2481
    2330
    2134
    1953
    1853
    1777
    1662
    1539
    1497
    1500
    1460
    1350
    1263
    1255
    1253
    1201
    1123
    1085
    1128
    1173
    1155
    1124
    1172
    1259
    1318
    1326
    1364
    1519
    1694
    1829
    1933
    2100
    2329
    2550
    2731
    2885
    3099
    3393
    3680
    3908
    4146
    4461
    4814
    5141
    5384
    5605
    5873
    6165
    6380
    6509
    6643
    6817
    6974
    7040
    7038
    7055
    7109
    7137
    7097
    6993
    6906
    6827
    6701
    6489
    6282
    6157
    6050
    5875
    5628
    5408
    5239
    5093
    4890
    4640
    4455
    4327
    4196
    4018
    3787
    3606
    3473
    3343
    3162
    2907
    2667
    2522
    2414
    2260
    2047
    1879
    1797
    1729
    1629
    1522
    1506
    1570
    1641
    1644
    1622
    1686
    1795
    1912
    1986
    2071
    2240
    2440
    2595
    2688
    2798
    2966
    3137
    3249
    3295
    3381
    3513
    3624
    3656
    3629
    3669
    3728
    3723
    3688
    3701
    3791
    3882
    3935
    4016
    4186
    4395
    4585
    4714
    4840
    5036
    5263
    5434
    5530
    5645
    5801
    5929
    5982
    5977
    6004
    6038
    6025
    5927
    5784
    5680
    5577
    5405
    5180
    4995
    4887
    4804
    4658
    4494
    4418
    4404
    4363
    4258
    4170
    4161
    4166
    4107
    4021
    4009
    4060
    4100
    4057
    3967
    3918
    3876
    3772
    3580
    3384
    3244
    3079
    2850
    2618
    2443
    2253
    1998
    1696
    1433
    1237
    1052
     817
     567
     365
     195
      26
    -182
    -379
    -498
    -582
    -684
    -803
    -836
    -786
    -749
    -728
    -642
    -476
    -318
    -165
      66
     406
     790
    1145
    1504
    1938
    2426
    2881
    3248
    3626
    4085
    4544
    4927
    5243
    5564
    5914
    6244
    6476
    6637
    6827
    7043
    7207
    7266
    7302
    7371
    7418
    7397
    7331
    7302
    7277
    7166
    6937
    6674
    6453
    6225
    5931
    5592
    5321
    5098
    4840
    4526
    4248
    4045
    3848
    3605
    3329
    3112
    2968
    2837
    2655
    2423
    2228
    2090
    1983
    1851
    1706
    1629
    1631
    1641
    1623
    1606
    1687
    1830
    1968
    2053
    2107
    2229
    2394
    2547
    2648
    2758
    2929
    3140
    3300
    3393
    3469
    3566
    3673
    3719
    3717
    3750
    3805
    3801
    3738
    3674
    3627
    3569
    3456
    3299
    3181
    3111
    3000
    2842
    2709
    2654
    2620
    2559
    2478
    2472
    2539
    2636
    2701
    2742
    2846
    2959
    3010
    3042
    3177
    3355
    3526
    3646
    3748
    3921
    4149
    4360
    4526
    4736
    5003
    5267
    5441
    5575
    5739
    5921
    6039
    6056
    6027
    6045
    6014
    5894
    5704
    5547
    5420
    5250
    5000
    4750
    4562
    4381
    4130
    3833
    3592
    3405
    3188
    2921
    2677
    2502
    2348
    2140
    1883
    1660
    1478
    1309
    1110
     895
     754
     673
     588
     454
     351
     345
     407
     531
     652
     777
     979
    1232
    1461
    1656
    1877
    2156
    2414
    2584
    2727
    2913
    3116
    3263
    3324
    3381
    3459
    3513
    3473
    3413
    3388
    3363
    3268
    3109
    2980
    2912
    2859
    2751
    2593
    2489
    2439
    2381
    2244
    2095
    2003
    1935
    1855
    1706
    1548
    1456
    1409
    1339
    1217
    1130
    1149
    1189
    1182
    1180
    1273
    1433
    1582
    1680
    1831
    2108
    2459
    2817
    3128
    3423
    3781
    4193
    4609
    4936
    5207
    5504
    5828
    6116
    6320
    6443
    6577
    6712
    6768
    6725
    6660
    6600
    6467
    6242
    6002
    5803
    5584
    5283
    4928
    4594
    4308
    4016
    3650
    3223
    2849
    2563
    2274
    1915
    1554
    1294
    1098
     883
     622
     381
     229
     103
     -40
    -207
    -300
    -324
    -352
    -427
    -514
    -520
    -454
    -362
    -332
    -297
    -199
     -73
       6
      33
     100
     221
     326
     362
     427
     578
     738
     849
     950
    1120
    1332
    1476
    1565
    1661
    1803
    1930
    1994
    2017
    2094
    2197
    2247
    2217
    2186
    2207
    2214
    2144
    2042
    1992
    2005
    2006
    1946
    1858
    1841
    1848
    1789
    1665
    1590
    1587
    1556
    1472
    1398
    1395
    1423
    1418
    1359
    1357
    1455
    1575
    1632
    1675
    1778
    1916
    2002
    2025
    2078
    2191
    2276
    2297
    2291
    2327
    2365
    2342
    2270
    2237
    2258
    2253
    2169
    2063
    2015
    1997
    1950
    1826
    1695
    1631
    1590
    1485
    1333
    1240
    1224
    1202
    1140
    1085
    1090
    1107
    1063
     995
     986
    1009
     983
     894
     841
     845
     865
     817
     736
     698
     710
     685
     603
     561
     609
     674
     685
     686
     758
     849
     885
     870
     879
     940
     982
     961
     941
     984
    1044
    1065
    1042
    1066
    1153
    1235
    1232
    1188
    1200
    1241
    1232
    1160
    1115
    1138
    1180
    1186
    1175
    1253
    1390
    1490
    1559
    1703
    1898
    2075
    2206
    2314
    2483
    2665
    2782
    2823
    2901
    3008
    3073
    3041
    2964
    2938
    2922
    2867
    2733
    2583
    2526
    2481
    2384
    2229
    2123
    2066
    1996
    1875
    1739
    1661
    1627
    1538
    1398
    1301
    1257
    1202
    1067
     925
     844
     805
     748
     628
     499
     432
     395
     307
     139
      -3
     -96
    -197
    -365
    -545
    -649
    -708
    -779
    -890
    -990
   -1011
   -1004
   -1042
   -1095
   -1075
   -1022
   -1009
   -1023
    -981
    -899
    -867
    -867
    -812
    -692
    -579
    -521
    -458
    -318
    -138
      -1
     113
     298
     548
     764
     918
    1069
    1303
    1583
    1811
    1966
    2159
    2387
    2582
    2711
    2834
    3022
    3208
    3335
    3437
    3598
    3806
    3990
    4098
    4209
    4364
    4495
    4542
    4562
    4627
    4679
    4643
    4539
    4472
    4439
    4368
    4226
    4084
    3975
    3855
    3651
    3434
    3286
    3145
    2932
    2618
    2328
    2071
    1762
    1403
    1070
     797
     502
     116
    -248
    -524
    -753
    -980
   -1234
   -1498
   -1722
   -1869
   -2022
   -2206
   -2354
   -2411
   -2452
   -2532
   -2596
   -2591
   -2551
   -2558
   -2597
   -2559
   -2457
   -2325
   -2230
   -2183
   -2120
   -1994
   -1844
   -1742
   -1709
   -1643
   -1495
   -1314
   -1171
   -1067
    -879
    -576
    -240
      69
     330
     641
    1041
    1468
    1858
    2176
    2513
    2883
    3219
    3456
    3638
    3855
    4101
    4303
    4406
    4478
    4598
    4705
    4711
    4665
    4635
    4613
    4531
    4346
    4146
    3990
    3808
    3572
    3314
    3100
    2927
    2732
    2473
    2225
    2044
    1869
    1625
    1342
    1107
     936
     791
     595
     371
     203
     110
       9
    -136
    -268
    -322
    -338
    -396
    -471
    -486
    -465
    -471
    -495
    -465
    -384
    -305
    -251
    -202
     -85
      60
     155
     201
     286
     414
     548
     644
     725
     876
    1061
    1200
    1285
    1396
    1562
    1712
    1785
    1800
    1856
    1957
    2022
    2030
    2040
    2117
    2180
    2165
    2110
    2120
    2158
    2151
    2076
    1986
    1940
    1856
    1697
    1505
    1363
    1243
    1054
     814
     645
     542
     441
     320
     251
     269
     322
     315
     304
     380
     494
     562
     565
     595
     684
     767
     795
     806
     890
    1018
    1090
    1128
    1173
    1282
    1394
    1440
    1432
    1482
    1575
    1601
    1553
    1555
    1599
    1611
    1556
    1480
    1470
    1501
    1471
    1415
    1411
    1447
    1424
    1370
    1360
    1377
    1368
    1296
    1220
    1197
    1196
    1134
    1009
     916
     856
     776
     630
     483
     383
     284
     128
     -54
    -182
    -273
    -419
    -613
    -751
    -828
    -927
   -1071
   -1157
   -1184
   -1213
   -1272
   -1303
   -1258
   -1195
   -1175
   -1129
    -999
    -826
    -699
    -621
    -478
    -278
     -81
      61
     170
     351
     567
     759
     867
     975
    1127
    1270
    1311
    1284
    1296
    1334
    1333
    1260
    1202
    1202
    1211
    1154
    1105
    1130
    1185
    1218
    1213
    1256
    1345
    1398
    1388
    1410
    1494
    1530
    1505
    1511
    1543
    1522
    1474
    1474
    1488
    1440
    1360
    1325
    1341
    1300
    1208
    1169
    1198
    1225
    1195
    1105
    1058
    1052
    1020
     936
     834
     794
     742
     598
     429
     314
     192
       2
    -214
    -376
    -538
    -744
    -948
   -1096
   -1231
   -1385
   -1509
   -1572
   -1654
   -1741
   -1765
   -1738
   -1734
   -1699
   -1565
   -1408
   -1269
   -1090
    -813
    -490
    -164
      93
     310
     567
     842
    1088
    1249
    1342
    1438
    1565
    1644
    1639
    1629
    1616
    1551
    1435
    1324
    1265
    1195
    1094
    1002
     999
     990
     922
     877
     900
     894
     821
     756
     759
     769
     719
     640
     609
     634
     632
     545
     432
     374
     384
     377
     346
     344
     415
     513
     588
     643
     746
     879
     977
    1033
    1119
    1233
    1301
    1309
    1346
    1423
    1445
    1393
    1355
    1317
    1204
    1025
     864
     743
     565
     332
      96
     -97
    -297
    -557
    -846
   -1072
   -1253
   -1428
   -1643
   -1844
   -1972
   -2074
   -2213
   -2356
   -2442
   -2457
   -2441
   -2452
   -2486
   -2431
   -2296
   -2179
   -2097
   -1976
   -1769
   -1551
   -1390
   -1225
    -979
    -703
    -464
    -246
      51
     410
     733
     992
    1269
    1583
    1871
    2074
    2241
    2438
    2604
    2684
    2753
    2892
    3036
    3121
    3129
    3150
    3207
    3263
    3243
    3187
    3180
    3201
    3162
    3023
    2881
    2775
    2638
    2438
    2202
    2011
    1831
    1592
    1294
     994
     747
     492
     152
    -226
    -544
    -810
   -1098
   -1413
   -1648
   -1798
   -1934
   -2081
   -2191
   -2196
   -2153
   -2128
   -2151
   -2170
   -2127
   -2082
   -2101
   -2182
   -2228
   -2232
   -2291
   -2427
   -2555
   -2617
   -2627
   -2642
   -2694
   -2722
   -2690
   -2618
   -2554
   -2526
   -2496
   -2390
   -2256
   -2170
   -2092
   -1949
   -1803
   -1702
   -1643
   -1545
   -1423
   -1364
   -1354
   -1303
   -1226
   -1219
   -1261
   -1269
   -1232
   -1218
   -1239
   -1245
   -1151
   -1007
    -881
    -787
    -645
    -451
    -247
     -90
      52
     245
     441
     590
     680
     788
     951
    1099
    1207
    1338
    1537
    1735
    1870
    1989
    2149
    2299
    2374
    2387
    2428
    2483
    2476
    2368
    2247
    2184
    2099
    1919
    1719
    1581
    1454
    1267
    1025
     807
     606
     387
     100
    -198
    -439
    -677
    -984
   -1338
   -1620
   -1855
   -2108
   -2404
   -2676
   -2877
   -3079
   -3320
   -3554
   -3693
   -3782
   -3898
   -4008
   -4020
   -3969
   -3923
   -3900
   -3822
   -3691
   -3572
   -3475
   -3333
   -3164
   -2999
   -2861
   -2675
   -2443
   -2242
   -2057
   -1805
   -1499
   -1199
    -900
    -543
    -205
      89
     409
     761
    1071
    1322
    1604
    1920
    2218
    2436
    2566
    2700
    2865
    3003
    3066
    3055
    3040
    3044
    2997
    2852
    2643
    2447
    2240
    1952
    1618
    1325
    1026
     676
     309
      -5
    -302
    -634
    -958
   -1222
   -1479
   -1788
   -2085
   -2294
   -2464
   -2659
   -2882
   -3037
   -3111
   -3141
   -3192
   -3287
   -3319
   -3271
   -3198
   -3160
   -3160
   -3108
   -2980
   -2842
   -2753
   -2665
   -2511
   -2304
   -2118
   -1964
   -1764
   -1513
   -1248
   -1026
    -807
    -501
    -186
      57
     257
     502
     742
     907
    1017
    1150
    1303
    1401
    1433
    1490
    1584
    1629
    1631
    1646
    1676
    1664
    1589
    1483
    1417
    1378
    1285
    1141
    1035
     981
     913
     780
     638
     546
     477
     340
     161
      45
     -20
    -118
    -275
    -440
    -543
    -626
    -770
    -970
   -1148
   -1279
   -1431
   -1639
   -1841
   -1976
   -2090
   -2259
   -2441
   -2542
   -2589
   -2635
   -2720
   -2766
   -2712
   -2626
   -2551
   -2494
   -2358
   -2135
   -1895
   -1698
   -1497
   -1231
    -919
    -645
    -435
    -206
      68
     315
     491
     628
     797
     965
    1055
    1044
    1037
    1050
    1013
     880
     759
     694
     621
     466
     249
      72
     -73
    -246
    -474
    -694
    -847
    -999
   -1211
   -1446
   -1600
   -1708
   -1826
   -1931
   -1984
   -1948
   -1914
   -1917
   -1910
   -1811
   -1671
   -1586
   -1488
   -1309
   -1085
    -893
    -718
    -455
    -161
     115
     345
     583
     848
    1064
    1231
    1423
    1639
    1812
    1890
    1914
    1958
    1987
    1948
    1801
    1616
    1452
    1238
     934
     574
     233
    -117
    -535
    -993
   -1392
   -1743
   -2104
   -2517
   -2865
   -3135
   -3385
   -3615
   -3765
   -3808
   -3833
   -3867
   -3845
   -3729
   -3580
   -3462
   -3337
   -3135
   -2903
   -2700
   -2511
   -2260
   -1984
   -1760
   -1612
   -1468
   -1280
   -1138
   -1085
   -1069
    -994
    -883
    -802
    -763
    -656
    -503
    -401
    -352
    -271
    -126
      -6
      55
     130
     251
     343
     376
     387
     443
     492
     478
     401
     358
     329
     266
     134
     -26
    -125
    -219
    -397
    -602
    -742
    -825
    -959
   -1136
   -1284
   -1376
   -1505
   -1693
   -1853
   -1929
   -1993
   -2100
   -2186
   -2186
   -2172
   -2202
   -2213
   -2132
   -2043
   -2011
   -2003
   -1952
   -1907
   -1921
   -1977
   -1973
   -1931
   -1931
   -1988
   -2031
   -2024
   -2013
   -2060
   -2138
   -2157
   -2151
   -2156
   -2190
   -2174
   -2092
   -2011
   -1959
   -1865
   -1668
   -1433
   -1230
   -1019
    -732
    -416
    -137
     126
     445
     777
    1040
    1292
    1600
    1906
    2135
    2284
    2443
    2616
    2697
    2694
    2687
    2677
    2599
    2449
    2297
    2165
    1971
    1711
    1495
    1319
    1075
     806
     556
     294
      -9
    -334
    -593
    -820
   -1089
   -1393
   -1649
   -1867
   -2110
   -2409
   -2709
   -2937
   -3136
   -3384
   -3660
   -3877
   -4031
   -4176
   -4359
   -4491
   -4538
   -4567
   -4608
   -4603
   -4486
   -4349
   -4248
   -4093
   -3848
   -3615
   -3412
   -3165
   -2858
   -2565
   -2336
   -2124
   -1862
   -1610
   -1400
   -1199
    -945
    -681
    -482
    -326
    -129
      98
     291
     407
     472
     580
     674
     698
     687
     721
     798
     803
     718
     646
     586
     469
     262
      24
    -179
    -426
    -739
   -1070
   -1340
   -1632
   -1977
   -2316
   -2562
   -2767
   -2995
   -3214
   -3343
   -3369
   -3357
   -3358
   -3315
   -3171
   -3009
   -2875
   -2693
   -2445
   -2159
   -1908
   -1691
   -1428
   -1138
    -881
    -691
    -507
    -284
    -111
     -45
     -26
      36
     132
     169
     131
      82
      64
      31
     -51
    -121
    -122
    -152
    -250
    -351
    -404
    -481
    -606
    -754
    -844
    -957
   -1143
   -1354
   -1495
   -1621
   -1799
   -2030
   -2193
   -2281
   -2368
   -2497
   -2590
   -2595
   -2576
   -2592
   -2626
   -2596
   -2513
   -2436
   -2406
   -2387
   -2309
   -2220
   -2171
   -2162
   -2141
   -2083
   -2084
   -2147
   -2177
   -2165
   -2174
   -2244
   -2318
   -2334
   -2321
   -2353
   -2411
   -2415
   -2380
   -2365
   -2366
   -2299
   -2168
   -2052
   -1972
   -1853
   -1659
   -1493
   -1369
   -1207
   -1031
    -899
    -774
    -610
    -417
    -268
    -169
     -77
      78
     231
     316
     356
     436
     554
     637
     639
     607
     630
     663
     608
     495
     396
     332
     245
      90
    -108
    -278
    -448
    -646
    -876
   -1054
   -1206
   -1401
   -1650
   -1862
   -2015
   -2175
   -2395
   -2630
   -2789
   -2918
   -3089
   -3257
   -3327
   -3318
   -3303
   -3313
   -3273
   -3150
   -3004
   -2890
   -2792
   -2634
   -2455
   -2316
   -2208
   -2059
   -1877
   -1734
   -1653
   -1575
   -1443
   -1302
   -1233
   -1200
   -1108
   -1005
    -960
    -947
    -903
    -816
    -786
    -803
    -795
    -753
    -750
    -818
    -892
    -914
    -961
   -1076
   -1218
   -1313
   -1381
   -1522
   -1690
   -1823
   -1930
   -2040
   -2204
   -2389
   -2520
   -2604
   -2720
   -2827
   -2851
   -2844
   -2860
   -2869
   -2808
   -2735
   -2697
   -2653
   -2563
   -2433
   -2330
   -2278
   -2223
   -2140
   -2089
   -2100
   -2091
   -2023
   -1975
   -1986
   -1981
   -1912
   -1832
   -1804
   -1774
   -1667
   -1524
   -1429
   -1348
   -1220
   -1058
    -940
    -898
    -814
    -667
    -520
    -435
    -365
    -238
    -118
     -69
     -70
     -23
      19
      -9
     -72
     -93
    -117
    -226
    -401
    -547
    -685
    -883
   -1098
   -1260
   -1421
   -1622
   -1819
   -1965
   -2081
   -2219
   -2381
   -2473
   -2513
   -2579
   -2690
   -2781
   -2783
   -2762
   -2783
   -2801
   -2763
   -2696
   -2678
   -2691
   -2667
   -2622
   -2636
   -2740
   -2823
   -2886
   -3008
   -3184
   -3302
   -3384
   -3512
   -3671
   -3779
   -3830
   -3862
   -3928
   -3997
   -3983
   -3924
   -3906
   -3881
   -3785
   -3628
   -3476
   -3378
   -3267
   -3073
   -2882
   -2733
   -2591
   -2397
   -2209
   -2110
   -2048
   -1923
   -1765
   -1652
   -1602
   -1509
   -1374
   -1251
   -1188
   -1127
   -1019
    -911
    -854
    -827
    -749
    -653
    -575
    -531
    -450
    -326
    -210
    -148
     -75
      38
     129
     160
     156
     175
     166
     104
     -23
    -117
    -158
    -212
    -341
    -501
    -614
    -737
    -928
   -1138
   -1287
   -1411
   -1562
   -1748
   -1858
   -1877
   -1918
   -2012
   -2070
   -2083
   -2155
   -2275
   -2391
   -2462
   -2561
   -2723
   -2869
   -2987
   -3118
   -3304
   -3513
   -3662
   -3796
   -3990
   -4205
   -4361
   -4479
   -4622
   -4793
   -4912
   -4950
   -4971
   -5029
   -5049
   -4977
   -4850
   -4725
   -4589
   -4381
   -4144
   -3957
   -3792
   -3577
   -3329
   -3117
   -2990
   -2875
   -2722
   -2598
   -2526
   -2449
   -2325
   -2212
   -2156
   -2079
   -1942
   -1807
   -1731
   -1643
   -1493
   -1350
   -1258
   -1147
    -955
    -752
    -595
    -423
    -184
      45
     209
     356
     556
     743
     856
     906
     983
    1035
     996
     909
     849
     801
     691
     521
     371
     245
      92
    -120
    -342
    -505
    -657
    -862
   -1102
   -1293
   -1442
   -1633
   -1884
   -2132
   -2320
   -2511
   -2763
   -3013
   -3218
   -3415
   -3653
   -3908
   -4108
   -4298
   -4524
   -4752
   -4899
   -5022
   -5148
   -5231
   -5219
   -5158
   -5097
   -5012
   -4849
   -4662
   -4503
   -4375
   -4196
   -3952
   -3713
   -3516
   -3367
   -3199
   -2999
   -2805
   -2653
   -2553
   -2421
   -2247
   -2099
   -2026
   -1957
   -1823
   -1676
   -1613
   -1584
   -1498
   -1415
   -1391
   -1398
   -1358
   -1283
   -1242
   -1280
   -1311
   -1296
   -1308
   -1394
   -1480
   -1514
   -1555
   -1644
   -1743
   -1788
   -1799
   -1836
   -1913
   -1971
   -1975
   -1970
   -2008
   -2066
   -2068
   -2041
   -2064
   -2123
   -2136
   -2091
   -2054
   -2081
   -2114
   -2075
   -2008
   -1995
   -2025
   -2037
   -2002
   -1977
   -2010
   -2041
   -2003
   -1935
   -1901
   -1878
   -1792
   -1688
   -1629
   -1604
   -1538
   -1460
   -1432
   -1442
   -1395
   -1290
   -1206
   -1207
   -1221
   -1183
   -1147
   -1167
   -1264
   -1361
   -1428
   -1529
   -1697
   -1900
   -2100
   -2315
   -2601
   -2918
   -3165
   -3394
   -3664
   -3970
   -4234
   -4449
   -4701
   -4963
   -5152
   -5279
   -5409
   -5554
   -5638
   -5621
   -5578
   -5555
   -5515
   -5388
   -5217
   -5067
   -4927
   -4722
   -4463
   -4232
   -4047
   -3804
   -3495
   -3217
   -2986
   -2739
   -2430
   -2127
   -1892
   -1643
   -1327
   -1042
    -836
    -669
    -463
    -241
     -93
      -2
     115
     261
     350
     367
     344
     359
     369
     296
     155
      53
     -28
    -177
    -437
    -710
    -940
   -1196
   -1508
   -1847
   -2140
   -2424
   -2754
   -3101
   -3370
   -3621
   -3896
   -4179
   -4386
   -4518
   -4679
   -4843
   -4939
   -4952
   -4972
   -5036
   -5051
   -4981
   -4887
   -4843
   -4775
   -4634
   -4486
   -4384
   -4285
   -4127
   -3927
   -3725
   -3558
   -3371
   -3108
   -2844
   -2629
   -2450
   -2246
   -2007
   -1773
   -1581
   -1411
   -1227
   -1056
    -943
    -903
    -842
    -780
    -800
    -868
    -898
    -937
   -1053
   -1231
   -1374
   -1522
   -1752
   -2009
   -2224
   -2414
   -2632
   -2877
   -3085
   -3236
   -3396
   -3596
   -3768
   -3856
   -3920
   -4010
   -4125
   -4188
   -4160
   -4105
   -4093
   -4034
   -3868
   -3664
   -3495
   -3357
   -3155
   -2897
   -2669
   -2498
   -2316
   -2078
   -1866
   -1717
   -1628
   -1512
   -1393
   -1346
   -1343
   -1309
   -1267
   -1278
   -1361
   -1432
   -1473
   -1528
   -1642
   -1766
   -1833
   -1902
   -2042
   -2216
   -2326
   -2399
   -2518
   -2689
   -2836
   -2893
   -2940
   -3035
   -3132
   -3171
   -3210
   -3299
   -3402
   -3443
   -3464
   -3516
   -3587
   -3608
   -3574
   -3588
   -3672
   -3734
   -3724
   -3716
   -3762
   -3791
   -3769
   -3734
   -3751
   -3802
   -3794
   -3737
   -3709
   -3733
   -3720
   -3603
   -3470
   -3400
   -3324
   -3177
   -3012
   -2903
   -2851
   -2781
   -2694
   -2635
   -2651
   -2644
   -2602
   -2608
   -2673
   -2705
   -2690
   -2687
   -2734
   -2734
   -2644
   -2533
   -2467
   -2430
   -2340
   -2204
   -2097
   -2086
   -2093
   -2044
   -1969
   -1949
   -1989
   -2036
   -2050
   -2077
   -2170
   -2272
   -2324
   -2345
   -2385
   -2447
   -2450
   -2420
   -2438
   -2508
   -2541
   -2545
   -2586
   -2678
   -2811
   -2890
   -2922
   -2986
   -3111
   -3218
   -3257
   -3277
   -3349
   -3429
   -3414
   -3339
   -3282
   -3254
   -3194
   -3085
   -3001
   -2981
   -2980
   -2944
   -2896
   -2917
   -2969
   -2968
   -2943
   -2968
   -3048
   -3105
   -3139
   -3188
   -3245
   -3273
   -3227
   -3163
   -3147
   -3128
   -3056
   -2957
   -2920
   -2959
   -2961
   -2945
   -2977
   -3050
   -3096
   -3098
   -3131
   -3211
   -3253
   -3219
   -3209
   -3238
   -3224
   -3131
   -3033
   -3000
   -2996
   -2930
   -2846
   -2828
   -2876
   -2904
   -2868
   -2842
   -2888
   -2927
   -2916
   -2911
   -2951
   -2984
   -2974
   -2972
   -3001
   -3031
   -3000
   -2972
   -2999
   -3021
   -2990
   -2977
   -3047
   -3134
   -3159
   -3174
   -3244
   -3356
   -3408
   -3422
   -3466
   -3553
   -3610
   -3627
   -3649
   -3682
   -3673
   -3605
   -3531
   -3502
   -3457
   -3351
   -3254
   -3237
   -3218
   -3125
   -3002
   -2922
   -2874
   -2776
   -2653
   -2553
   -2504
   -2440
   -2305
   -2145
   -2034
   -1953
   -1809
   -1636
   -1522
   -1449
   -1367
   -1304
   -1307
   -1383
   -1456
   -1506
   -1617
   -1811
   -2029
   -2203
   -2370
   -2582
   -2799
   -2962
   -3073
   -3250
   -3435
   -3546
   -3626
   -3751
   -3912
   -4059
   -4183
   -4321
   -4500
   -4670
   -4776
   -4866
   -5002
   -5142
   -5211
   -5248
   -5325
   -5428
   -5444
   -5389
   -5358
   -5366
   -5330
   -5231
   -5148
   -5126
   -5106
   -5040
   -4961
   -4938
   -4913
   -4816
   -4680
   -4555
   -4486
   -4389
   -4216
   -4021
   -3877
   -3742
   -3547
   -3317
   -3116
   -2958
   -2790
   -2560
   -2339
   -2225
   -2154
   -2045
   -1942
   -1879
   -1875
   -1872
   -1828
   -1827
   -1916
   -2043
   -2135
   -2230
   -2377
   -2549
   -2663
   -2777
   -2925
   -3087
   -3198
   -3319
   -3515
   -3748
   -3929
   -4061
   -4235
   -4439
   -4607
   -4720
   -4835
   -5006
   -5146
   -5204
   -5196
   -5185
   -5217
   -5197
   -5109
   -5033
   -5009
   -4995
   -4948
   -4904
   -4918
   -4951
   -4932
   -4875
   -4879
   -4915
   -4887
   -4798
   -4737
   -4725
   -4660
   -4492
   -4332
   -4204
   -4030
   -3800
   -3593
   -3459
   -3361
   -3253
   -3149
   -3127
   -3162
   -3172
   -3163
   -3212
   -3311
   -3383
   -3413
   -3459
   -3551
   -3609
   -3577
   -3523
   -3509
   -3511
   -3456
   -3395
   -3395
   -3413
   -3398
   -3337
   -3317
   -3337
   -3308
   -3226
   -3146
   -3137
   -3156
   -3144
   -3140
   -3193
   -3252
   -3238
   -3215
   -3247
   -3308
   -3316
   -3286
   -3279
   -3368
   -3466
   -3508
   -3541
   -3640
   -3750
   -3814
   -3873
   -3986
   -4110
   -4181
   -4200
   -4219
   -4240
   -4218
   -4137
   -4062
   -4051
   -4032
   -3951
   -3892
   -3898
   -3932
   -3906
   -3859
   -3865
   -3911
   -3910
   -3882
   -3898
   -3934
   -3930
   -3883
   -3855
   -3843
   -3789
   -3674
   -3586
   -3533
   -3447
   -3331
   -3287
   -3327
   -3345
   -3320
   -3319
   -3382
   -3479
   -3523
   -3548
   -3615
   -3728
   -3833
   -3900
   -3947
   -4040
   -4128
   -4162
   -4177
   -4234
   -4300
   -4329
   -4372
   -4486
   -4614
   -4691
   -4750
   -4861
   -4988
   -5048
   -5066
   -5108
   -5172
   -5186
   -5111
   -5012
   -4942
   -4828
   -4657
   -4492
   -4384
   -4249
   -4082
   -3953
   -3862
   -3768
   -3638
   -3527
   -3464
   -3416
   -3322
   -3236
   -3216
   -3176
   -3054
   -2883
   -2762
   -2682
   -2547
   -2398
   -2305
   -2263
   -2208
   -2151
   -2149
   -2223
   -2300
   -2343
   -2387
   -2477
   -2567
   -2622
   -2678
   -2786
   -2899
   -2954
   -2963
   -3020
   -3106
   -3138
   -3141
   -3191
   -3284
   -3350
   -3410
   -3513
   -3658
   -3776
   -3853
   -3943
   -4095
   -4233
   -4307
   -4395
   -4532
   -4654
   -4704
   -4739
   -4811
   -4887
   -4896
   -4877
   -4879
   -4906
   -4918
   -4922
   -4974
   -5043
   -5026
   -4969
   -4950
   -4964
   -4925
   -4799
   -4673
   -4611
   -4523
   -4329
   -4123
   -3967
   -3836
   -3646
   -3422
   -3223
   -3092
   -2955
   -2768
   -2590
   -2476
   -2369
   -2225
   -2107
   -2061
   -2049
   -2001
   -1958
   -1981
   -2039
   -2033
   -2009
   -2050
   -2133
   -2197
   -2218
   -2265
   -2410
   -2582
   -2718
   -2874
   -3086
   -3310
   -3478
   -3641
   -3847
   -4071
   -4231
   -4362
   -4504
   -4626
   -4689
   -4709
   -4757
   -4811
   -4788
   -4718
   -4668
   -4676
   -4672
   -4610
   -4545
   -4551
   -4569
   -4515
   -4433
   -4387
   -4376
   -4323
   -4222
   -4102
   -4014
   -3911
   -3740
   -3554
   -3432
   -3350
   -3233
   -3108
   -3070
   -3090
   -3069
   -3036
   -3071
   -3152
   -3218
   -3260
   -3334
   -3457
   -3550
   -3586
   -3625
   -3696
   -3725
   -3698
   -3676
   -3689
   -3683
   -3618
   -3576
   -3599
   -3641
   -3629
   -3606
   -3631
   -3695
   -3726
   -3724
   -3763
   -3860
   -3914
   -3892
   -3831
   -3817
   -3836
   -3815
   -3764
   -3753
   -3794
   -3831
   -3856
   -3922
   -4051
   -4174
   -4237
   -4301
   -4430
   -4587
   -4682
   -4748
   -4861
   -5004
   -5067
   -5017
   -4967
   -4908
   -4767
   -4553
   -4347
   -4190
   -4025
   -3802
   -3567
   -3378
   -3207
   -2967
   -2695
   -2488
   -2318
   -2108
   -1873
   -1723
   -1622
   -1464
   -1245
   -1054
    -931
    -827
    -661
    -527
    -451
    -396
    -321
    -282
    -302
    -322
    -300
    -316
    -437
    -601
    -740
    -905
   -1147
   -1423
   -1641
   -1841
   -2105
   -2404
   -2655
   -2853
   -3076
   -3353
   -3639
   -3888
   -4154
   -4486
   -4800
   -5068
   -5337
   -5617
   -5845
   -5978
   -6067
   -6156
   -6237
   -6229
   -6128
   -6015
   -5937
   -5837
   -5687
   -5530
   -5466
   -5443
   -5369
   -5267
   -5197
   -5161
   -5077
   -4956
   -4856
   -4794
   -4699
   -4566
   -4403
   -4244
   -4079
   -3852
   -3611
   -3428
   -3287
   -3087
   -2873
   -2740
   -2668
   -2604
   -2658
   -2788
   -2892
   -2956
   -2907
   -2756
   -2643
   -2535
   -2348
   -2144
   -1994
   -1915
   -1796
   -1627
   -1490
   -1411
   -1349
   -1293
   -1287
   -1305
   -1293
   -1218
   -1153
   -1143
   -1207
   -1239
   -1229
   -1238
   -1322
   -1413
   -1427
   -1417
   -1469
   -1575
   -1663
   -1759
   -1928
   -2155
   -2381
   -2619
   -2911
   -3250
   -3549
   -3810
   -4056
   -4325
   -4631
   -4881
   -5075
   -5271
   -5496
   -5704
   -5849
   -5959
   -6048
   -6171
   -6296
   -6333
   -6347
   -6423
   -6520
   -6554
   -6551
   -6589
   -6616
   -6574
   -6494
   -6428
   -6373
   -6262
   -6081
   -5905
   -5714
   -5440
   -5138
   -4876
   -4623
   -4311
   -4009
   -3748
   -3471
   -3145
   -2844
   -2571
   -2259
   -1900
   -1579
   -1304
   -1003
    -701
    -461
    -256
     -21
     184
     307
     404
     528
     653
     728
     694
     578
     487
     392
     221
     -16
    -230
    -431
    -692
   -1015
   -1346
   -1619
   -1901
   -2227
   -2537
   -2772
   -2981
   -3277
   -3586
   -3829
   -4046
   -4349
   -4805
   -5177
   -5359
   -5450
   -5504
   -5475
   -5450
   -5498
   -5543
   -5490
   -5331
   -4986
   -4571
   -4274
   -4207
   -4262
   -4440
   -4518
   -4486
   -4389
   -4320
   -4373
   -4449
   -4414
   -4347
   -4344
   -4344
   -4255
   -4116
   -4029
   -3965
   -3837
   -3663
   -3518
   -3394
   -3221
   -2983
   -2724
   -2525
   -2349
   -2140
   -1951
   -1798
   -1698
   -1581
   -1426
   -1283
   -1211
   -1174
   -1096
    -992
    -907
    -885
    -875
    -796
    -691
    -641
    -643
    -609
    -542
    -500
    -571
    -706
    -813
    -923
   -1105
   -1341
   -1560
   -1754
   -1966
   -2254
   -2591
   -2891
   -3185
   -3528
   -3917
   -4284
   -4608
   -4940
   -5323
   -5715
   -6037
   -6321
   -6601
   -6894
   -7169
   -7333
   -7426
   -7506
   -7577
   -7563
   -7444
   -7288
   -7135
   -6937
   -6606
   -6207
   -5807
   -5408
   -4981
   -4511
   -4054
   -3661
   -3316
   -2942
   -2573
   -2274
   -2049
   -1796
   -1522
   -1287
   -1120
    -981
    -816
    -670
    -581
    -530
    -449
    -365
    -366
    -476
    -606
    -702
    -810
   -1013
   -1285
   -1539
   -1772
   -2037
   -2380
   -2724
   -2998
   -3256
   -3576
   -3946
   -4269
   -4534
   -4791
   -5086
   -5386
   -5619
   -5793
   -5971
   -6161
   -6294
   -6380
   -6482
   -6593
   -6648
   -6651
   -6644
   -6656
   -6649
   -6593
   -6548
   -6529
   -6523
   -6448
   -6331
   -6226
   -6123
   -5934
   -5669
   -5398
   -5148
   -4886
   -4548
   -4176
   -3847
   -3535
   -3142
   -2696
   -2266
   -1886
   -1524
   -1116
    -711
    -411
    -217
     -23
     174
     322
     408
     523
     691
     757
     698
     595
     481
     338
     122
    -152
    -414
    -695
   -1063
   -1453
   -1770
   -2051
   -2413
   -2874
   -3361
   -3810
   -4217
   -4651
   -5132
   -5584
   -5968
   -6318
   -6682
   -7005
   -7221
   -7357
   -7484
   -7588
   -7577
   -7496
   -7392
   -7288
   -7158
   -6969
   -6766
   -6617
   -6485
   -6286
   -6054
   -5856
   -5697
   -5517
   -5281
   -5031
   -4819
   -4590
   -4266
   -3885
   -3542
   -3227
   -2867
   -2455
   -2077
   -1772
   -1462
   -1113
    -798
    -536
    -272
      39
     316
     527
     726
     956
    1161
    1304
    1431
    1599
    1770
    1873
    1890
    1912
    1948
    1901
    1733
    1533
    1336
    1075
     723
     378
      24
    -396
    -862
   -1309
   -1795
   -2353
   -2911
   -3408
   -3929
   -4483
   -4981
   -5405
   -5812
   -6257
   -6683
   -7047
   -7354
   -7635
   -7938
   -8178
   -8329
   -8395
   -8458
   -8512
   -8487
   -8377
   -8218
   -8028
   -7803
   -7491
   -7134
   -6786
   -6435
   -6011
   -5512
   -5067
   -4662
   -4224
   -3740
   -3284
   -2892
   -2504
   -2078
   -1673
   -1346
   -1069
    -772
    -486
    -247
     -74
      91
     279
     419
     477
     501
     529
     506
     389
     183
       7
    -171
    -429
    -759
   -1083
   -1402
   -1804
   -2283
   -2754
   -3116
   -3415
   -3763
   -4086
   -4328
   -4547
   -4795
   -5045
   -5233
   -5394
   -5568
   -5761
   -5881
   -5893
   -5872
   -5878
   -5859
   -5745
   -5583
   -5444
   -5299
   -5058
   -4749
   -4426
   -4152
   -3906
   -3623
   -3318
   -3014
   -2801
   -2663
   -2524
   -2350
   -2186
   -2083
   -2020
   -1919
   -1794
   -1696
   -1674
   -1678
   -1622
   -1528
   -1493
   -1494
   -1463
   -1415
   -1426
   -1489
   -1539
   -1606
   -1726
   -1919
   -2116
   -2265
   -2394
   -2562
   -2784
   -2973
   -3080
   -3145
   -3243
   -3319
   -3324
   -3384
   -3750
   -4258
   -4587
   -4676
   -4587
   -4476
   -4411
   -4341
   -4202
   -4051
   -3934
   -3857
   -3767
   -3625
   -3481
   -3399
   -3334
   -3208
   -3042
   -2910
   -2858
   -2810
   -2733
   -2668
   -2644
   -2655
   -2663
   -2711
   -2836
   -2972
   -3041
   -3049
   -3065
   -3108
   -3076
   -2937
   -2813
   -2789
   -2790
   -2736
   -2659
   -2585
   -2554
   -2485
   -2373
   -2226
   -2132
   -2145
   -2143
   -2102
   -2062
   -2095
   -2175
   -2214
   -2232
   -2318
   -2419
   -2371
   -2263
   -2209
   -2240
   -2338
   -2422
   -2503
   -2656
   -2854
   -3011
   -3205
   -3468
   -3759
   -3987
   -4167
   -4377
   -4613
   -4814
   -4964
   -5109
   -5283
   -5411
   -5433
   -5416
   -5420
   -5409
   -5315
   -5176
   -5054
   -4946
   -4807
   -4609
   -4408
   -4258
   -4125
   -3932
   -3691
   -3451
   -3266
   -3086
   -2860
   -2624
   -2439
   -2306
   -2132
   -1913
   -1720
   -1564
   -1421
   -1220
   -1016
    -873
    -822
    -758
    -656
    -583
    -593
    -661
    -706
    -756
    -877
   -1056
   -1212
   -1349
   -1515
   -1736
   -1963
   -2149
   -2309
   -2507
   -2764
   -2998
   -3196
   -3416
   -3690
   -3968
   -4164
   -4326
   -4522
   -4725
   -4865
   -4939
   -4992
   -5075
   -5139
   -5077
   -4934
   -4799
   -4689
   -4512
   -4278
   -4040
   -3852
   -3643
   -3368
   -3125
   -2939
   -2805
   -2628
   -2417
   -2233
   -2112
   -2006
   -1859
   -1697
   -1593
   -1541
   -1486
   -1365
   -1245
   -1205
   -1211
   -1168
   -1095
   -1079
   -1142
   -1245
   -1328
   -1411
   -1552
   -1716
   -1832
   -1918
   -2049
   -2209
   -2328
   -2406
   -2503
   -2660
   -2802
   -2864
   -2907
   -3005
   -3102
   -3111
   -3080
   -3096
   -3150
   -3122
   -3048
   -3064
   -3143
   -3190
   -3156
   -3136
   -3180
   -3263
   -3310
   -3316
   -3347
   -3413
   -3513
   -3585
   -3572
   -3512
   -3477
   -3499
   -3489
   -3429
   -3352
   -3315
   -3342
   -3369
   -3351
   -3316
   -3337
   -3401
   -3421
   -3382
   -3331
   -3320
   -3364
   -3416
   -3422
   -3408
   -3421
   -3504
   -3574
   -3560
   -3524
   -3492
   -3508
   -3518
   -3458
   -3379
   -3325
   -3310
   -3258
   -3156
   -3070
   -3034
   -2987
   -2849
   -2650
   -2445
   -2271
   -2063
   -1765
   -1426
   -1083
    -752
    -360
     111
     594
