 -121213
  -78559
  -36708
    4469
   45030
   84489
  121988
  157054
  189894
  220548
  248545
  273174
  294374
  312699
  328146
  340167
  348417
  353365
  355440
  354236
  349241
  340761
  329238
  314321
  295445
  272881
  247380
  219356
  188682
  155631
  121206
   85927
   49582
   12238
  -25300
  -62427
  -99268
 -136153
 -172752
 -208281
 -242480
 -275580
 -307910
 -339104
 -368278
 -395123
 -419872
 -442336
 -461727
 -477794
 -490961
 -501372
 -508501
 -511913
 -511960
 -509063
 -502975
 -493306
 -480384
 -464764
 -446191
 -424277
 -399942
 -374065
 -346388
 -316452
 -284524
 -251355
 -217206
 -181885
 -145697
 -109399
  -73732
  -38763
   -4279
   29521
   61944
   91757
  118008
  141266
  161869
  179662
  194917
  208089
  218955
  226998
  232234
  235203
  235994
  234120
  229297
  221997
  212729
  201191
  186944
  170280
  151924
  131985
  110101
   86407
   61717
   36400
   10103
  -17297
  -45175
  -72901
 -100655
 -128699
 -156529
 -183456
 -209545
 -235027
 -259377
 -281937
 -302906
 -322435
 -340024
 -355312
 -368701
 -380198
 -389254
 -395839
 -400325
 -402502
 -401946
 -398712
 -393040
 -385420
 -375908
 -364022
 -349651
 -333276
 -315429
 -295938
 -274557
 -251989
 -228968
 -205134
 -180235
 -155008
 -129792
 -104342
  -78948
  -54469
  -31076
   -8646
   12164
   31235
   49347
   66574
   82201
   96236
  109030
  120220
  129306
  136226
  140781
  143285
  144839
  145107
  143631
  139456
  132640
  124152
  113980
  101418
   86941
   71521
   54818
   36586
   17447
   -2548
  -23558
  -45055
  -66374
  -87417
 -108212
 -129018
 -149887
 -170168
 -189271
 -207290
 -224539
 -240770
 -255263
 -267985
 -279475
 -289639
 -297839
 -303923
 -308351
 -311253
 -312205
 -311078
 -308421
 -304457
 -298760
 -291147
 -282220
 -272318
 -261133
 -248722
 -235662
 -222105
 -207424
 -191083
 -173683
 -155349
 -135763
 -115280
  -94337
  -71872
  -48087
  -25460
   -3822
   19524
   41747
   61532
   80324
   97838
  114506
  130557
  144518
  156540
  166747
  176466
  185277
  191666
  196197
  199464
  201351
  201181
  198970
  195255
  189731
  181096
  168201
  150910
  129959
  105516
   77329
   46083
   13128
  -20721
  -55360
  -90761
 -126394
 -161376
 -195250
 -228164
 -259640
 -288743
 -315158
 -339260
 -361172
 -380613
 -397706
 -412875
 -426068
 -436944
 -445562
 -452266
 -456721
 -458436
 -457717
 -454800
 -449284
 -440757
 -429718
 -416644
 -401161
 -383036
 -362882
 -341105
 -317444
 -291810
 -264759
 -236820
 -207909
 -177899
 -147346
 -116939
  -86683
  -56269
  -26079
    3096
   30957
   57796
   83466
  107265
  129049
  149157
  167369
  183067
  196217
  207354
  216249
  222396
  225889
  227095
  225741
  221448
  214539
  205617
  194490
  180728
  164614
  146899
  127626
  106735
   84462
   61252
   37362
   12662
  -12760
  -38319
  -63791
  -89486
 -115623
 -141671
 -166982
 -191464
 -215172
 -237717
 -258807
 -278488
 -296338
 -311897
 -325271
 -336413
 -344909
 -350956
 -355687
 -359532
 -362682
 -364710
 -365530
 -364956
 -362383
 -357720
 -351417
 -343425
 -333331
 -321446
 -308132
 -293146
 -276367
 -258352
 -239488
 -219591
 -198578
 -177051
 -155495
 -133481
 -110585
  -87247
  -64183
  -41802
  -20047
     632
   20002
   38459
   56011
   72013
   86262
   99162
  110739
  120418
  127857
  133345
  137217
  139338
  139231
  136796
  132615
  127037
  119749
  110544
   99885
   88234
   75240
   60670
   45048
   28892
   11879
   -6039
  -24432
  -43032
  -62161
  -81695
 -101093
 -120335
 -139584
 -158462
 -176479
 -193844
 -210772
 -226922
 -241695
 -255095
 -267458
 -278867
 -288770
 -296741
 -302972
 -307910
 -311482
 -313095
 -312698
 -310907
 -307820
 -302932
 -296253
 -288366
 -279312
 -268582
 -256303
 -243122
 -229031
 -213658
 -197385
 -180739
 -163568
 -145623
 -127429
 -109333
  -91099
  -72649
  -54567
  -37051
  -19773
   -2812
   13283
   28255
   42431
   55862
   67936
   78379
   87583
   95692
  101967
  106281
  109577
  112066
  112464
  110706
  107809
  104680
  102430
  100745
   97930
   89619
   74498
   55599
   35650
   15129
   -5309
  -25421
  -44788
  -63341
  -81896
 -100517
 -118790
 -136855
 -154840
 -172279
 -188572
 -203852
 -218396
 -231900
 -244227
 -255592
 -265770
 -274316
 -281322
 -287090
 -291269
 -293396
 -293888
 -293119
 -290709
 -286264
 -280143
 -272907
 -264499
 -254515
 -243214
 -231167
 -218298
 -204208
 -189249
 -173995
 -158369
 -141914
 -125003
 -108245
  -91531
  -74592
  -57867
  -41752
  -26004
  -10521
    4137
   18043
   31711
   44736
   56494
   66826
   75939
   83379
   89064
   93502
   96700
   98167
   97885
   96334
   93512
   88897
   82599
   75195
   66751
   56921
   45525
   33036
   20010
    6441
   -7964
  -23096
  -38369
  -53627
  -69271
  -85278
 -101021
 -116324
 -131569
 -146761
 -161288
 -174957
 -188079
 -200525
 -211743
 -221794
 -231035
 -239235
 -245934
 -251398
 -255933
 -259195
 -260725
 -260875
 -259929
 -257554
 -253554
 -248366
 -242183
 -234599
 -225613
 -215819
 -205431
 -194046
 -181591
 -168642
 -155569
 -142104
 -128038
 -113856
 -100023
  -86291
  -72419
  -58814
  -45931
  -33646
  -21596
  -10114
     332
    9904
   18944
   27112
   33963
   39740
   44782
   48759
   51251
   52498
   52974
   52393
   50351
   47043
   43000
   38011
   31820
   24756
   17188
    8873
    -465
  -10481
  -20748
  -31449
  -42912
  -54867
  -66725
  -78562
  -90752
 -103032
 -114806
 -126140
 -137427
 -148454
 -158638
 -168120
 -177249
 -185778
 -193170
 -199644
 -205456
 -210238
 -213676
 -216199
 -218071
 -218883
 -218337
 -216886
 -214764
 -211510
 -207030
 -201830
 -195961
 -189037
 -181077
 -172584
 -163697
 -154035
 -143646
 -133087
 -122447
 -111335
  -99967
  -88839
  -77823
  -66673
  -55848
  -45634
  -35703
  -26065
  -17222
   -9139
   -1487
    5359
   11109
   16036
   20402
   23785
   25935
   27222
   27865
   27472
   25840
   23354
   20348
   16454
   11425
    5726
    -291
   -6931
  -14451
  -22467
  -30557
  -39052
  -48176
  -57541
  -66819
  -76366
  -86346
  -96293
 -105852
 -115379
 -125007
 -134266
 -142863
 -151194
 -159348
 -166818
 -173498
 -179775
 -185663
 -190647
 -194566
 -197826
 -200435
 -201870
 -202160
 -201771
 -200696
 -198512
 -195411
 -191853
 -187644
 -182370
 -176297
 -169882
 -162991
 -155207
 -146749
 -138178
 -129463
 -120177
 -110588
 -101197
  -91922
  -82361
  -72801
  -63733
  -55033
  -46291
  -37842
  -30154
  -23020
  -16152
   -9950
   -4724
    -127
    4074
    7388
    9640
   11261
   12399
   12611
   11726
   10238
    8319
    5469
    1564
   -2946
   -7816
  -13425
  -20019
  -27034
  -34128
  -41721
  -49877
  -58123
  -66393
  -75081
  -84038
  -92696
 -101146
 -109730
 -118143
 -126021
 -133725
 -141307
 -148203
 -154440
 -160285
 -165541
 -169916
 -173710
 -176950
 -179235
 -180773
 -181858
 -182185
 -181651
 -180624
 -179060
 -176579
 -173371
 -169679
 -165239
 -160078
 -154793
 -149226
 -143049
 -136636
 -130367
 -123966
 -117082
 -110093
 -103345
  -96598
  -89585
  -82603
  -76084
  -69820
  -63397
  -57077
  -51308
  -46061
  -40828
  -35709
  -31267
  -27575
  -24196
  -21102
  -18803
  -17257
  -15995
  -15149
  -15114
  -15744
  -16663
  -18145
  -20510
  -23452
  -26515
  -30042
  -34398
  -39241
  -44190
  -49515
  -55276
  -60998
  -66879
  -73123
  -79528
  -85772
  -91826
  -98085
 -104404
 -110254
 -116143
 -125170
 -134984
 -142238
 -147675
 -152145
 -156437
 -160257
 -163254
 -166196
 -168795
 -170557
 -170751
 -167307
 -160482
 -148372
 -131320
 -112068
  -95019
  -84503
  -78451
  -74511
  -72087
  -70638
  -69415
  -68335
  -67757
  -67546
  -67159
  -66594
  -66331
  -66367
  -66190
  -65732
  -65552
  -65778
  -65994
  -66277
  -67059
  -68221
  -69336
  -70695
  -72522
  -74414
  -76179
  -78239
  -80736
  -83265
  -85619
  -88264
  -91278
  -94141
  -96800
  -99605
 -102726
 -105735
 -108219
 -110446
 -112827
 -115202
 -117158
 -118845
 -120563
 -122063
 -122981
 -123658
 -124290
 -124597
 -124488
 -124366
 -124176
 -123585
 -122833
 -122170
 -121278
 -119937
 -118519
 -117026
 -115002
 -112453
 -109865
 -107310
 -104368
 -101017
  -97579
  -94437
  -91454
  -88204
  -84858
  -81888
  -79318
  -76735
  -74160
  -71994
  -70340
  -68788
  -67247
  -66134
  -65355
  -64492
  -63779
  -63564
  -63556
  -63484
  -63838
  -64701
  -65620
  -66561
  -67840
  -69385
  -70808
  -72219
  -74023
  -76028
  -77830
  -79688
  -81934
  -84307
  -86364
  -88226
  -90316
  -92728
  -95040
  -96946
  -98726
 -100704
 -102583
 -103977
 -105088
 -106294
 -107434
 -108064
 -108470
 -109156
 -110021
 -110582
 -110909
 -111449
 -112133
 -112455
 -112510
 -112746
 -113011
 -112873
 -112469
 -112219
 -112007
 -111411
 -110572
 -109836
 -109234
 -108317
 -107466
 -106914
 -105852
 -104776
 -103966
 -103274
 -102421
 -101020
  -99263
  -97586
  -96222
  -94716
  -92759
  -90720
  -89058
  -87810
  -86501
  -84406
  -82256
  -80702
  -79593
  -78462
  -77637
  -76966
  -76066
  -74701
  -73904
  -73436
  -72284
  -71040
  -70294
  -69960
  -69511
  -68950
  -68744
  -68953
  -69160
  -69318
  -69885
  -70896
  -71978
  -73152
  -74792
  -77147
  -79818
  -82339
  -85008
  -88086
  -91294
  -94251
  -97217
 -100518
 -103883
 -106814
 -109519
 -112349
 -115001
 -117034
 -118830
 -120627
 -122137
 -123056
 -123728
 -124454
 -124941
 -124866
 -124557
 -124246
 -123622
 -122533
 -121449
 -120462
 -119213
 -117591
 -116067
 -114801
 -113285
 -111322
 -109344
 -107560
 -105598
 -103166
 -100652
  -98481
  -96388
  -94076
  -91790
  -89925
  -88283
  -86433
  -84606
  -83172
  -82002
  -80701
  -79532
  -78762
  -78059
  -77206
  -76598
  -76436
  -76391
  -76242
  -76342
  -76801
  -77170
  -77304
  -77653
  -78269
  -78708
  -78946
  -79403
  -80174
  -80849
  -81265
  -81832
  -82754
  -83647
  -84355
  -85314
  -86581
  -87652
  -88475
  -89605
  -91087
  -92407
  -93535
  -94968
  -96700
  -98262
  -99718
 -101539
 -103538
 -105226
 -106698
 -108393
 -110280
 -111826
 -112911
 -113815
 -114912
 -115989
 -116526
 -116556
 -116563
 -116793
 -116813
 -116349
 -115655
 -114813
 -113758
 -112447
 -111009
 -109704
 -108588
 -107006
 -104707
 -102379
 -100388
  -98402
  -96219
  -94197
  -92736
  -91433
  -89745
  -88015
  -86559
  -85116
  -83455
  -82046
  -81124
  -80295
  -79367
  -78688
  -78516
  -78569
  -78546
  -78722
  -79409
  -80347
  -81135
  -81938
  -83173
  -84733
  -86123
  -87317
  -88817
  -90679
  -92370
  -93726
  -95235
  -97051
  -98717
 -100045
 -101482
 -103224
 -104821
 -105919
 -107036
 -108335
 -109240
 -109684
 -110338
 -111716
 -113474
 -115091
 -116993
 -118809
 -119773
 -119959
 -119866
 -119552
 -118484
 -116661
 -114927
 -113349
 -111479
 -109281
 -107193
 -105091
 -102599
  -99963
  -97590
  -95298
  -92693
  -90094
  -87864
  -85728
  -83363
  -81121
  -79266
  -77440
  -75389
  -73482
  -72005
  -70618
  -69022
  -67626
  -66739
  -66038
  -65261
  -64859
  -65014
  -65345
  -65680
  -66414
  -67631
  -68896
  -70100
  -71693
  -73641
  -75469
  -77260
  -79467
  -81957
  -84301
  -86617
  -89290
  -92106
  -94605
  -97030
  -99794
 -102643
 -105141
 -107470
 -109973
 -112533
 -114705
 -116602
 -118625
 -120655
 -122211
 -123458
 -124777
 -125996
 -126703
 -127051
 -127408
 -127581
 -127204
 -126594
 -126001
 -125126
 -123641
 -121965
 -120232
 -118096
 -115526
 -113027
 -110704
 -108140
 -105312
 -102650
 -100190
  -97572
  -94714
  -92044
  -89542
  -86758
  -83867
  -81350
  -79139
  -76768
  -74461
  -72652
  -71146
  -69600
  -68243
  -67377
  -66795
  -66127
  -65600
  -65512
  -65572
  -65400
  -65359
  -65771
  -66332
  -66717
  -67231
  -68096
  -68997
  -69719
  -70636
  -71921
  -73173
  -74340
  -75797
  -77522
  -79076
  -80521
  -82278
  -84272
  -86072
  -87883
  -90097
  -92445
  -94494
  -96497
  -98791
 -101103
 -103033
 -104790
 -106588
 -108203
 -109264
 -110114
 -111115
 -111874
 -112068
 -112118
 -112415
 -112679
 -112462
 -112088
 -111895
 -111573
 -110773
 -109899
 -109390
 -108894
 -108074
 -107277
 -106769
 -106173
 -105233
 -104433
 -103952
 -103416
 -102666
 -102061
 -101653
 -101069
 -100321
  -99845
  -99596
  -99137
  -98393
  -97716
  -97314
  -96843
  -95958
  -94913
  -94146
  -93563
  -92681
  -91533
  -90553
  -89737
  -88637
  -87216
  -86097
  -85452
  -84860
  -84240
  -83947
  -83921
  -83463
  -82604
  -82196
  -81708
  -80584
  -79475
  -78957
  -79456
  -80443
  -80329
  -79415
  -77530
  -73611
  -68750
  -65112
  -62224
  -59883
  -57240
  -53434
  -47423
  -40634
  -33404
  -25163
  -15573
   -3989
    8405
   20823
   32580
   43604
   54344
   64099
   71739
   77307
   81382
   83894
   84697
   84188
   82589
   79460
   74423
   67757
   60096
   51323
   41162
   29839
   17798
    4930
   -9035
  -23861
  -39049
  -54741
  -71076
  -87652
 -104077
 -121125
 -139151
 -155882
 -170891
 -185198
 -198956
 -211715
 -223068
 -233526
 -243338
 -252156
 -259664
 -266106
 -271675
 -276039
 -278852
 -280416
 -280858
 -279853
 -277199
 -273275
 -268332
 -262010
 -254190
 -245308
 -235522
 -224538
 -213039
 -202854
 -192968
 -181353
 -168034
 -153533
 -138275
 -122536
 -106105
  -89140
  -72012
  -54587
  -36928
  -19570
   -2964
   12963
   28082
   41903
   53324
   62754
   71852
   80014
   86070
   90127
   92886
   94346
   94772
   94974
   93445
   89792
   84562
   78367
   71077
   62437
   52717
   42376
   31234
   19048
    6068
   -7267
  -21097
  -35751
  -50944
  -66215
  -81540
  -96941
 -111985
 -126486
 -140833
 -154925
 -168188
 -180491
 -192229
 -203234
 -212932
 -221174
 -228370
 -234559
 -239293
 -242596
 -244911
 -246180
 -245935
 -244245
 -241512
 -237684
 -232385
 -225738
 -218248
 -210116
 -201050
 -191100
 -180616
 -169627
 -157794
 -145330
 -132756
 -120181
 -107253
  -94026
  -80969
  -68303
  -55703
  -43224
  -31386
  -20254
   -9497
     798
   10146
   18457
   26108
   33141
   39059
   43593
   47122
   49788
   51182
   51219
   50284
   48526
   45580
   41357
   36325
   30650
   24071
   16508
    8288
    -324
   -9737
  -20019
  -30626
  -41354
  -52684
  -64640
  -76543
  -88097
  -99611
 -111223
 -122483
 -133127
 -143470
 -153580
 -163023
 -171597
 -179611
 -187099
 -193611
 -198871
 -203310
 -207235
 -210164
 -211798
 -212516
 -212406
 -211022
 -208334
 -204953
 -201073
 -196140
 -190039
 -183463
 -176722
 -169154
 -160569
 -151611
 -142482
 -132939
 -122950
 -112923
 -103031
  -92795
  -82235
  -71917
  -61987
  -52128
  -42407
  -33363
  -25062
  -17088
   -9478
   -2650
    3318
    8812
   13707
   17507
   20184
   22145
   23243
   23037
   21683
   19660
   16770
   12711
    7712
    2187
   -4022
  -11186
  -19014
  -27086
  -35620
  -44861
  -54479
  -63978
  -73609
  -83669
  -93818
 -103665
 -113401
 -123243
 -132870
 -141904
 -150641
 -159147
 -166908
 -173721
 -179892
 -185375
 -189752
 -193088
 -195790
 -197766
 -198587
 -198445
 -197698
 -196211
 -193569
 -190010
 -185988
 -181369
 -175789
 -169489
 -162954
 -155934
 -148116
 -139787
 -131383
 -122901
 -113905
 -104567
  -95402
  -86346
  -76988
  -67662
  -59190
  -51405
  -43582
  -35842
  -28692
  -22101
  -15728
   -9878
   -4900
    -558
    3395
    6610
    8822
   10303
   11321
   11472
   10630
    9204
    7361
    4771
    1287
   -2730
   -7002
  -11895
  -17543
  -23553
  -29699
  -36319
  -43665
  -51274
  -58742
  -66382
  -74334
  -82251
  -90029
  -97963
 -105944
 -113483
 -120794
 -128148
 -135227
 -141733
 -148040
 -154329
 -160139
 -165132
 -169633
 -173829
 -177395
 -179978
 -181861
 -183278
 -183918
 -183478
 -182173
 -180350
 -177905
 -174380
 -170043
 -165298
 -160098
 -154084
 -147549
 -140912
 -134041
 -126546
 -118691
 -110902
 -103029
  -94756
  -86502
  -78676
  -71034
  -63285
  -55763
  -48929
  -42612
  -36431
  -30714
  -25758
  -21353
  -17335
  -14024
  -11659
   -9934
   -8628
   -8125
   -8527
   -9413
  -10657
  -12643
  -15394
  -18461
  -21815
  -25866
  -30598
  -35549
  -40568
  -46077
  -51994
  -57765
  -63409
  -69323
  -75388
  -81188
  -86808
  -92586
  -98372
 -103730
 -108843
 -114027
 -119015
 -123398
 -127513
 -131584
 -135316
 -138429
 -141265
 -144021
 -146257
 -147780
 -148982
 -149923
 -150229
 -149876
 -149306
 -148498
 -146954
 -144710
 -142310
 -139824
 -136825
 -133368
 -129700
 -125704
 -121192
 -116600
 -112107
 -107412
 -102299
  -97107
  -91994
  -86625
  -80992
  -75647
  -70746
  -65921
  -61114
  -56741
  -52936
  -49320
  -45889
  -43031
  -40714
  -38510
  -36617
  -35383
  -34687
  -34184
  -34073
  -34714
  -35864
  -37075
  -38673
  -40903
  -43456
  -46206
  -49542
  -53395
  -57372
  -61655
  -66488
  -71053
  -74899
  -78633
  -82479
  -85039
  -85146
  -83181
  -78586
  -71515
  -65458
  -65342
  -70421
  -76361
  -81525
  -85623
  -87891
  -87480
  -86643
  -88015
  -90960
  -94098
  -99395
 -106607
 -113001
 -118073
 -122251
 -126023
 -129488
 -132346
 -134552
 -136185
 -137172
 -137394
 -137442
 -138210
 -139349
 -139542
 -138983
 -137965
 -136219
 -133625
 -130636
 -127441
 -123922
 -120401
 -117116
 -113756
 -110021
 -106338
 -103077
  -99916
  -96496
  -92591
  -87993
  -84036
  -80214
  -76165
  -72253
  -68389
  -64930
  -62979
  -62474
  -62913
  -63595
  -64486
  -65344
  -65557
  -65379
  -65317
  -65325
  -65051
  -64865
  -65000
  -65185
  -65270
  -65687
  -66476
  -66996
  -67337
  -68513
  -70396
  -72065
  -73610
  -75374
  -77299
  -79189
  -81421
  -83847
  -86152
  -88252
  -90457
  -92844
  -95045
  -96995
  -99138
 -101437
 -103399
 -104994
 -106638
 -107679
 -105593
 -100832
  -96391
  -94336
  -93174
  -92618
  -92316
  -92387
  -92644
  -93165
  -95329
  -98543
 -101470
 -106022
 -109090
 -108279
 -103144
  -95418
  -89040
  -84333
  -79324
  -75098
  -71016
  -65854
  -60742
  -56483
  -53693
  -53777
  -57721
  -62207
  -65360
  -67079
  -68071
  -70199
  -73323
  -76208
  -78740
  -81066
  -82675
  -83839
  -85525
  -87708
  -89591
  -91131
  -92857
  -94675
  -96267
  -97565
  -98823
 -100175
 -101480
 -102966
 -106036
 -113128
 -123598
 -133045
 -140957
 -147748
 -151772
 -151895
 -150084
 -148509
 -148802
 -150168
 -150675
 -149576
 -147252
 -144319
 -140863
 -136545
 -131532
 -126413
 -121267
 -115709
 -109980
 -103813
  -95774
  -85062
  -72634
  -60606
  -46987
  -33775
  -24093
  -15442
   -6238
    2634
    9965
   15003
   17728
   19315
   20326
   20437
   19223
   14801
    3556
  -14575
  -34835
  -54279
  -71639
  -86118
  -96413
 -104344
 -111829
 -119381
 -126319
 -132217
 -137854
 -143647
 -149076
 -154528
 -160550
 -165990
 -169865
 -172481
 -174244
 -175085
 -175096
 -174862
 -173833
 -171052
 -166529
 -161043
 -155286
 -149146
 -142920
 -137408
 -132706
 -128692
 -125460
 -122404
 -118332
 -112980
 -106778
  -99824
  -92309
  -84686
  -77418
  -70440
  -63400
  -56501
  -50154
  -44297
  -38598
  -33325
  -28860
  -24987
  -21344
  -18207
  -15914
  -14297
  -12934
  -12062
  -12005
  -12536
  -13198
  -14180
  -15878
  -18099
  -20461
  -23318
  -27000
  -31268
  -35709
  -40639
  -46269
  -52240
  -58266
  -64652
  -71496
  -78407
  -85199
  -92227
  -99427
 -106375
 -113192
 -120151
 -127057
 -133473
 -139551
 -145487
 -150944
 -155527
 -159506
 -163161
 -166147
 -168144
 -169434
 -170188
 -170175
 -169298
 -167951
 -166168
 -163567
 -160165
 -156427
 -152394
 -147658
 -142193
 -136386
 -130544
 -124408
 -117774
 -111087
 -104751
  -98470
  -91639
  -84867
  -78496
  -72124
  -65779
  -59927
  -54566
  -49253
  -44145
  -39742
  -35969
  -32482
  -29492
  -27260
  -25549
  -24119
  -23323
  -23309
  -23670
  -24302
  -25547
  -27441
  -29644
  -32161
  -34905
  -37915
  -41110
  -44299
  -47823
  -51844
  -55981
  -59943
  -64022
  -68522
  -73174
  -77643
  -82148
  -87029
  -92087
  -96883
 -101554
 -106374
 -111129
 -115461
 -119555
 -123586
 -127296
 -130489
 -133534
 -136576
 -139185
 -141181
 -142928
 -144415
 -145179
 -145124
 -144631
 -143862
 -142416
 -140296
 -138002
 -135467
 -132367
 -128879
 -125427
 -121921
 -117999
 -113852
 -109914
 -106042
 -101795
  -97395
  -93337
  -89527
  -85517
  -81358
  -77426
  -73909
  -70439
  -66809
  -63354
  -60343
  -57479
  -54413
  -51594
  -49290
  -47107
  -44867
  -43009
  -41718
  -40576
  -39541
  -39039
  -39136
  -39522
  -40010
  -40851
  -42272
  -43979
  -46191
  -49109
  -52480
  -55962
  -59652
  -63600
  -67498
  -71285
  -75414
  -79928
  -84372
  -88655
  -93328
  -98265
 -102571
 -106428
 -110291
 -114323
 -118192
 -121476
 -124439
 -127315
 -129800
 -131554
 -132844
 -134046
 -134915
 -135113
 -134847
 -134335
 -133332
 -131559
 -129327
 -127039
 -124475
 -121427
 -118162
 -114946
 -111439
 -107384
 -103303
  -99427
  -95402
  -91065
  -86849
  -83028
  -79240
  -75315
  -71702
  -68570
  -65468
  -62297
  -59411
  -57044
  -54843
  -52663
  -50932
  -49782
  -48889
  -48148
  -47934
  -48190
  -48314
  -48235
  -48301
  -48644
  -48985
  -49510
  -50527
  -51766
  -53006
  -54636
  -56804
  -59142
  -61596
  -64563
  -67825
  -70985
  -74343
  -78308
  -82560
  -86503
  -90284
  -94345
  -98443
 -102049
 -105511
 -109132
 -112653
 -115755
 -118786
 -121760
 -124168
 -126148
 -128162
 -130066
 -131488
 -132507
 -133386
 -133864
 -133644
 -133060
 -132400
 -131364
 -129705
 -127802
 -125892
 -123698
 -120897
 -117714
 -114556
 -111293
 -107502
 -103434
  -99550
  -95514
  -91037
  -86386
  -81966
  -77729
  -73296
  -68898
  -64945
  -61412
  -57924
  -54629
  -51953
  -49759
  -47543
  -45516
  -44095
  -43103
  -42202
  -41618
  -41679
  -42247
  -42887
  -43847
  -45765
  -48364
  -50789
  -53211
  -55690
  -58313
  -60841
  -62912
  -64812
  -66790
  -69075
  -71327
  -73153
  -75021
  -77455
  -80501
  -83675
  -86589
  -89369
  -92404
  -95887
  -99432
 -102767
 -106426
 -110950
 -115569
 -119042
 -121393
 -123399
 -125238
 -126689
 -127837
 -129137
 -130489
 -131130
 -131254
 -131418
 -131368
 -130313
 -128432
 -126487
 -124331
 -121576
 -118507
 -115382
 -111974
 -108244
 -104472
 -100652
  -96401
  -91879
  -87631
  -83697
  -79630
  -75352
  -71106
  -67354
  -64188
  -61123
  -57985
  -54986
  -52517
  -50706
  -49194
  -47705
  -46548
  -46036
  -45947
  -45790
  -45729
  -46236
  -47146
  -48049
  -49127
  -50795
  -52896
  -54928
  -57005
  -59501
  -62312
  -65051
  -67981
  -71435
  -75054
  -78466
  -82030
  -85968
  -89941
  -93585
  -97141
 -100961
 -104886
 -108437
 -111514
 -114261
 -117005
 -119729
 -122004
 -123701
 -125158
 -126616
 -127687
 -128118
 -128156
 -128137
 -127897
 -127067
 -125932
 -124815
 -123493
 -121693
 -119811
 -118033
 -116007
 -113605
 -111230
 -108931
 -106256
 -103235
 -100353
  -97485
  -94231
  -90775
  -87577
  -84563
  -81229
  -77341
  -73239
  -69633
  -66401
  -63077
  -59914
  -57375
  -55187
  -52843
  -50583
  -48892
  -47831
  -46944
  -46179
  -45931
  -46212
  -46791
  -47507
  -48586
  -50121
  -51702
  -53290
  -55250
  -57600
  -59698
  -61560
  -63964
  -66967
  -70045
  -73004
  -76228
  -79709
  -82984
  -85990
  -89070
  -92258
  -95160
  -97666
 -100112
 -102748
 -105279
 -107328
 -109022
 -110727
 -112475
 -113872
 -114835
 -115627
 -116538
 -117340
 -117569
 -117358
 -117182
 -116980
 -116283
 -115142
 -114009
 -113120
 -112103
 -110649
 -109048
 -107272
 -104647
 -101302
  -98032
  -95001
  -91897
  -88865
  -86466
  -84980
  -83827
  -82143
  -80540
  -79044
  -77047
  -74981
  -73228
  -71489
  -69300
  -67125
  -65567
  -64470
  -63452
  -62600
  -62190
  -61825
  -60944
  -59932
  -59505
  -59723
  -60139
  -60703
  -61758
  -63281
  -64839
  -66402
  -68366
  -70674
  -72889
  -75072
  -77622
  -80372
  -82930
  -85583
  -88616
  -91671
  -94369
  -96928
  -99541
 -101888
 -103717
 -105398
 -107084
 -108426
 -109298
 -110136
 -111117
 -111785
 -111898
 -111856
 -111896
 -111703
 -110993
 -110144
 -109489
 -108631
 -107331
 -105877
 -104581
 -103197
 -101344
  -99263
  -97325
  -95295
  -93057
  -91191
  -89511
  -87673
  -85464
  -83283
  -81385
  -79434
  -77192
  -75021
  -73131
  -71319
  -69757
  -69036
  -69060
  -69139
  -69046
  -69134
  -69412
  -69348
  -69140
  -69252
  -69643
  -69854
  -69893
  -69949
  -69167
  -68046
  -67827
  -68476
  -69639
  -70737
  -71665
  -72809
  -74243
  -75548
  -76691
  -78114
  -79854
  -81486
  -82911
  -84497
  -86351
  -88025
  -89345
  -90730
  -92325
  -93809
  -95157
  -96456
  -97686
  -98732
  -99621
 -100710
 -101908
 -102831
 -103700
 -104873
 -105989
 -106699
 -107275
 -108065
 -108888
 -109335
 -109499
 -109774
 -110199
 -110306
 -109945
 -109439
 -109045
 -108447
 -107401
 -106130
 -104949
 -103670
 -101913
 -100026
  -98353
  -96634
  -94522
  -92376
  -90544
  -88890
  -87196
  -85379
  -83716
  -82186
  -80467
  -78876
  -77692
  -76640
  -75426
  -74351
  -73654
  -73032
  -72154
  -71371
  -70929
  -70510
  -69843
  -69345
  -69266
  -69238
  -69079
  -69226
  -69678
  -69980
  -70252
  -70807
  -71448
  -71870
  -72431
  -73311
  -74341
  -75372
  -76614
  -78149
  -79588
  -80855
  -82361
  -84246
  -86074
  -87563
  -88809
  -89972
  -91328
  -92843
  -94062
  -94793
  -95435
  -96361
  -97264
  -97764
  -98115
  -98657
  -99160
  -99195
  -99042
  -99074
  -99006
  -98488
  -97923
  -97633
  -97295
  -96615
  -95941
  -95594
  -95359
  -94818
  -94276
  -93991
  -93607
  -92829
  -91927
  -91188
  -90314
  -88930
  -87485
  -86338
  -85223
  -83742
  -82166
  -80872
  -79687
  -78257
  -76824
  -75801
  -75004
  -73964
  -72840
  -72051
  -71596
  -71026
  -70098
  -69165
  -68745
  -68325
  -67935
  -68124
  -68642
  -69048
  -69833
  -71725
  -74518
  -77736
  -80684
  -83194
  -85721
  -88023
  -89883
  -91660
  -93473
  -94985
  -96122
  -97349
  -98811
  -99751
  -99820
  -99708
  -99774
  -99881
  -99924
 -100172
 -100587
 -100704
 -100312
  -99758
  -99383
  -98766
  -97407
  -96062
  -95372
  -94524
  -93152
  -91572
  -90042
  -88331
  -86306
  -84468
  -83019
  -81610
  -80010
  -78554
  -77465
  -76440
  -75186
  -74066
  -73396
  -72892
  -72252
  -70963
  -68116
  -65790
  -64327
  -63813
  -64253
  -65115
  -65976
  -67193
  -69020
  -70983
  -72773
  -74751
  -77368
  -80440
  -83437
  -86517
  -89827
  -92953
  -95580
  -98022
 -100406
 -102437
 -103884
 -105288
 -107038
 -108791
 -110116
 -111147
 -112180
 -112930
 -113017
 -112837
 -112771
 -112503
 -111749
 -110882
 -110096
 -108963
 -107387
 -105817
 -104296
 -102437
 -100280
  -98246
  -96195
  -93760
  -91075
  -88621
  -86367
  -83886
  -81324
  -79032
  -76849
  -74479
  -72223
  -71036
  -71312
  -71572
  -71621
  -71866
  -72279
  -72507
  -72611
  -72986
  -73597
  -73943
  -74099
  -74469
  -75070
  -75430
  -75553
  -75916
  -76569
  -77113
  -78029
  -79153
  -79974
  -79557
  -78885
  -79239
  -79957
  -80313
  -80480
  -80947
  -81734
  -82396
  -82928
  -83693
  -84252
  -84244
  -84073
  -84343
  -84868
  -84363
  -82423
  -80902
  -79929
  -78815
  -77394
  -76341
  -75820
  -75402
  -75129
  -75410
  -76223
  -77076
  -77983
  -79206
  -80626
  -81839
  -82952
  -84347
  -85946
  -87331
  -88575
  -90024
  -91644
  -92973
  -93999
  -95099
  -96375
  -97351
  -98161
  -99094
 -100028
 -100738
 -101023
 -101228
 -101614
 -101787
 -101685
 -101720
 -101947
 -102056
 -102091
 -102246
 -102475
 -102305
 -101800
 -101385
 -101061
 -100394
  -99423
  -98546
  -97668
  -96364
  -94796
  -93405
  -92158
  -90668
  -89071
  -87808
  -86767
  -85450
  -83886
  -82531
  -81431
  -80153
  -78716
  -77550
  -76621
  -75502
  -74236
  -73127
  -72089
  -70894
  -69745
  -69017
  -68695
  -68459
  -68406
  -68720
  -69023
  -68879
  -68528
  -68130
  -67762
  -67294
  -67027
  -67324
  -67936
  -68548
  -69341
  -70458
  -71587
  -72463
  -73566
  -75239
  -77028
  -78514
  -80097
  -81968
  -83708
  -85182
  -86804
  -88681
  -90330
  -91628
  -92990
  -94369
  -95353
  -95956
  -96633
  -97487
  -98057
  -98279
  -98546
  -98757
  -98484
  -97903
  -97409
  -96988
  -96299
  -95471
  -94947
  -94598
  -93893
  -93043
  -92573
  -92349
  -91895
  -91264
  -90616
  -89817
  -88528
  -87210
  -86233
  -85191
  -83916
  -82842
  -82113
  -81391
  -80492
  -79829
  -79383
  -78865
  -78410
  -78196
  -77964
  -77447
  -77076
  -77141
  -77286
  -77227
  -77230
  -77672
  -78274
  -78582
  -78832
  -79439
  -80302
  -80924
  -81476
  -82328
  -83241
  -83852
  -84411
  -85213
  -85986
  -86378
  -86666
  -87020
  -87212
  -87166
  -87276
  -87450
  -87145
  -86564
  -86363
  -86485
  -86452
  -86302
  -86394
  -86590
  -86216
  -85380
  -84744
  -83891
  -82421
  -80889
  -79776
  -78911
  -78020
  -77515
  -77549
  -77674
  -77537
  -77509
  -77819
  -78074
  -78106
  -78393
  -79051
  -79630
  -79986
  -80451
  -81121
  -81584
  -81821
  -82280
  -83008
  -83552
  -83973
  -84692
  -85601
  -86247
  -86773
  -87539
  -88286
  -88677
  -89006
  -89551
  -90088
  -90396
  -90782
  -91375
  -91859
  -92171
  -92740
  -93637
  -94457
  -95073
  -95752
  -96567
  -97101
  -97264
  -97494
  -97891
  -98002
  -97915
  -97957
  -97992
  -97690
  -97135
  -96736
  -96275
  -95054
  -93544
  -92536
  -91774
  -90702
  -89710
  -89257
  -89173
  -88874
  -88332
  -87932
  -87554
  -86735
  -85674
  -84788
  -83928
  -82860
  -81862
  -81232
  -80697
  -79919
  -79121
  -78552
  -77874
  -76990
  -76337
  -75829
  -74893
  -73742
  -73044
  -72816
  -72452
  -72014
  -71933
  -72119
  -72141
  -72150
  -72468
  -72904
  -73118
  -73388
  -74033
  -74711
  -75072
  -75521
  -76400
  -77328
  -78092
  -79042
  -80354
  -81658
  -82813
  -84140
  -85685
  -87002
  -88126
  -89482
  -91123
  -92602
  -93901
  -95318
  -96750
  -97781
  -98653
  -99740
 -100741
 -101182
 -101398
 -101731
 -101973
 -101836
 -101663
 -101694
 -101562
 -101021
 -100465
 -100052
  -99347
  -98229
  -97147
  -96203
  -94954
  -93516
  -92384
  -91589
  -90617
  -89487
  -88547
  -87689
  -86606
  -85511
  -84659
  -83901
  -82880
  -81912
  -81339
  -80831
  -80167
  -79691
  -79495
  -79120
  -78279
  -77471
  -76828
  -76003
  -75084
  -74462
  -74135
  -73783
  -73366
  -73194
  -73140
  -72952
  -72880
  -73079
  -73276
  -73135
  -72983
  -73116
  -73245
  -73204
  -73341
  -73910
  -74571
  -75093
  -75831
  -76733
  -77394
  -77891
  -78792
  -80090
  -81249
  -82263
  -83437
  -84605
  -85428
  -86113
  -86881
  -87545
  -88127
  -89223
  -90742
  -92020
  -93033
  -94123
  -95102
  -95618
  -96002
  -96549
  -96971
  -96999
  -96982
  -97160
  -97182
  -96852
  -96524
  -96282
  -95779
  -95032
  -94484
  -94190
  -93680
  -92969
  -92467
  -92121
  -91460
  -90576
  -89880
  -89281
  -88446
  -87579
  -86960
  -86406
  -85581
  -84818
  -84300
  -83669
  -82853
  -82269
  -82094
  -81844
  -81363
  -81123
  -81200
  -81236
  -81425
  -82071
  -82893
  -83534
  -84275
  -85305
  -86246
  -86935
  -87786
  -88912
  -89967
  -90888
  -92003
  -93272
  -94157
  -94714
  -95423
  -96215
  -96641
  -96894
  -97200
  -97283
  -96957
  -96604
  -96473
  -96214
  -95632
  -95097
  -94725
  -94111
  -93301
  -92624
  -91989
  -91046
  -90049
  -89419
  -88888
  -88024
  -87093
  -86492
  -86006
  -85194
  -84162
  -83241
  -82501
  -81538
  -80312
  -79225
  -78610
  -78224
  -77681
  -77184
  -77024
  -77008
  -76695
  -76350
  -76308
  -76348
  -76100
  -75895
  -76106
  -76434
  -76515
  -76733
  -77370
  -78056
  -78554
  -79201
  -80066
  -80720
  -81032
  -81416
  -82104
  -82686
  -83103
  -83738
  -84554
  -85118
  -85368
  -85719
  -86363
  -86919
  -87331
  -87930
  -88704
  -89228
  -89586
  -90194
  -90922
  -91338
  -91540
  -91949
  -92438
  -92586
  -92605
  -92784
  -92891
  -92635
  -92248
  -91976
  -91556
  -90807
  -90104
  -89610
  -88989
  -88064
  -87262
  -86869
  -86561
  -86115
  -85843
  -85894
  -85814
  -85485
  -85308
  -85458
  -85537
  -85346
  -85234
  -85389
  -85436
  -85371
  -85638
  -86158
  -86446
  -86545
  -86901
  -87498
  -87812
  -87672
  -87491
  -87544
  -87455
  -87225
  -87350
  -87736
  -87914
  -88096
  -88701
  -89459
  -89875
  -90157
  -90588
  -90936
  -90961
  -90941
  -91111
  -91209
  -90850
  -90335
  -90081
  -89738
  -88958
  -88101
  -87478
  -86893
  -86107
  -85471
  -85100
  -84559
  -83830
  -83346
  -83238
  -83067
  -82671
  -82311
  -82099
  -81816
  -81408
  -81249
  -81392
  -81306
  -81038
  -80987
  -81135
  -81071
  -80831
  -80764
  -80849
  -80622
  -80230
  -80058
  -80059
  -79834
  -79585
  -79675
  -79691
  -79293
  -78887
  -78689
  -78470
  -78185
  -78094
  -78147
  -78004
  -77750
  -77841
  -78243
  -78499
  -78752
  -79484
  -80448
  -81071
  -81721
  -82880
  -84241
  -85294
  -86260
  -87519
  -88802
  -89569
  -89866
  -90278
  -90865
  -91146
  -91461
  -91991
  -92308
  -92217
  -92145
  -92488
  -92709
  -92347
  -91673
  -91019
  -90181
  -89241
  -88467
  -87607
  -86912
  -86255
  -85150
  -83727
  -82371
  -81571
  -81129
  -80463
  -79392
  -77935
  -76088
  -73382
  -69434
  -64697
  -59743
  -54682
  -49254
  -43688
  -38615
  -34126
  -29929
  -26216
  -23393
  -21435
  -19974
  -19287
  -19930
  -21748
  -24213
  -27261
  -31136
  -35776
  -40576
  -45357
  -50461
  -56158
  -62081
  -67823
  -73542
  -79548
  -85791
  -91755
  -97290
 -102658
 -108131
 -113596
 -118601
 -123067
 -127339
 -131746
 -136036
 -139724
 -142688
 -145383
 -147921
 -149838
 -151132
 -152228
 -153236
 -153674
 -153527
 -153304
 -152981
 -151931
 -149825
 -147198
 -144508
 -141498
 -138193
 -135051
 -131717
 -127693
 -123077
 -118318
 -113775
 -109059
 -104114
  -99308
  -94835
  -90373
  -85697
  -81133
  -76913
  -72769
  -68503
  -64519
  -61098
  -57926
  -54681
  -51757
  -49451
  -47615
  -45893
  -44518
  -43792
  -43318
  -42767
  -42541
  -42845
  -43380
  -43958
  -44960
  -46486
  -48161
  -49803
  -51669
  -54015
  -56498
  -58911
  -61615
  -64854
  -68277
  -71540
  -74910
  -78721
  -82370
  -85478
  -88514
  -91805
  -95152
  -98179
 -101110
 -104234
 -107334
 -109946
 -112258
 -114655
 -116965
 -118777
 -120358
 -121973
 -123330
 -124100
 -124587
 -125025
 -125034
 -124326
 -123312
 -122235
 -120796
 -118866
 -116871
 -114971
 -112833
 -110301
 -107820
 -105516
 -102902
  -99816
  -96699
  -93832
  -90887
  -87530
  -84122
  -80999
  -77899
  -74515
  -71147
  -68171
  -65452
  -62633
  -59956
  -57754
  -55868
  -53959
  -52285
  -51202
  -50486
  -49796
  -49423
  -49747
  -50446
  -51108
  -52093
  -53598
  -55285
  -56851
  -58432
  -60500
  -63040
  -65609
  -68348
  -71598
  -75189
  -78677
  -82130
  -85788
  -89471
  -92830
  -96192
  -99820
 -103284
 -106222
 -108943
 -111712
 -114219
 -116159
 -117805
 -119471
 -120885
 -121730
 -122235
 -122698
 -122722
 -121984
 -120953
 -120050
 -119147
 -117818
 -116201
 -114641
 -113100
 -111126
 -108775
 -106509
 -104363
 -101893
  -99155
  -96522
  -93976
  -91128
  -88090
  -85265
  -82546
  -79634
  -76729
  -74222
  -71971
  -69546
  -67123
  -65104
  -63409
  -61669
  -60130
  -59114
  -58369
  -57532
  -56888
  -56736
  -56897
  -56982
  -57254
  -57969
  -58788
  -59475
  -60368
  -61705
  -63151
  -64469
  -66025
  -68037
  -70068
  -71349
  -72045
  -72894
  -73867
  -74931
  -76498
  -78631
  -80806
  -82893
  -85253
  -87937
  -90517
  -92829
  -95310
  -98020
 -100478
 -102644
 -104898
 -107199
 -109174
 -110863
 -112647
 -114433
 -115766
 -116843
 -118059
 -119240
 -120019
 -120578
 -121227
 -121694
 -121620
 -121221
 -120824
 -120195
 -118915
 -117282
 -115646
 -113735
 -111277
 -108796
 -106386
 -103554
 -100344
  -97186
  -94307
  -91362
  -88067
  -84888
  -82057
  -79253
  -76324
  -73706
  -71476
  -69143
  -66717
  -64628
  -62872
  -61022
  -59375
  -58250
  -57310
  -56306
  -55580
  -55456
  -55727
  -56048
  -56699
  -57930
  -59376
  -60513
  -61415
  -62401
  -63296
  -63978
  -64699
  -66142
  -68671
  -72409
  -76520
  -79527
  -80416
  -80511
  -80594
  -80945
  -82105
  -84605
  -87074
  -86962
  -84917
  -82469
  -81387
  -81747
  -81829
  -83919
  -86930
  -89317
  -89986
  -84511
  -76691
  -75860
  -78030
  -80347
  -83317
  -87057
  -90904
  -94522
  -98373
 -102494
 -106452
 -109916
 -113289
 -116743
 -119829
 -122476
 -124996
 -127321
 -129180
 -130603
 -131909
 -132925
 -133078
 -132732
 -132386
 -131741
 -130314
 -128445
 -126477
 -124191
 -121617
 -119173
 -117023
 -114794
 -112308
 -109908
 -107700
 -105175
 -102311
  -99595
  -96955
  -92337
  -85786
  -80451
  -76408
  -72971
  -69764
  -67014
  -64894
  -62578
  -60095
  -57991
  -56531
  -55477
  -54343
  -53220
  -52466
  -52178
  -51911
  -51534
  -51460
  -51920
  -52546
  -53098
  -54003
  -55475
  -57149
  -58154
  -57450
  -56347
  -55427
  -54784
  -54894
  -55832
  -57316
  -59471
  -62276
  -65493
  -68591
  -71160
  -73814
  -77244
  -81151
  -85003
  -88689
  -91964
  -93278
  -93626
  -95415
  -96069
  -95520
  -95505
  -96713
  -99112
 -100116
  -99701
 -100556
 -102643
 -104711
 -106450
 -107755
 -108718
 -109281
 -109538
 -110145
 -111151
 -112048
 -112830
 -113915
 -115138
 -116009
 -116629
 -117122
 -117347
 -117096
 -116405
 -116475
 -118140
 -122987
 -129090
 -133124
 -135022
 -134356
 -130847
 -124955
 -117844
 -110479
 -103586
  -97516
  -92162
  -87478
  -83339
  -79393
  -75377
  -72073
  -70574
  -72189
  -75995
  -80644
  -84037
  -85962
  -86375
  -86880
  -87609
  -87479
  -86306
  -83876
  -81090
  -78405
  -76293
  -74685
  -73218
  -71636
  -69718
  -67533
  -65531
  -63928
  -62583
  -61793
  -61563
  -61662
  -61735
  -61863
  -62537
  -63382
  -63853
  -64278
  -64761
  -65101
  -65471
  -66365
  -67803
  -69315
  -70814
  -72535
  -74450
  -76250
  -78087
  -80263
  -82654
  -84851
  -87034
  -89649
  -92523
  -95089
  -97629
 -100432
 -103212
 -105627
 -107862
 -110178
 -112379
 -114087
 -115510
 -116970
 -118244
 -118974
 -119416
 -119935
 -120398
 -120404
 -120087
 -119771
 -119309
 -118282
 -116907
 -115526
 -113927
 -111812
 -109515
 -107229
 -104747
 -101797
  -98722
  -95861
  -92977
  -89742
  -86539
  -83548
  -80474
  -77219
  -74150
  -71422
  -68684
  -65885
  -63446
  -61485
  -59636
  -57777
  -56269
  -55346
  -54699
  -54174
  -54166
  -54867
  -55887
  -56970
  -58423
  -60466
  -62653
  -64748
  -67048
  -69555
  -71827
  -73789
  -75974
  -78387
  -80552
  -82600
  -84876
  -87230
  -89188
  -90977
  -92937
  -94852
  -96430
  -97918
  -99597
 -101149
 -102263
 -103311
 -104624
 -105801
 -106543
 -107192
 -107981
 -108582
 -108665
 -108342
 -107919
 -107453
 -106647
 -105736
 -105089
 -104506
 -103572
 -102483
 -101491
 -100452
  -99083
  -97658
  -96509
  -95377
  -93958
  -92509
  -91283
  -90070
  -88574
  -87124
  -86005
  -84916
  -83717
  -82851
  -82385
  -81935
  -81394
  -81159
  -81185
  -81040
  -80846
  -80976
  -81331
  -81466
  -81479
  -81704
  -81964
  -81841
  -81572
  -81501
  -81377
  -80856
  -80219
  -79818
  -79461
  -78854
  -78214
  -77778
  -77313
  -76693
  -76384
  -76452
  -76530
  -76457
  -76635
  -77284
  -78036
  -78634
  -79383
  -80477
  -81630
  -82577
  -83654
  -85059
  -86454
  -87631
  -88994
  -90583
  -92042
  -93403
  -94998
  -96681
  -98164
  -99745
 -101560
 -103227
 -104625
 -106133
 -107748
 -109003
 -109874
 -110749
 -111833
 -112809
 -113337
 -113470
 -113365
 -113321
 -113276
 -112759
 -111747
 -110587
 -109567
 -108365
 -106678
 -104849
 -103192
 -101403
  -99083
  -96564
  -94131
  -91596
  -88680
  -85699
  -82872
  -79929
  -76790
  -73941
  -71449
  -68921
  -66398
  -64318
  -62684
  -60986
  -59219
  -57790
  -56944
  -56352
  -55776
  -55464
  -55858
  -56868
  -58018
  -59234
  -60483
  -61782
  -62796
  -63387
  -64058
  -65389
  -67372
  -69515
  -71781
  -74482
  -77676
  -80912
  -83958
  -87168
  -90657
  -94082
  -97240
 -100387
 -103611
 -106533
 -109018
 -111453
 -113862
 -115771
 -117043
 -118101
 -119172
 -119894
 -120168
 -120375
 -120811
 -121178
 -120985
 -120361
 -119693
 -118975
 -117699
 -115927
 -114038
 -112227
 -110234
 -107867
 -105498
 -103431
 -101379
  -98986
  -96506
  -94266
  -92134
  -89728
  -87159
  -84903
  -83021
  -81109
  -79106
  -77227
  -75710
  -74269
  -72574
  -70787
  -69239
  -68295
  -67754
  -67142
  -66452
  -66106
  -66288
  -66518
  -66591
  -66906
  -67736
  -68743
  -69612
  -70584
  -71917
  -73387
  -74673
  -76127
  -77976
  -79805
  -81373
  -83039
  -84989
  -86809
  -88263
  -89596
  -91131
  -92705
  -93956
  -94897
  -95852
  -97039
  -98127
  -98762
  -99053
  -99369
  -99938
 -100463
 -100567
 -100442
 -100502
 -100674
 -100530
 -100012
  -99467
  -99206
  -98845
  -97972
  -96744
  -95571
  -94549
  -93205
  -91527
  -90005
  -88845
  -87663
  -86299
  -84867
  -83621
  -82443
  -80798
  -79047
  -77824
  -77240
  -76766
  -76285
  -76189
  -76657
  -77282
  -77733
  -78144
  -78906
  -80152
  -81437
  -82521
  -83623
  -84974
  -86405
  -87488
  -88416
  -89589
  -90945
  -92004
  -92757
  -93586
  -94626
  -95441
  -95903
  -96405
  -97136
  -97799
  -98245
  -98969
 -100088
 -101116
 -101892
 -102716
 -103838
 -104903
 -105469
 -105652
 -105872
 -106174
 -106124
 -105641
 -105039
 -104618
 -104090
 -103004
 -101516
 -100038
  -98594
  -96763
  -94511
  -92231
  -90160
  -88069
  -85725
  -83389
  -81464
  -79839
  -78047
  -76149
  -74497
  -73188
  -71840
  -70399
  -69274
  -68616
  -68091
  -67525
  -67298
  -67580
  -67965
  -68275
  -68887
  -69936
  -71029
  -71899
  -72884
  -74236
  -75608
  -76765
  -78089
  -79752
  -81365
  -82686
  -83943
  -85518
  -87441
  -89249
  -90830
  -92337
  -94103
  -96197
  -98149
  -99693
 -101127
 -102831
 -104734
 -106279
 -107345
 -108341
 -109434
 -110202
 -110445
 -110571
 -110877
 -110982
 -110600
 -110115
 -109759
 -109209
 -108179
 -106993
 -105997
 -104934
 -103444
 -101834
 -100398
  -98957
  -97143
  -95173
  -93482
  -91978
  -90214
  -88347
  -86780
  -85511
  -84130
  -82955
  -81945
  -81227
  -80438
  -78241
  -75241
  -72920
  -71357
  -69910
  -68329
  -67151
  -66921
  -66923
  -66636
  -66119
  -65927
  -65745
  -63723
  -59440
  -54280
  -49884
  -46992
  -46456
  -50377
  -60171
  -74747
  -92301
 -111779
 -132643
 -154193
 -175460
 -195424
 -214010
 -231214
 -246398
 -259200
 -269793
 -278427
 -284810
 -288468
 -289590
 -288624
 -285663
 -280242
 -272490
 -263013
 -251937
 -238965
 -224305
 -208514
 -191760
 -173756
 -154650
 -135053
 -115195
  -94747
  -73842
  -53307
  -33394
  -13830
    5204
   23169
   39816
   55458
   70148
   83397
   94816
  104673
  113213
  120039
  124819
  127737
  129179
  128924
  126612
  122433
  116821
  109634
  100558
   89770
   77732
   64357
   49415
   33249
   16517
    -840
  -18947
  -37492
  -56085
  -74872
  -94052
 -113407
 -132392
 -150884
 -169078
 -186662
 -203111
 -218506
 -233162
 -246951
 -259187
 -269745
 -279007
 -287048
 -293395
 -297831
 -300775
 -302414
 -302401
 -300563
 -297290
 -292782
 -286720
 -278883
 -269724
 -259515
 -247959
 -235048
 -221280
 -206735
 -191129
 -174551
 -157552
 -140347
 -122617
 -104436
  -86357
  -68590
  -50840
  -33188
  -16198
     -78
   15493
   30416
   44195
   56636
   67981
   78096
   86549
   93364
   98904
  103071
  105453
  106145
  105536
  103538
   99902
   94657
   88245
   80893
   72290
   62287
   51265
   39589
   27071
   13515
    -744
  -15240
  -30098
  -45543
  -61284
  -76883
  -92601
 -108521
 -124206
 -139290
 -153941
 -168355
 -182158
 -194869
 -206614
 -217643
 -227725
 -236449
 -244066
 -250813
 -256368
 -260373
 -263096
 -264727
 -264944
 -263432
 -260519
 -256531
 -251231
 -244385
 -236370
 -227524
 -217679
 -206651
 -194833
 -182524
 -169591
 -155845
 -141674
 -127441
 -112897
  -97911
  -82985
  -68467
  -54183
  -39990
  -26389
  -13608
   -1356
   10449
   21263
   30848
   39662
   47868
   54969
   60746
   65475
   69183
   71400
   72084
   71694
   70298
   67561
   63538
   58651
   52943
   46077
   38149
   29604
   20435
   10329
    -488
  -11477
  -22732
  -34658
  -47099
  -59576
  -72234
  -85369
  -98662
 -111375
 -122988
 -132609
 -140399
 -147615
 -155064
 -162937
 -170893
 -178579
 -185723
 -192392
 -198543
 -203800
 -208135
 -211816
 -214709
 -216209
 -216360
 -215591
 -213899
 -211006
 -206941
 -202110
 -196616
 -190205
 -183111
 -175764
 -168040
 -159597
 -150601
 -141479
 -132211
 -122479
 -112436
 -102494
  -92605
  -82441
  -72234
  -62406
  -53016
  -43675
  -34603
  -26208
  -18320
  -10726
   -3834
    1956
    6803
   11143
   14770
   17279
   18788
   19683
   19785
   18774
   16920
   14564
   11449
    7290
    2318
   -2944
   -8652
  -15198
  -22462
  -29940
  -37774
  -46207
  -54903
  -63405
  -71911
  -80723
  -89562
  -97981
 -106161
 -114393
 -122383
 -129693
 -136636
 -143507
 -149964
 -155558
 -160518
 -164918
 -168538
 -171151
 -173187
 -174933
 -176093
 -176310
 -175790
 -174769
 -172904
 -169969
 -166330
 -162353
 -157804
 -152363
 -146445
 -140339
 -133888
 -126826
 -119573
 -112492
 -105423
  -98102
  -90737
  -83716
  -76806
  -69742
  -62856
  -56433
  -50403
  -44549
  -39156
  -34491
  -30341
  -26393
  -22995
  -20478
  -18615
  -17060
  -16135
  -16039
  -16429
  -17039
  -18136
  -20020
  -22368
  -24824
  -27870
  -31675
  -35733
  -39944
  -44912
  -50557
  -56133
  -61616
  -67478
  -73665
  -79823
  -85636
  -91308
  -97000
 -102506
 -107723
 -112754
 -117650
 -122261
 -126662
 -131034
 -135379
 -139231
 -142285
 -144950
 -147458
 -149450
 -150628
 -151393
 -151781
 -151442
 -150222
 -148602
 -146746
 -144222
 -140997
 -137495
 -133867
 -129886
 -125366
 -120789
 -116240
 -111408
 -106417
 -101615
  -97099
  -92498
  -87890
  -83607
  -79434
  -75102
  -70924
  -67128
  -63533
  -59518
  -55351
  -51671
  -48284
  -44790
  -41476
  -38759
  -36388
  -34051
  -32223
  -31184
  -30676
  -30358
  -30540
  -31488
  -32874
  -34395
  -36194
  -38586
  -41390
  -44246
  -47492
  -51493
  -56098
  -60863
  -65721
  -71024
  -76476
  -81760
  -87125
  -92618
  -97896
 -102934
 -108996
 -116714
 -124851
 -132411
 -138600
 -143571
 -147334
 -150143
 -152569
 -154749
 -156347
 -157316
 -157873
 -157909
 -157156
 -155752
 -154104
 -152210
 -149590
 -146083
 -142118
 -138068
 -133637
 -128791
 -123836
 -119074
 -114119
 -108788
 -103449
  -98306
  -92949
  -87228
  -81585
  -76103
  -70620
  -65152
  -60168
  -55536
  -50911
  -46396
  -42508
  -39153
  -35939
  -33102
  -30968
  -29454
  -28169
  -27403
  -27505
  -28299
  -29320
  -30620
  -32541
  -34748
  -36675
  -38690
  -41483
  -44987
  -48800
  -53116
  -58071
  -63161
  -67991
  -72945
  -78169
  -83288
  -88090
  -92937
  -98028
 -102897
 -107335
 -111653
 -115986
 -120028
 -123505
 -126596
 -129563
 -132264
 -134297
 -135801
 -137085
 -137972
 -138262
 -138322
 -138299
 -137068
 -133211
 -128338
 -122961
 -117225
 -110975
 -104193
  -97121
  -89677
  -81737
  -73545
  -65437
  -57210
  -48798
  -41067
  -34515
  -29011
  -24041
  -19587
  -16020
  -13493
  -11894
  -11362
  -12156
  -14132
  -16710
  -19960
  -24159
  -28933
  -33894
  -39047
  -44698
  -51091
  -57583
  -64170
  -71195
  -78541
  -85655
  -92427
  -99275
 -106224
 -112809
 -118904
 -124888
 -130895
 -136557
 -141702
 -146596
 -151406
 -155870
 -159609
 -162677
 -165321
 -167451
 -168667
 -169231
 -169486
 -169197
 -168041
 -166339
 -164332
 -161825
 -158500
 -154698
 -150731
 -146252
 -140967
 -135110
 -128883
 -122418
 -115705
 -108928
 -102079
  -94792
  -87287
  -80002
  -72948
  -65864
  -59019
  -52647
  -46632
  -40740
  -35218
  -30495
  -26516
  -22793
  -19303
  -16703
  -15120
  -13888
  -13187
  -13744
  -15056
  -16517
  -18088
  -20130
  -23111
  -26925
  -31040
  -35322
  -40132
  -45455
  -50878
  -56424
  -62389
  -68578
  -74561
  -80502
  -86666
  -92803
  -98623
 -104391
 -110279
 -115964
 -121186
 -126263
 -131425
 -136296
 -140599
 -144621
 -148427
 -151678
 -154293
 -156698
 -158932
 -160389
 -160834
 -160747
 -160519
 -159814
 -158374
 -156973
 -158254
 -160702
 -160356
 -157858
 -154395
 -150095
 -144525
 -138123
 -131659
 -125020
 -118016
 -111117
 -104352
  -97352
  -90165
  -83079
  -75947
  -68383
  -60609
  -53005
  -45407
  -37780
  -30504
  -23655
  -17058
  -11089
   -5978
   -1409
    2660
    5849
    8284
   10326
   11728
   12207
   11929
   11208
    9738
    7226
    4041
     473
   -3796
   -8887
  -14428
  -20137
  -26264
  -32989
  -39975
  -47050
  -54534
  -62377
  -70126
  -77910
  -85983
  -94030
 -101675
 -109180
 -116680
 -123776
 -130197
 -136242
 -142118
 -147500
 -152091
 -156148
 -159957
 -163263
 -165714
 -167504
 -168974
 -169946
 -170013
 -169363
 -168205
 -166609
 -164314
 -161463
 -158417
 -154909
 -150626
 -145869
 -140829
 -135327
 -129279
 -123146
 -117031
 -110665
 -104000
  -97456
  -91246
  -85039
  -78730
  -72752
  -67259
  -61876
  -56647
  -51998
  -48007
  -44306
  -40845
  -38022
  -35939
  -34196
  -32662
  -31762
  -31693
  -32021
  -32615
  -33921
  -35952
  -38316
  -40880
  -44027
  -47858
  -51912
  -56011
  -60497
  -65484
  -70623
  -75698
  -81061
  -86795
  -92443
  -97755
 -102964
 -108226
 -113162
 -117615
 -121949
 -126321
 -130329
 -133746
 -136917
 -140031
 -142683
 -144747
 -146654
 -148362
 -149420
 -149915
 -150256
 -150308
 -149640
 -148425
 -147022
 -145321
 -142965
 -140110
 -137134
 -134066
 -130601
 -126941
 -123345
 -119615
 -115632
 -111779
 -108123
 -104265
 -100407
  -96973
  -93796
  -90447
  -86974
  -83710
  -80810
  -77954
  -74820
  -71223
  -67602
  -64577
  -61965
  -59397
  -57055
  -55394
  -54235
  -53210
  -52565
  -52554
  -52815
  -53092
  -53815
  -55135
  -56649
  -58442
  -60851
  -63596
  -66395
  -69624
  -73305
  -76894
  -80401
  -84396
  -88666
  -92581
  -96430
 -100428
 -104230
 -107795
 -111399
 -114842
 -117858
 -120834
 -123777
 -126288
 -128475
 -130558
 -132195
 -133273
 -134158
 -134938
 -135228
 -134931
 -134159
 -133165
 -132155
 -130890
 -129090
 -127005
 -125005
 -122916
 -120370
 -117605
 -114781
 -111395
 -107471
 -103326
  -99439
  -95882
  -92361
  -88709
  -85154
  -81952
  -78983
  -76076
  -73245
  -70770
  -68677
  -66611
  -64516
  -62772
  -61617
  -60728
  -60101
  -59774
  -59801
  -60071
  -60316
  -60737
  -61565
  -62582
  -63593
  -64815
  -66362
  -67950
  -69463
  -71247
  -73387
  -75547
  -77571
  -79751
  -82218
  -84685
  -86867
  -88936
  -91307
  -94015
  -96455
  -98453
 -100400
 -102690
 -104968
 -106702
 -108167
 -109820
 -111572
 -112950
 -113932
 -114880
 -115841
 -116374
 -116460
 -116545
 -116569
 -116131
 -115257
 -114404
 -113583
 -112448
 -111099
 -109896
 -108829
 -107578
 -106141
 -104803
 -103725
 -102437
 -100814
  -99422
  -98299
  -96846
  -95046
  -93427
  -92294
  -91019
  -89435
  -87921
  -86622
  -85566
  -84228
  -82801
  -81641
  -80598
  -79340
  -78175
  -77397
  -76845
  -76226
  -75784
  -75724
  -75746
  -75581
  -75598
  -76022
  -76565
  -76990
  -77613
  -78567
  -79526
  -80262
  -81074
  -82116
  -83095
  -83836
  -84670
  -85701
  -86671
  -87377
  -88125
  -89131
  -89970
  -90372
  -90651
  -91063
  -91382
  -91440
  -91712
  -92368
  -92962
  -93319
  -93655
  -94190
  -94682
  -95124
  -95867
  -96734
  -97357
  -97871
  -98472
  -98799
  -98728
  -98686
  -98648
  -98248
  -97625
  -97203
  -96894
  -96300
  -95444
  -94706
  -94252
  -93732
  -92910
  -92083
  -91602
  -91297
  -90780
  -90269
  -90002
  -89454
  -88540
  -87514
  -86745
  -86290
  -85727
  -84951
  -84312
  -83989
  -83681
  -83224
  -83005
  -83106
  -83124
  -83080
  -83316
  -83670
  -83768
  -83918
  -84314
  -84610
  -84694
  -84952
  -85023
  -83521
  -81881
  -81904
  -84651
  -88488
  -90962
  -92892
  -94316
  -94973
  -95281
  -95626
  -96304
  -97035
  -97434
  -97622
  -97941
  -98516
  -99052
  -99383
  -99738
 -100381
 -101125
 -101506
 -101700
 -102116
 -102528
 -102512
 -102215
 -101996
 -101907
 -101562
 -101051
 -100788
 -100744
 -100404
  -99775
  -99285
  -98903
  -96565
  -88374
  -85732
  -85123
  -84174
  -82962
  -81944
  -81178
  -80025
  -78533
  -77492
  -77217
  -77480
  -77942
  -78810
  -80191
  -81617
  -82956
  -84553
  -86352
  -87888
  -89318
  -90978
  -92685
  -94105
  -95458
  -97140
  -98966
 -100467
 -101636
 -102765
 -103963
 -104860
 -105281
 -105559
 -106041
 -106538
 -106647
 -106607
 -106729
 -106773
 -106509
 -106291
 -106238
 -106015
 -105550
 -105248
 -105316
 -105292
 -104954
 -104742
 -104959
 -105270
 -105387
 -105465
 -105783
 -106274
 -106363
 -105833
 -104996
 -104280
 -103559
 -102340
 -100726
  -99188
  -97779
  -96087
  -94053
  -92019
  -90122
  -88110
  -86027
  -84133
  -82397
  -80249
  -77513
  -75259
  -73934
  -73079
  -72676
  -72966
  -73751
  -74183
  -73882
  -72783
  -71166
  -69572
  -67974
  -65783
  -62785
  -59258
  -55498
  -51286
  -46175
  -40199
  -33716
  -27121
  -20449
  -13336
   -5416
    3237
   12550
   22259
   32701
   44423
   57255
   70462
   84166
   98659
  113371
  127697
  141655
  155536
  169127
  181857
  193282
  203299
  211809
  218484
  222908
  225086
  225454
  224215
  221202
  216068
  209191
  200844
  190688
  178400
  164158
  148547
  131424
  112475
   92066
   70716
   48326
   25033
    1502
  -21776
  -45192
  -68905
  -92207
 -114779
 -136780
 -158101
 -178434
 -198232
 -217663
 -235989
 -252346
 -266632
 -279920
 -291577
 -299210
 -305194
 -310990
 -316155
 -319917
 -322116
 -322995
 -322626
 -320501
 -316238
 -310245
 -302937
 -294149
 -283599
 -271681
 -258858
 -245061
 -230136
 -214487
 -198393
 -181723
 -164386
 -146883
 -129569
 -112181
  -94801
  -77963
  -61916
  -46363
  -31141
  -16769
   -3505
    8807
   20092
   29952
   38310
   45542
   51583
   56048
   58992
   60321
   60098
   58351
   55192
   51067
   45819
   38991
   30024
   19850
    9446
   -1729
  -13661
  -25940
  -38667
  -52119
  -66107
  -80189
  -94434
 -108966
 -123469
 -137486
 -151085
 -162815
 -172174
 -181702
 -191589
 -201654
 -211417
 -220537
 -229193
 -237270
 -244124
 -249995
 -255202
 -259374
 -261795
 -262114
 -260892
 -258367
 -254345
 -248886
 -242295
 -234517
 -225464
 -215534
 -204969
 -193647
 -181563
 -169294
 -157336
 -145420
 -133127
 -120789
 -108559
  -96086
  -83674
  -72020
  -60751
  -49039
  -37412
  -26881
  -17489
   -8775
    -853
    5534
   10351
   14099
   16847
   18594
   19031
   17976
   15520
   11872
    7366
    2272
   -3647
  -10739
  -18816
  -28025
  -38395
  -49563
  -61957
  -76146
  -91647
 -107512
 -123681
 -140331
 -157424
 -175542
 -195229
 -215974
 -237168
 -259401
 -283013
 -307463
 -332420
 -357819
 -383540
 -409114
 -435041
 -461913
 -489589
 -517897
 -546928
 -575506
 -601605
 -624313
 -643330
 -657851
 -666971
 -671106
 -670779
 -665640
 -655567
 -641300
 -623242
 -601174
 -575223
 -546423
 -515242
 -481344
 -444677
 -405822
 -365234
 -322787
 -278734
 -233874
 -188591
 -142695
  -96477
  -50701
   -5680
   38699
   81971
  123268
  162441
  199511
  233899
  265068
  293116
  318067
  339504
  357365
  371692
  381911
  387417
  388453
  385624
  378994
  368545
  354737
  338028
  318101
  294741
  268639
  240353
  209712
  176956
  142776
  107332
   70529
   32832
   -5041
  -42812
  -80397
 -117849
 -154808
 -190662
 -225211
 -258421
 -290373
 -320933
 -349432
 -375456
 -399016
 -420131
 -438200
 -452771
 -464223
 -472861
 -478275
 -480077
 -478600
 -474196
 -466608
 -455696
 -441974
 -425751
 -406768
 -385004
 -361118
 -335577
 -308199
 -278786
 -247964
 -216418
 -184001
 -150478
 -116388
  -82573
  -49148
  -15894
   16809
   48355
   78581
  107770
  135640
  161550
  185241
  207007
  226774
  244142
  258582
  270072
  279068
  285521
  289030
  289478
  287315
  282649
  275091
  264578
  251576
  236362
  218678
  198551
  176553
  152996
  127688
  100737
   72748
   43987
   14250
  -16257
  -46812
  -77202
 -107647
 -138009
 -167605
 -196041
 -223360
 -249714
 -274747
 -297896
 -319054
 -338304
 -355861
 -371379
 -384173
 -394021
 -401308
 -406593
 -409583
 -410003
 -408255
 -404319
 -397852
 -388750
 -377627
 -364647
 -349373
 -332003
 -313336
 -293706
 -272765
 -250787
 -228207
 -205073
 -181537
 -158569
 -137034
 -116973
  -98457
  -81951
  -67574
  -54955
  -43977
  -35045
  -28105
  -22571
  -18232
  -15236
  -13472
  -12674
  -13127
  -15369
  -19735
  -27121
  -38518
  -53941
  -72826
  -94903
 -119628
 -145957
 -173381
 -201629
 -229972
 -257720
 -284388
 -309049
 -330718
 -349416
 -365612
 -378980
 -388929
 -395753
 -399420
 -399420
 -395988
 -389925
 -381463
 -370711
 -358150
 -343585
 -326476
 -306862
 -284998
 -260920
 -234758
 -206853
 -177382
 -146533
 -115014
  -83307
  -51239
  -19108
   12362
   43062
   72907
  101105
  127166
  151130
  172634
  191418
  207821
  221853
  233249
  242093
  248525
  252237
  253212
  251861
  248174
  241814
  232942
  222176
  209681
  195166
  178517
  160357
  141082
  120470
   98303
   75055
   51208
   26477
     524
  -26266
  -53409
  -80986
 -108946
 -136702
 -163738
 -190131
 -215828
 -240244
 -263033
 -284392
 -304142
 -321763
 -337270
 -350953
 -362560
 -371624
 -378420
 -383243
 -385764
 -385693
 -383358
 -379083
 -372650
 -363896
 -353279
 -341195
 -327461
 -311851
 -294687
 -276290
 -256418
 -235194
 -213212
 -190438
 -166677
 -142476
 -118285
  -93915
  -69396
  -45263
  -21817
    1193
   23660
   45088
   64992
   83443
  100789
  116800
  131126
  143298
  153304
  161621
  168266
  172943
  175224
  175334
  173730
  170244
  164489
  156623
  147082
  135747
  122415
  107544
   91527
   74069
   55295
   35760
   15420
   -5798
  -27394
  -49040
  -70971
  -93155
 -115056
 -136313
 -156946
 -176948
 -196551
 -215568
 -233354
 -249603
 -264320
 -277617
 -289552
 -299709
 -308203
 -315558
 -321696
 -326210
 -329179
 -330945
 -331165
 -329372
 -325917
 -321068
 -314475
 -305903
 -295828
 -284616
 -272076
 -258061
 -242727
 -226499
 -209849
 -192516
 -174235
 -155224
 -135846
 -116601
  -97573
  -78376
  -59138
  -40387
  -22577
   -5599
   10912
   26780
   41553
   54891
   66968
   78066
   88011
   96333
  102711
  107419
  110867
  112844
  112906
  111141
  108093
  103807
   97910
   90248
   81305
   71390
   60287
   47761
   34179
   20024
    5039
  -10917
  -27416
  -44070
  -61101
  -78680
  -96265
 -113553
 -130752
 -147911
 -164660
 -180494
 -195542
 -210094
 -223807
 -236142
 -247127
 -257033
 -265825
 -273023
 -278513
 -282598
 -285648
 -287512
 -287709
 -286192
 -283263
 -279332
 -274302
 -267706
 -259584
 -250417
 -240399
 -229249
 -216890
 -203767
 -190216
 -175981
 -160900
 -145437
 -129934
 -114163
  -97948
  -81791
  -66063
  -50598
  -35252
  -20538
   -6813
    6142
   18510
   29868
   39801
   48499
   56300
   62928
   67937
   71305
   73560
   74724
   74352
   72418
   69294
   65095
   59501
   52346
   44073
   35028
   24965
   13691
    1629
  -10847
  -23987
  -37880
  -52057
  -66179
  -80426
  -94905
 -109219
 -122991
 -136470
 -149859
 -162611
 -174270
 -185526
 -196550
 -206727
 -215654
 -223679
 -230930
 -237005
 -241847
 -245788
 -248639
 -250015
 -250304
 -249870
 -248177
 -244999
 -240624
 -235432
 -229458
 -222264
 -213718
 -204020
 -193618
 -182986
 -171964
 -160022
 -147407
 -134575
 -121124
 -106170
  -89731
  -73866
  -59974
  -45436
  -27959
   -9092
    9692
   26660
   37961
   40134
   36299
   32406
   33675
   36223
   34417
   27929
   20538
   12928
    4784
   -1906
   -7500
  -13242
  -18974
  -24718
  -30797
  -37259
  -43634
  -49588
  -55008
  -60511
  -67217
  -75142
  -83714
  -92149
 -100356
 -109044
 -118527
 -128589
 -138605
 -147846
 -155963
 -163628
 -170367
 -176240
 -181834
 -186651
 -191004
 -194265
 -196958
 -198907
 -199551
 -199321
 -197721
 -195434
 -192775
 -189615
 -185882
 -181048
 -175288
 -169083
 -162991
 -156883
 -150349
 -143545
 -136258
 -128683
 -120832
 -112408
 -103523
  -94458
  -85572
  -76774
  -67728
  -58978
  -50853
  -43242
  -35957
  -28647
  -21662
  -15648
  -10471
   -5846
   -1905
    1855
    5529
    9065
   12300
   14259
   14903
   16193
   19248
   21520
   22742
   23191
   22912
   22575
   12571
   -9018
  -35993
  -64015
  -86083
 -101361
 -114262
 -128536
 -142584
 -156201
 -168989
 -180987
 -192473
 -203462
 -213495
 -222129
 -229505
 -236014
 -241527
 -245622
 -248251
 -249845
 -250542
 -249864
 -247664
 -244350
 -240113
 -234568
 -227681
 -219916
 -211558
 -202384
 -192199
 -181349
 -170233
 -158714
 -146583
 -134128
 -121678
 -109300
  -96648
  -83828
  -71372
  -59502
  -47916
  -36626
  -26144
  -16760
   -8068
     223
    7800
   14159
   19517
   24376
   28364
   31112
   32831
   33872
   34049
   33045
   31013
   28410
   25079
   20639
   15149
    9116
    2437
   -5102
  -13252
  -21751
  -30827
  -40487
  -50337
  -60438
  -71176
  -82344
  -93358
 -104074
 -114779
 -125675
 -136295
 -146229
 -155753
 -165069
 -173721
 -181436
 -188528
 -194926
 -200258
 -204823
 -208896
 -212101
 -214263
 -215724
 -216258
 -215716
 -214445
 -212485
 -209365
 -205132
 -199975
 -194034
 -187748
 -181031
 -173544
 -165080
 -155877
 -146323
 -136758
 -127063
 -116815
 -106305
  -96018
  -86115
  -76306
  -66453
  -57102
  -48746
  -41101
  -33727
  -26962
  -21136
  -15986
  -11084
   -6593
   -2791
       7
    1895
    3370
    4344
    4596
    3789
    1980
    -259
   -2971
   -6450
  -10969
  -16143
  -21539
  -27224
  -33492
  -40463
  -47647
  -54872
  -62349
  -70409
  -78805
  -87007
  -95014
 -103141
 -111598
 -120031
 -127969
 -135455
 -142807
 -150007
 -156534
 -162151
 -167038
 -171564
 -175583
 -178584
 -180590
 -182097
 -183189
 -183408
 -182700
 -181365
 -179673
 -177389
 -174193
 -170327
 -166178
 -161578
 -156126
 -150086
 -143899
 -137472
 -130524
 -123384
 -116337
 -109135
 -101594
  -94094
  -86784
  -79361
  -72030
  -65169
  -58590
  -52025
  -45579
  -39389
  -33810
  -29122
  -25110
  -21289
  -17805
  -14981
  -13097
  -11996
  -11333
  -11221
  -11958
  -13377
  -15150
  -17411
  -20425
  -24086
  -28032
  -32278
  -37172
  -42693
  -48339
  -54130
  -60407
  -67068
  -73617
  -80089
  -86840
  -93837
 -100604
 -107060
 -113613
 -120216
 -126370
 -131928
 -137262
 -142548
 -147359
 -151438
 -154967
 -158234
 -161322
 -163878
 -165587
 -166588
 -167283
 -167742
 -167543
 -166488
 -164768
 -162784
 -160574
 -157679
 -153979
 -149777
 -145494
 -141074
 -136082
 -130552
 -124871
 -119260
 -113469
 -107347
 -101300
  -95604
  -89936
  -83961
  -78001
  -72467
  -67202
  -61782
  -56363
  -51341
  -46811
  -42367
  -37925
  -34019
  -30945
  -28390
  -26041
  -24111
  -23031
  -22723
  -22699
  -22987
  -23870
  -25622
  -28175
  -30902
  -33818
  -37329
  -41536
  -45983
  -50484
  -55317
  -60746
  -66546
  -72207
  -77759
  -83594
  -89708
  -95615
 -101133
 -106638
 -112301
 -117750
 -122647
 -127287
 -131950
 -136397
 -140162
 -143351
 -146316
 -149018
 -150991
 -152339
 -153495
 -154478
 -154855
 -154580
 -154031
 -153293
 -151955
 -149805
 -147240
 -144433
 -141006
 -136866
 -132517
 -127989
 -122937
 -117381
 -111808
 -106390
 -100735
  -94881
  -89418
  -84520
  -79718
  -74984
  -70820
  -67325
  -63961
  -60284
  -56357
  -52513
  -48970
  -45869
  -43332
  -41226
  -39158
  -37293
  -35994
  -35137
  -34711
  -35268
  -37111
  -39574
  -41782
  -43920
  -46482
  -49410
  -52541
  -56107
  -60392
  -65236
  -70008
  -74749
  -79910
  -85484
  -90989
  -96306
 -101751
 -107335
 -112445
 -116970
 -121393
 -125794
 -129441
 -132131
 -134760
 -137568
 -140216
 -142853
 -145709
 -148597
 -151213
 -153902
 -156586
 -158874
 -160805
 -162647
 -164117
 -165000
 -165701
 -166262
 -166201
 -165599
 -164864
 -164019
 -162626
 -160566
 -158197
 -155712
 -152766
 -149163
 -145154
 -141126
 -137047
 -132380
 -127050
 -121357
 -115587
 -109557
 -102944
  -96097
  -89486
  -82969
  -76183
  -69330
  -62827
  -56801
  -50863
  -45190
  -40277
  -36123
  -32311
  -28969
  -26524
  -24841
  -23506
  -22700
  -22747
  -23512
  -24577
  -26302
  -28868
  -31770
  -34689
  -37992
  -41992
  -46301
  -50559
  -54958
  -59740
  -65183
  -71231
  -77304
  -83476
  -90276
  -97550
 -104634
 -111335
 -118040
 -124905
 -131442
 -137489
 -143464
 -149339
 -154436
 -158456
 -161855
 -164906
 -167381
 -169322
 -171141
 -173011
 -174517
 -175270
 -175577
 -175634
 -175041
 -173540
 -171563
 -169206
 -165944
 -161710
 -156967
 -151780
 -145769
 -138992
 -131699
 -124301
 -116975
 -109373
 -101365
  -93223
  -85292
  -77579
  -69867
  -62330
  -55351
  -48950
  -42739
  -36812
  -31614
  -27141
  -23045
  -19484
  -16793
  -14910
  -13359
  -12345
  -12229
  -12818
  -13940
  -15978
  -19002
  -22570
  -26598
  -31440
  -37202
  -43345
  -49455
  -55609
  -61994
  -68878
  -76124
  -83195
  -89984
  -96819
 -103980
 -111056
 -117615
 -123950
 -130319
 -136438
 -141885
 -146839
 -151647
 -156160
 -159870
 -162998
 -165908
 -168389
 -170112
 -171345
 -172345
 -172938
 -172755
 -172029
 -170888
 -168907
 -166014
 -162804
 -159409
 -155448
 -150867
 -146012
 -140896
 -135195
 -129052
 -122776
 -116199
 -109104
 -101937
  -95033
  -88199
  -81228
  -74551
  -68337
  -62264
  -56209
  -50537
  -45579
  -41171
  -36913
  -32917
  -29527
  -26891
  -24428
  -22125
  -20598
  -19950
  -19777
  -20144
  -21429
  -23446
  -25764
  -28642
  -32336
  -36528
  -40841
  -45438
  -50703
  -56529
  -62412
  -68293
  -74460
  -81045
  -87622
  -93965
 -100425
 -107013
 -113298
 -119165
 -124949
 -130590
 -135721
 -140566
 -145340
 -149743
 -153530
 -157048
 -160391
 -163181
 -165428
 -167361
 -168677
 -169028
 -168684
 -168025
 -166849
 -164796
 -162135
 -159261
 -155987
 -151907
 -147236
 -142397
 -137583
 -132443
 -126762
 -120872
 -115171
 -109588
 -103634
  -97332
  -91136
  -85213
  -79156
  -73089
  -67459
  -62249
  -57072
  -52160
  -47922
  -44205
  -40650
  -37481
  -35089
  -33321
  -31790
  -30762
  -30582
  -31059
  -31915
  -33413
  -35958
  -39312
  -42890
  -46848
  -51473
  -56400
  -61330
  -66612
  -72498
  -78600
  -84502
  -90499
  -96733
 -102759
 -108308
 -113770
 -119338
 -124605
 -129416
 -134015
 -138655
 -143088
 -146926
 -150391
 -153801
 -157015
 -159571
 -161468
 -163052
 -164267
 -164735
 -164381
 -163738
 -162810
 -161223
 -159184
 -157134
 -154816
 -151724
 -148084
 -144331
 -140334
 -135814
 -130867
 -125873
 -120625
 -114795
 -108677
 -102683
  -96761
  -90663
  -84688
  -79097
  -73681
  -68305
  -63370
  -58897
  -54537
  -50510
  -47148
  -44292
  -41734
  -39709
  -38419
  -37581
  -36895
  -36589
  -37056
  -38218
  -39559
  -41134
  -43080
  -45787
  -49194
  -52855
  -56550
  -60643
  -65151
  -69743
  -74193
  -78867
  -83875
  -89027
  -93964
  -98885
 -103927
 -108868
 -113397
 -117914
 -122378
 -126267
 -129456
 -132573
 -135596
 -138026
 -139855
 -141506
 -143088
 -143997
 -144112
 -143984
 -143784
 -143098
 -141845
 -140300
 -138735
 -136782
 -134109
 -131048
 -128029
 -125032
 -121631
 -117979
 -114461
 -111003
 -107265
 -103220
  -99249
  -95502
  -91615
  -87505
  -83712
  -80355
  -77037
  -73603
  -70443
  -67751
  -65137
  -62443
  -60079
  -58197
  -56436
  -54750
  -53688
  -53345
  -53262
  -53338
  -54067
  -55481
  -57033
  -58613
  -60475
  -62895
  -65574
  -68079
  -70525
  -73202
  -76388
  -80017
  -83526
  -87031
  -90931
  -95495
 -100394
 -105238
 -109824
 -114305
 -118884
 -123213
 -126838
 -129958
 -132932
 -135629
 -137614
 -139091
 -140441
 -141559
 -141970
 -141697
 -141205
 -140546
 -139316
 -137399
 -135216
 -133089
 -130646
 -127618
 -124417
 -121420
 -118369
 -114897
 -111218
 -107846
 -104523
 -100799
  -97021
  -93484
  -89965
  -86113
  -82209
  -78481
  -74677
  -70845
  -67364
  -64086
  -60811
  -57920
  -55474
  -53125
  -51146
  -49937
  -49255
  -48814
  -49021
  -50108
  -51713
  -53509
  -55712
  -58455
  -61341
  -64320
  -69160
  -78197
  -87360
  -95147
 -102663
 -110846
 -120019
 -130110
 -141048
 -153090
 -167950
 -185676
 -200160
 -211092
 -219830
 -227205
 -233512
 -238124
 -240799
 -241911
 -242212
 -241778
 -239746
 -235850
 -230506
 -224062
 -216442
 -207530
 -197644
 -187065
 -175586
 -163232
 -150642
 -138086
 -125091
 -111472
  -97922
  -84681
  -71445
  -58217
  -45555
  -33684
  -22293
  -11285
   -1093
    8283
   17129
   25113
   31947
   37662
   42609
   46791
   49686
   50922
   51203
   52295
   59025
   64937
   66399
   65378
   65098
   68886
   70811
   69419
   70427
   93403
  136816
  177900
  207160
  224788
  231675
  227865
  218016
  206390
  193670
  177814
  158445
  139111
  120086
   99974
   78440
   55866
   31596
    4794
  -23256
  -51885
  -80825
 -109984
 -139253
 -168639
 -197718
 -225912
 -253055
 -279219
 -304388
 -327999
 -349531
 -369112
 -386960
 -402834
 -416126
 -426819
 -435275
 -441472
 -444955
 -445594
 -443562
 -439236
 -432549
 -423070
 -410990
 -396811
 -380720
 -362414
 -341856
 -319646
 -296244
 -271515
 -245404
 -218390
 -190999
 -163325
 -135153
 -106793
  -78923
  -51765
  -25047
    1127
   26278
   49974
   72384
   93793
  113860
  132082
  148176
  162354
  174738
  184964
  192582
  197589
  200368
  200923
  198926
  194260
  187353
  178566
  167675
  154455
  139293
  122709
  104692
   84991
   63738
   41607
   18856
   -4668
  -28955
  -53540
  -77997
 -102439
 -127044
 -151379
 -174725
 -196935
 -218172
 -238574
 -257807
 -275286
 -290945
 -305090
 -317985
 -329280
 -338376
 -345278
 -350438
 -353746
 -354738
 -353597
 -350797
 -346363
 -339912
 -331455
 -321463
 -309932
 -296556
 -281525
 -265352
 -248126
 -229559
 -209755
 -189231
 -168277
 -146713
 -124445
 -101867
  -79539
  -57612
  -35839
  -14308
    6429
   25934
   44282
   61750
   78148
   92918
  105729
  116788
  126378
  134366
  140346
  144421
  147120
  148230
  147138
  143949
  139220
  133054
  125005
  115092
  103874
   91558
   77803
   62569
   46317
   29427
   11626
   -7222
  -26682
  -46231
  -65910
  -85975
 -106199
 -125983
 -145205
 -164069
 -182582
 -200251
 -216785
 -232325
 -247025
 -260515
 -272267
 -282370
 -291123
 -298396
 -303588
 -306746
 -308379
 -308472
 -306585
 -302895
 -297877
 -291610
 -283733
 -274257
 -263574
 -251878
 -238844
 -224405
 -209068
 -193261
 -176841
 -159732
 -142509
 -125673
 -109044
  -92306
  -75671
  -59559
  -43982
  -28503
  -13299
    1130
   14684
   27592
   39599
   50311
   59848
   68483
   75909
   81791
   86284
   89632
   91497
   91708
   90603
   88354
   84600
   79221
   72605
   64959
   56034
   45720
   34443
   22586
   10040
   -3397
  -17590
  -31977
  -46408
  -61208
  -76460
  -91709
 -106596
 -121263
 -135931
 -150190
 -163527
 -176109
 -188259
 -199737
 -210095
 -219431
 -228047
 -235786
 -242145
 -247104
 -251074
 -254045
 -255456
 -255319
 -254025
 -251704
 -247875
 -242502
 -236062
 -228801
 -220389
 -210630
 -199966
 -188716
 -176748
 -163857
 -150511
 -137127
 -123508
 -109450
  -95422
  -81728
  -68198
  -54573
  -41224
  -28619
  -16621
   -4853
    6433
   16776
   26110
   34574
   41934
   48104
   53366
   57572
   60407
   61943
   62470
   61684
   59475
   56282
   52304
   47379
   41422
   34147
   25563
   16192
    6320
   -4184
  -15561
  -27805
  -40437
  -53187
  -66281
  -79861
  -93448
 -106501
 -119177
 -131807
 -144171
 -155756
 -166532
 -176752
 -186426
 -195195
 -202827
 -209593
 -215648
 -220631
 -224276
 -226907
 -228759
 -229498
 -228879
 -227248
 -224909
 -221692
 -217236
 -211803
 -205836
 -199194
 -191451
 -182618
 -172977
 -162546
 -151217
 -139219
 -127092
 -115169
 -103277
  -91291
  -79760
  -68578
  -56960
  -45217
  -33590
   18431
   48127
   74239
   97280
  117248
  134655
  148991
  160768
  171519
  180223
  187392
  194047
  199168
  203775
  207359
  210431
  212991
  215552
  220159
  223744
  227327
  229888
  232447
  233984
  235520
  237055
  238079
  238591
  239103
  239104
  239615
  239104
  239104
  238592
  238079
  237567
  236544
  235520
  234496
  233472
  232447
  230912
  229888
  228352
  227327
  225791
  224255
  222208
  220671
  218624
  216576
  214527
  211968
  209408
  206847
  203775
  200703
  197119
  193536
  189951
  185855
  181759
  177663
  173056
  168959
  164351
  159743
  155135
  150528
  145920
  141312
  137215
  132096
  127488
  123903
  120319
  116736
  113663
  110079
  106495
  101888
   97279
   91647
   84991
   77311
   68608
   59904
   51199
   41983
   32255
   22527
   12800
    3072
   -6656
  -16384
  -26113
  -35841
  -45569
  -55808
  -65536
  -75264
  -84992
  -94209
 -103936
 -113153
 -122368
 -131073
 -140288
 -148992
 -157696
 -166400
 -174592
 -182785
 -190976
 -199168
 -206849
 -214529
 -222209
 -229888
 -237568
 -244737
 -252416
 -259584
 -266753
 -273921
 -281088
 -287744
 -294400
 -301056
 -307200
 -313344
 -319488
 -325121
 -331264
 -336896
 -342528
 -347649
 -353280
 -358401
 -363520
 -368129
 -372737
 -377345
 -381441
 -385537
 -389633
 -393217
 -396801
 -400384
 -403968
 -407040
 -410112
 -413184
 -415745
 -418305
 -420865
 -423424
 -425472
 -427009
 -429056
 -430081
 -431616
 -432641
 -433664
 -434688
 -435201
 -435713
 -436225
 -436737
 -437248
 -437249
 -437249
 -437249
 -436737
 -436225
 -435713
 -435200
 -433665
 -432641
 -431105
 -429568
 -427520
 -425472
 -422913
 -420353
 -417793
 -415232
 -412160
 -408577
 -404992
 -400896
 -396289
 -391169
 -386048
 -379393
 -372736
 -365057
 -357377
 -350208
 -342529
 -335872
 -328705
 -322049
 -315905
 -310273
 -305153
 -300544
 -295936
 -291329
 -287232
 -282625
 -278528
 -273920
 -267776
 -260608
 -251905
 -243713
 -235521
 -228352
 -220673
 -213505
 -206337
 -200192
 -194048
 -187905
 -182273
 -177152
 -171520
 -165377
 -159744
 -153601
 -147457
 -141824
 -135681
 -130049
 -124417
 -119296
 -113664
 -108033
 -102912
  -97792
  -92161
  -87041
  -81920
  -76289
  -70657
  -65536
  -59904
  -54272
  -48640
  -43009
  -37377
  -31745
  -26113
  -20481
  -14849
   -9728
   -4096
    1535
    7167
   12288
   17920
   23551
   28672
   34303
   39423
   44543
   49663
   54272
   59391
   64000
   68608
   73727
   78335
   82943
   87551
   91648
   96255
  100351
  104448
  108543
  112128
  116223
  119807
  122880
  126463
  129535
  132607
  135679
  138751
  141312
  143872
  146432
  148992
  151551
  153600
  155648
  157695
  159232
  160768
  162303
  163328
  164352
  165376
  166400
  167423
  167936
  168448
  168960
  169471
  169472
  169983
  169472
  169471
  168960
  168448
  167935
  166911
  165888
  164863
  163839
  162304
  161279
  159743
  158207
  156160
  154623
  152576
  150528
  148479
  145920
  143360
  140800
  138239
  135168
  132607
  129535
  126463
  123391
  119808
  116735
  113152
  109568
  105984
  102400
   98304
   94719
   90623
   86527
   81920
   77823
   73215
   68607
   64000
   59392
   54784
   50175
   45567
   40448
   35839
   30720
   25600
   20480
   15360
   10239
    5119
    -512
   -6144
  -11265
  -16896
  -22528
  -27649
  -33280
  -38401
  -44032
  -49664
  -54785
  -60416
  -66048
  -71169
  -76801
  -82433
  -88064
  -93696
  -99328
 -104960
 -110081
 -115712
 -120833
 -126464
 -131585
 -136705
 -142336
 -147456
 -152576
 -157696
 -162817
 -167937
 -173056
 -178176
 -183296
 -187905
 -193024
 -197633
 -202241
 -206849
 -211457
 -216064
 -220161
 -224257
 -228353
 -232449
 -236544
 -240129
 -244224
 -247808
 -251392
 -254976
 -258560
 -261633
 -264705
 -267777
 -270848
 -273920
 -276480
 -279040
 -281600
 -283649
 -286208
 -288256
 -290305
 -292352
 -294400
 -295937
 -297985
 -299521
 -301057
 -302593
 -304128
 -305153
 -306177
 -307201
 -308224
 -308737
 -309760
 -309761
 -310273
 -310785
 -311296
 -311296
 -311297
 -311297
 -311296
 -310785
 -310273
 -309761
 -309248
 -308225
 -307201
 -306176
 -304641
 -303616
 -302081
 -301056
 -299009
 -297473
 -295936
 -293889
 -291841
 -289793
 -287744
 -285185
 -282625
 -280065
 -277505
 -274944
 -271873
 -269312
 -266240
 -263168
 -260096
 -257024
 -253441
 -250368
 -246785
 -243201
 -239617
 -236033
 -232448
 -228353
 -224768
 -220673
 -216577
 -212481
 -208385
 -204289
 -200193
 -196096
 -192000
 -187904
 -183808
 -179201
 -175104
 -170497
 -165889
 -161792
 -157184
 -152576
 -147968
 -143360
 -138241
 -133633
 -129024
 -124416
 -119808
 -114689
 -110081
 -105473
 -100865
  -96256
  -91648
  -87041
  -82433
  -78336
  -73728
  -69120
  -64512
  -59905
  -55297
  -50689
  -46081
  -41984
  -37376
  -32769
  -28161
  -24064
  -19968
  -15872
  -11776
   -7680
   -3584
     511
    4095
    7680
   11775
   15360
   18944
   23039
   26623
   30207
   33791
   36864
   40447
   43520
   46592
   49664
   52736
   55807
   58368
   60928
   63487
   66047
   68096
   70656
   72704
   75263
   77312
   79360
   81407
   83455
   84992
   86528
   88064
   89600
   91135
   92159
   93183
   94207
   94720
   95744
   96767
   97279
   97792
   98304
   98815
   99327
   99327
   99328
   99328
   99328
   99327
   98816
   98304
   97791
   97279
   96256
   95743
   94719
   93695
   92671
   91647
   90112
   89087
   87551
   86015
   83968
   82431
   80384
   78336
   76287
   74239
   71680
   69631
   67072
   65023
   62464
   59904
   57855
   55295
   52735
   50175
   47104
   44032
   41471
   38399
   35327
   31744
   28671
   25088
   22015
   18431
   14848
   11264
    8191
    4096
     512
   -3072
   -6657
  -10241
  -14336
  -17921
  -22017
  -26112
  -30208
  -34305
  -38912
  -43520
  -48128
  -52736
  -57345
  -61953
  -66560
  -71168
  -75776
  -79873
  -84481
  -89089
  -93696
  -97793
 -102400
 -106496
 -110081
 -114176
 -117760
 -121344
 -124417
 -128000
 -131073
 -134144
 -136705
 -139776
 -142337
 -144897
 -147457
 -150016
 -152065
 -154624
 -156673
 -158721
 -160257
 -161281
 -162305
 -163329
 -164353
 -165376
 -165889
 -167424
 -168449
 -169984
 -171009
 -173056
 -175104
 -177153
 -180225
 -183808
 -187392
 -190977
 -195072
 -199169
 -203777
 -208385
 -212992
 -216577
 -220160
 -223233
 -226305
 -229888
 -232961
 -236544
 -240128
 -243713
 -247297
 -251392
 -255488
 -259073
 -263169
 -266753
 -270848
 -273921
 -277505
 -280577
 -283648
 -286720
 -289280
 -291840
 -293888
 -295936
 -297472
 -299008
 -300033
 -301057
 -302080
 -302593
 -303105
 -303616
 -303617
 -304128
 -304128
 -303617
 -303616
 -303105
 -302593
 -302081
 -301057
 -300033
 -299009
 -297984
 -296448
 -294912
 -293376
 -291329
 -289792
 -287744
 -285696
 -283137
 -281089
 -279040
 -276481
 -273921
 -271361
 -269312
 -266241
 -263680
 -260609
 -257537
 -254465
 -251393
 -248320
 -244737
 -241153
 -238080
 -233985
 -230401
 -226817
 -223233
 -219648
 -215553
 -211968
 -207873
 -204288
 -200193
 -196097
 -192001
 -187905
 -183808
 -179201
 -175104
 -170497
 -166400
 -161792
 -157184
 -152577
 -148480
 -143872
 -139264
 -134656
 -130049
 -125952
 -121344
 -116736
 -112128
 -107520
 -102912
  -98304
  -93185
  -88577
  -83968
  -79360
  -74241
  -69633
  -65536
  -60928
  -56320
  -51712
  -47105
  -43008
  -38400
  -33793
  -29185
  -25088
  -20481
  -16384
  -11777
   -7680
   -3073
    1023
    5119
    9215
   12800
   16895
   20479
   24064
   27648
   31232
   34816
   38400
   41983
   45567
   48640
   52223
   55296
   58879
   61440
   64512
   67583
   70144
   72704
   75264
   77824
   80383
   82432
   84991
   87040
   89088
   91136
   93184
   95231
   96768
   98815
  100351
  101887
  102912
  104447
  105471
  106495
  107008
  108031
  108543
  109056
  109568
  110079
  110591
  110591
  110592
  110592
  110592
  110592
  110591
  110079
  109567
  108544
  108031
  107007
  105983
  104448
  103423
  101888
  100863
 
 


