   18397
   74924
   98874
   89987
   52769
   -8119
  -86970
 -174130
 -254746
 -315675
 -350128
 -356833
 -334928
 -283840
 -210078
 -126993
  -48010
   18767
   67019
   88151
   76430
   35332
  -26416
 -102329
 -186281
 -267172
 -330640
 -366532
 -372182
 -347404
 -291992
 -212011
 -121645
  -35349
   37669
   89760
  112194
   98680
   51534
  -18970
 -102200
 -189525
 -272576
 -339635
 -378032
 -381834
 -353556
 -297877
 -219384
 -128392
  -40559
   30246
   76879
   96139
   83961
   39904
  -27855
 -106506
 -186165
 -258737
 -312200
 -335758
 -330228
 -301860
 -252571
 -184717
 -107799
  -35810
   21007
   57958
   70550
   54826
   10424
  -55232
 -129354
 -200872
 -262297
 -311430
 -347072
 -360565
 -347381
 -309743
 -250929
 -176015
  -96181
  -25438
   26598
   56305
   61010
   37862
  -11686
  -78025
 -148917
 -216441
 -274873
 -315759
 -330271
 -316667
 -280364
 -227576
 -162250
  -91932
  -29631
   13602
   34360
   32883
    7925
  -39744
 -101810
 -166505
 -226037
 -275101
 -305659
 -310362
 -290712
 -252184
 -198472
 -135434
  -74976
  -26379
    6652
   19901
    9362
  -22281
  -67445
 -119661
 -172917
 -222320
 -261371
 -281536
 -278508
 -255017
 -217407
 -169440
 -114972
  -64450
  -28646
   -9611
   -6460
  -22343
  -56164
 -100024
 -147801
 -197054
 -241268
 -272536
 -289564
 -290478
 -270379
 -230399
 -179767
 -125570
  -72299
  -28703
   -3346
     486
  -18461
  -55798
  -99063
 -143437
 -185284
 -224965
 -257838
 -274136
 -271670
 -255929
 -227773
 -186148
 -139289
  -96606
  -61573
  -39109
  -34114
  -45165
  -67334
  -97319
 -131658
 -168138
 -203384
 -229800
 -240715
 -235788
 -218984
 -192482
 -156318
 -115656
  -79985
  -54656
  -39525
  -35228
  -45348
  -69648
 -101813
 -135717
 -169861
 -201184
 -222878
 -230371
 -225684
 -211426
 -187791
 -157519
 -128057
 -104212
  -85047
  -68451
  -58915
  -57820
  -62390
  -72297
  -87851
  -99754
 -104691
 -115896
 -131403
 -131288
 -128656
 -133949
 -136357
 -136018
 -130147
 -116359
 -105081
  -96892
  -91364
  -81099
  -67990
  -63086
  -63738
  -65880
  -69135
  -76861
  -88096
  -98149
 -107158
 -122166
 -149455
 -187445
 -227795
 -265057
 -297399
 -318538
 -319422
 -296670
 -254566
 -200982
 -142185
  -82728
  -29389
    8453
   26406
   26742
   11331
  -20596
  -66346
 -118570
 -171298
 -220857
 -261082
 -285095
 -290655
 -279741
 -252873
 -210865
 -161470
 -113530
  -71027
  -36781
  -17505
  -18261
  -36186
  -65822
 -105167
 -150587
 -193389
 -225205
 -243820
 -249360
 -239444
 -213094
 -175775
 -135706
  -97526
  -62892
  -37144
  -27310
  -35303
  -56692
  -87462
 -126178
 -167783
 -203391
 -227821
 -241001
 -241203
 -225093
 -195680
 -160104
 -122988
  -87096
  -58413
  -43674
  -43683
  -54830
  -76307
 -108415
 -146258
 -180680
 -206942
 -223067
 -226754
 -216140
 -192188
 -160172
 -125432
  -90468
  -59722
  -40262
  -37450
  -49949
  -72883
 -103240
 -138182
 -171615
 -197859
 -214541
 -218235
 -206399
 -181778
 -148391
 -108923
  -70144
  -44243
  -37932
  -53364
  -86086
 -130879
 -180519
 -224304
 -255242
 -271552
 -270640
 -250114
 -214477
 -170731
 -122950
  -75812
  -38444
  -17663
  -13997
  -26038
  -54309
  -96570
 -143522
 -184455
 -214876
 -234072
 -241389
 -234791
 -216838
 -190564
 -156982
 -119841
  -87230
  -64483
  -51505
  -49029
  -59954
  -84303
 -116680
 -150184
 -180896
 -207387
 -226942
 -234013
 -225723
 -205585
 -178431
 -145927
 -110245
  -78590
  -57613
  -48003
  -48320
  -60734
  -84850
 -115349
 -146793
 -177653
 -204185
 -220093
 -224138
 -218170
 -201912
 -175374
 -144264
 -115465
  -91985
  -73758
  -63500
  -65234
  -80045
 -102972
 -127902
 -152815
 -177399
 -198292
 -209101
 -207786
 -198207
 -182608
 -160300
 -133775
 -109908
  -92209
  -79556
  -73540
  -78070
  -92040
 -110370
 -131395
 -154659
 -175789
 -189283
 -195056
 -194037
 -184484
 -166228
 -144483
 -122970
 -101880
  -83166
  -71993
  -71046
  -77706
  -89402
 -107199
 -130151
 -152508
 -169563
 -182663
 -191428
 -189246
 -174210
 -155825
 -138474
 -118482
  -93444
  -60020
  -23525
    1908
  -13123
  -78027
 -167268
 -251730
 -317439
 -353165
 -353024
 -315868
 -247055
 -162452
  -75893
    2122
   59608
   86967
   82619
   51052
   -4004
  -77088
 -157081
 -232355
 -294491
 -334442
 -344753
 -325062
 -280518
 -216193
 -138501
  -60630
    4073
   49053
   71071
   65850
   31869
  -25133
  -94288
 -166461
 -234746
 -289133
 -319035
 -321558
 -299770
 -256409
 -194111
 -122648
  -55302
    -122
   38006
   52435
   39903
    4700
  -46268
 -108188
 -171666
 -224058
 -259529
 -276620
 -274041
 -250766
 -212466
 -165259
 -112716
  -61425
  -21515
     973
    6024
   -6327
  -37249
  -82370
 -132234
 -179200
 -219074
 -248541
 -261681
 -253788
 -226990
 -187987
 -142399
  -93488
  -47905
  -15124
    -300
   -2353
  -19943
  -53183
  -98004
 -145234
 -187522
 -221781
 -243434
 -246769
 -231968
 -204167
 -166871
 -122821
  -79781
  -46237
  -24769
  -15192
  -20649
  -41993
  -74117
 -110568
 -148539
 -183883
 -209185
 -220029
 -218248
 -205520
 -181131
 -147135
 -111078
  -80065
  -56061
  -40087
  -36378
  -47543
  -70108
  -98169
 -129233
 -161380
 -188947
 -205402
 -209819
 -204325
 -188689
 -162458
 -130765
 -100525
  -74953
  -55173
  -45003
  -48019
  -62479
  -83282
 -108489
 -137398
 -165288
 -185291
 -195845
 -197762
 -189535
 -170259
 -144389
 -117848
  -92872
  -70362
  -54806
  -51044
  -58858
  -73791
  -94245
 -120360
 -147642
 -169070
 -182399
 -188765
 -187231
 -174969
 -154442
 -131346
 -108440
  -86145
  -68665
  -60346
  -60432
  -66749
  -80686
 -101917
 -125380
 -145667
 -162530
 -175392
 -179958
 -174261
 -162012
 -145561
 -124476
 -101052
  -81401
  -68785
  -61956
  -61347
  -69800
  -86224
 -105350
 -125068
 -145463
 -162770
 -171886
 -173496
 -169290
 -157741
 -139722
 -120497
 -102289
  -85161
  -73052
  -69488
  -73071
  -80956
  -94378
 -113084
 -132232
 -147195
 -158420
 -166151
 -167239
 -159446
 -145954
 -130690
 -113854
  -95722
  -80810
  -73097
  -71753
  -74461
  -82921
  -97892
 -115408
 -131098
 -145096
 -157284
 -163900
 -162148
 -154709
 -144348
 -130534
 -113627
  -98721
  -89014
  -83251
  -81184
  -85471
  -96362
 -109505
 -122037
 -134829
 -146508
 -152622
 -151856
 -147416
 -140188
 -128516
 -114592
 -103099
  -95003
  -88503
  -85129
  -87951
  -95792
 -104328
 -113162
 -123965
 -134767
 -141160
 -143041
 -142969
 -140285
 -132640
 -122017
 -112377
 -104333
  -96051
  -89951
  -89082
  -92412
  -97193
 -104570
 -115334
 -125850
 -132846
 -137887
 -141387
 -140381
 -133855
 -125530
 -117799
 -109229
  -99614
  -93006
  -91630
  -93279
  -96276
 -102617
 -112895
 -123036
 -129735
 -134793
 -138804
 -138841
 -134411
 -128940
 -123101
 -114753
 -105585
  -99520
  -96102
  -93510
  -94498
 -100089
 -106702
 -113062
 -120680
 -127557
 -130837
 -132089
 -131745
 -127579
 -121143
 -115491
 -109850
 -103644
 -100251
  -99986
 -100489
 -102408
 -106734
 -111422
 -115531
 -121505
 -127713
 -131030
 -132429
 -134125
 -134270
 -130376
 -124924
 -120315
 -115538
 -109221
 -103479
 -101324
 -102141
 -103009
 -104280
 -108366
 -114692
 -119149
 -120897
 -122738
 -125040
 -124707
 -121223
 -118089
 -115997
 -112230
 -107473
 -105156
 -105051
 -104563
 -105010
 -108560
 -113346
 -116137
 -118086
 -121697
 -125092
 -125539
 -124649
 -123344
 -119187
 -113796
 -109884
 -107070
 -104044
 -101115
 -101388
 -104736
 -107427
 -111494
 -135473
 -166400
 -177429
 -170800
 -152777
 -131678
 -109491
  -86773
  -71200
  -64070
  -63238
  -64440
  -54258
  -34229
    4398
   57692
  103105
  109545
   48482
  -60665
 -187373
 -310246
 -409646
 -467550
 -475240
 -434674
 -351698
 -234975
 -101005
   28538
  135421
  207755
  236894
  216931
  150693
   50509
  -69470
 -194880
 -308172
 -391648
 -435826
 -436818
 -393049
 -309271
 -200302
  -83208
   27676
  117885
  172501
  184168
  154977
   90302
   -2520
 -111702
 -219854
 -309527
 -370093
 -396109
 -383755
 -332796
 -251810
 -154644
  -53746
   38843
  108457
  144283
  143949
  109075
   42648
  -45524
 -140699
 -231037
 -305965
 -353539
 -365858
 -343707
 -291011
 -212872
 -120123
  -28537
   48545
  103068
  128531
  120235
   77601
    8214
  -74989
 -160817
 -240277
 -303103
 -338194
 -340733
 -313397
 -261280
 -189320
 -106862
  -28246
   35935
   79719
   96384
   81845
   40045
  -20584
  -93828
 -170593
 -237752
 -285484
 -309691
 -307112
 -276090
 -221850
 -155068
  -84536
  -17575
   35471
   65028
   68424
   48573
    8291
  -49175
 -116610
 -182115
 -234965
 -269586
 -283579
 -273935
 -240093
 -188126
 -127930
  -67414
  -12195
   28870
   47022
   40528
   13774
  -29210
  -85171
 -146324
 -201222
 -242349
 -266911
 -271394
 -252577
 -214050
 -164333
 -110018
  -55845
  -10037
   19075
   27385
   16755
  -12694
  -58783
 -109986
 -161251
 -207475
 -241558
 -257505
 -250853
 -223525
 -182103
 -134059
  -83778
  -36037
     871
   19212
   16327
   -4527
  -35031
  -75112
 -122965
 -171275
 -209750
 -235446
 -244339
 -233097
 -201742
 -160945
 -116289
  -67210
  -23535
    5147
   15277
    8844
  -12515
  -48601
  -94821
 -141759
 -182190
 -213589
 -232658
 -234528
 -218949
 -190843
 -156246
 -118011
  -78851
  -45747
  -25279
  -18769
  -24361
  -42336
  -72400
 -109097
 -144283
 -174192
 -197160
 -208696
 -204610
 -187751
 -162663
 -131268
  -96269
  -64214
  -41447
  -29595
  -27911
  -38292
  -60699
  -90095
 -120909
 -151658
 -179052
 -196736
 -201698
 -196315
 -182699
 -159929
 -129721
  -98609
  -72325
  -52362
  -39221
  -36602
  -47273
  -68282
  -94257
 -122777
 -152359
 -177964
 -193231
 -197360
 -192375
 -178293
 -154526
 -125945
  -98459
  -74235
  -54750
  -44958
  -47667
  -60181
  -78791
 -102950
 -130361
 -154649
 -170961
 -179809
 -181075
 -172240
 -153784
 -130737
 -107405
  -84798
  -64636
  -52271
  -50759
  -57975
  -71566
  -92242
 -117713
 -141468
 -159415
 -172379
 -179506
 -177175
 -165301
 -148650
 -129925
 -109194
  -89475
  -76069
  -70485
  -70498
  -76184
  -89421
 -108685
 -128153
 -143969
 -155695
 -164180
 -167390
 -161651
 -147973
 -130973
 -114780
  -99467
  -85191
  -75150
  -71239
  -73588
  -81197
  -93523
 -110156
 -129594
 -145486
 -153328
 -155893
 -155555
 -150531
 -139897
 -127353
 -117280
 -108860
  -99379
  -91671
  -88934
  -90268
  -93593
 -101038
 -113115
 -125977
 -136133
 -144166
 -151142
 -154571
 -151710
 -144505
 -136367
 -127359
 -115950
 -104466
  -97223
  -95001
  -95042
  -96944
 -103276
 -113958
 -124440
 -132040
 -138574
 -144418
 -146240
 -142642
 -136936
 -131651
 -124863
 -115074
 -106475
 -101763
  -98447
  -95949
  -98316
 -108528
 -124045
 -139340
 -154780
 -166851
 -168684
 -160116
 -145368
 -127291
 -105400
  -82337
  -66439
  -60416
  -61989
  -70194
  -86314
 -107459
 -127797
 -145844
 -161693
 -172075
 -172922
 -166209
 -155337
 -140325
 -120903
 -101408
  -86273
  -75745
  -69190
  -69536
  -78444
  -92547
 -107718
 -123909
 -140770
 -154401
 -161174
 -162504
 -159874
 -151724
 -137660
 -122023
 -108110
  -95447
  -84783
  -80263
  -82654
  -88876
  -98095
 -111626
 -127264
 -140077
 -149251
 -155930
 -158262
 -153553
 -143704
 -132923
 -121936
 -109457
  -97861
  -91250
  -90291
  -92296
  -97142
 -106643
 -119291
 -130632
 -139870
 -148193
 -153616
 -152942
 -147372
 -139880
 -130480
 -118115
 -106098
  -97862
  -92772
  -89398
  -90353
  -96510
 -104875
 -113560
 -124123
 -135925
 -144802
 -149033
 -150645
 -149709
 -143881
 -133303
 -121993
 -111669
 -101034
  -92039
  -88690
  -91075
  -95972
 -103396
 -114918
 -128118
 -138747
 -146302
 -151914
 -153885
 -149461
 -140343
 -129836
 -118112
 -104277
  -91943
  -84929
  -82631
  -83176
  -88211
  -98632
 -111036
 -121966
 -132236
 -141530
 -146288
 -145471
 -141962
 -136214
 -126362
 -114162
 -103981
  -97115
  -91947
  -90027
  -94024
 -102160
 -110737
 -119822
 -130527
 -140154
 -144869
 -145012
 -142250
 -135982
 -124946
 -112301
 -102391
  -94615
  -87516
  -84261
  -88153
  -97077
 -106811
 -117574
 -130036
 -141123
 -147016
 -148684
 -148606
 -145359
 -137176
 -127225
 -118698
 -110931
 -102899
  -98122
  -98962
 -103138
 -108438
 -116306
 -126266
 -134567
 -139629
 -143509
 -146097
 -144371
 -137852
 -129476
 -121925
 -114344
 -105506
  -97715
  -94553
  -96151
  -99281
 -103426
 -110460
 -119709
 -127200
 -131162
 -134398
 -137958
 -138947
 -136466
 -133065
 -129150
 -121245
 -109920
 -101970
  -96015
  -88717
  -84523
  -87919
 -100913
 -119536
 -130940
 -134369
 -128778
 -108389
  -80794
  -63658
  -56898
  -60165
  -67858
  -72699
  -66983
  -58460
  -51615
  -42894
  -30596
  -11151
    6754
   16251
   12871
   -2785
  -25105
  -53946
  -92055
 -134008
 -170234
 -195873
 -208715
 -205382
 -184879
 -152576
 -116099
  -79678
  -44752
  -16627
   -1700
   -1252
  -12775
  -35809
  -69441
 -108092
 -143916
 -173529
 -194780
 -203572
 -197013
 -181211
 -162740
 -132171
  -90097
  -49543
  -18038
    2057
   10426
    2772
  -21893
  -58454
  -99855
 -142011
 -181089
 -209964
 -222394
 -218750
 -201013
 -170113
 -129000
  -85658
  -47580
  -17826
     841
    3998
   -9164
  -34457
  -71117
 -124667
 -182824
 -223913
 -241110
 -234765
 -208016
 -165887
 -112409
  -55143
   -3697
   36664
   61223
   64509
   44383
    5465
  -46361
 -106233
 -171701
 -232088
 -268035
 -277467
 -266415
 -236694
 -188378
 -128053
  -62933
    3137
   52714
   75592
   72185
   46892
    2792
  -55745
 -119450
 -176902
 -221650
 -250021
 -257705
 -241640
 -205621
 -157658
 -104116
  -50397
   -4362
   26700
   40236
   35720
   11223
  -29948
  -78968
 -128230
 -173848
 -209552
 -227653
 -224994
 -204922
 -171350
 -126691
  -77387
  -33168
    -229
   19866
   24530
   11106
  -17903
  -55546
  -96606
 -138171
 -175574
 -201598
 -212424
 -208616
 -190867
 -159392
 -118805
  -77663
  -42107
  -13946
    3614
    5862
   -8016
  -33307
  -65799
 -103456
 -141308
 -171604
 -190011
 -196736
 -191369
 -171939
 -140707
 -104774
  -70670
  -40975
  -18552
   -8834
  -13606
  -29574
  -53429
  -83909
 -117590
 -147322
 -168002
 -178592
 -178955
 -167749
 -145470
 -118130
  -90736
  -64353
  -41668
  -28898
  -28735
  -37697
  -52729
  -74037
 -100317
 -125905
 -145545
 -158905
 -165644
 -162732
 -149410
 -130006
 -108404
  -85263
  -62052
  -44724
  -37800
  -39567
  -47538
  -62616
  -83537
 -104548
 -121991
 -137012
 -148877
 -152964
 -147322
 -136436
 -123872
 -107385
  -87206
  -69591
  -58207
  -52365
  -52269
  -59528
  -73974
  -90413
 -105614
 -120152
 -132887
 -139808
 -139711
 -135221
 -127430
 -114926
  -98909
  -83677
  -71878
  -62645
  -57166
  -59093
  -68418
  -81268
  -96217
 -113936
 -131193
 -142854
 -148370
 -149386
 -145097
 -133490
 -117218
 -101092
  -86332
  -72587
  -63121
  -61200
  -65758
  -73372
  -84535
 -100060
 -116554
 -129380
 -138378
 -144580
 -145821
 -139724
 -129140
 -116890
 -102422
  -86349
  -73013
  -64684
  -60070
  -59777
  -66479
  -78906
  -92738
 -106845
 -121534
 -133911
 -139528
 -138860
 -134874
 -127632
 -115533
 -101117
  -89031
  -79573
  -71473
  -66989
  -69075
  -77212
  -87024
  -97254
 -109194
 -120781
 -127508
 -129765
 -131718
 -132234
 -126694
 -115795
 -104026
  -92685
  -80775
  -71095
  -67065
  -67838
  -71328
  -78931
  -91200
 -104481
 -115166
 -124085
 -131239
 -133296
 -128760
 -120310
 -110610
  -99045
  -85513
  -74128
  -67801
  -65441
  -65948
  -71378
  -82606
  -95972
 -107633
 -117957
 -126912
 -131755
 -131150
 -127643
 -121769
 -111731
 -100191
  -90916
  -83938
  -78486
  -77622
  -82965
  -91455
  -99831
 -108923
 -119106
 -127501
 -130769
 -129913
 -126762
 -120252
 -109459
  -97073
  -87033
  -79887
  -73646
  -69986
  -71937
  -78844
  -87116
  -96448
 -108245
 -119989
 -127263
 -129864
 -129772
 -126452
 -117835
 -106816
  -97388
  -89337
  -81478
  -76377
  -77028
  -82165
  -88408
  -96372
 -106823
 -116999
 -123724
 -128275
 -131593
 -131113
 -125355
 -117387
 -109154
  -99543
  -88984
  -81331
  -78239
  -77421
  -78487
  -83869
  -93236
 -102536
 -109488
 -116030
 -121684
 -122465
 -118303
 -112540
 -105974
  -96891
  -87135
  -80698
  -77909
  -76567
  -77791
  -83632
  -92284
  -99974
 -107584
 -116080
 -122792
 -124891
 -124013
 -122004
 -117126
 -108471
  -99744
  -93079
  -87058
  -81840
  -80906
  -84485
  -88846
  -93011
  -99518
 -108204
 -115328
 -119946
 -122863
 -122666
 -117810
 -111361
 -105601
  -99466
  -91991
  -85830
  -82736
  -80908
  -80118
  -83280
  -90893
  -99486
 -106665
 -113969
 -121399
 -125621
 -125626
 -123532
 -119674
 -111942
 -102016
  -93768
  -87711
  -82385
  -79416
  -81552
  -87558
  -93648
 -100476
 -108989
 -116470
 -120852
 -123944
 -125632
 -123345
 -118323
 -113721
 -106056
  -93046
  -79770
  -70335
  -58253
  -37174
  -11722
   17750
   47476
   54722
    8648
  -83742
 -183928
 -266663
 -318701
 -329275
 -291797
 -223159
 -150751
  -83000
  -20477
   17790
   24796
   16275
   -1822
  -29412
  -65785
 -106471
 -144193
 -173572
 -191312
 -194671
 -182463
 -159950
 -136021
 -113037
  -86174
  -59912
  -39725
  -26579
  -21150
  -26272
  -42295
  -65977
  -95675
 -128748
 -158647
 -178828
 -189049
 -190510
 -181210
 -160137
 -128913
  -89959
  -56546
  -31191
  -14247
   -9856
  -17891
  -38266
  -75076
 -123250
 -172665
 -212634
 -237541
 -242551
 -223635
 -184789
 -134843
  -81020
  -28615
   13278
   37306
   42115
   28386
   -3907
  -50451
 -101064
 -148649
 -192521
 -227061
 -242185
 -236146
 -212222
 -174063
 -125911
  -77211
  -34462
   -1338
   18418
   20248
    3355
  -27382
  -66998
 -112576
 -157808
 -193740
 -214831
 -220827
 -208687
 -164927
  -96223
  -29264
   11825
   30258
   25603
    1553
  -38887
  -88783
 -141270
 -197411
 -247735
 -275807
 -290528
 -273941
 -212333
 -111030
    7141
  102453
  157167
  176923
  154784
   96733
   20292
  -69115
 -164366
 -256011
 -339850
 -412064
 -445005
 -421680
 -345144
 -230182
 -104539
   13422
  114453
  185685
  216816
  207542
  158988
   72659
  -39468
 -156928
 -262641
 -345592
 -394655
 -401723
 -365652
 -293797
 -197772
  -90777
   10997
   85569
  107776
   75954
   21000
  -44023
 -113260
 -168169
 -193189
 -195405
 -188373
 -183444
 -178115
 -161476
 -130929
  -92371
  -54890
  -24417
   -3033
    6281
    -570
  -23048
  -55361
  -93434
 -130704
 -153289
 -152387
 -131547
 -106935
  -70906
  -36312
  -28621
  -35091
  -43136
  -55784
  -78316
 -112164
 -153120
 -188761
 -210468
 -216895
 -209921
 -201059
 -214200
 -252387
 -284343
 -287532
 -253835
 -184454
  -81232
   31338
  125060
  183214
  201883
  181937
  122472
   29318
  -81674
 -196913
 -304700
 -384601
 -419363
 -406066
 -350149
 -259718
 -148226
  -35112
   66547
  148703
  201172
  213275
  180279
  108054
    6413
 -114777
 -239377
 -349586
 -430922
 -469689
 -453637
 -383037
 -270403
 -132612
    9962
  135057
  222953
  262664
  252122
  193108
   92827
  -33640
 -166273
 -287733
 -383707
 -440303
 -447859
 -407289
 -327073
 -217881
  -92696
   29727
  130058
  195756
  221050
  202486
  141382
   47736
  -62699
 -176327
 -279753
 -357864
 -398337
 -397725
 -358308
 -284614
 -185905
  -78389
   21739
  102547
  153859
  166814
  140404
   81324
   -2293
 -100887
 -200034
 -283499
 -340852
 -366399
 -355559
 -308168
 -233068
 -143124
  -49414
   37144
  103144
  138231
  139564
  108698
   48439
  -32954
 -121734
 -205113
 -274330
 -320328
 -334360
 -314235
 -265196
 -196401
 -116374
  -34657
   35387
   81851
  100136
   92695
   58293
     206
  -70987
 -144825
 -213272
 -267055
 -296143
 -297137
 -273058
 -227413
 -164673
  -94843
  -29658
   23189
   58494
   69773
   54700
   18146
  -33307
  -94237
 -156715
 -210284
 -247515
 -263315
 -255915
 -226645
 -178888
 -121445
  -63969
  -12233
   28673
   51290
   50545
   28035
  -10515
  -60960
 -118548
 -174477
 -218585
 -245684
 -254430
 -243274
 -211643
 -165255
 -112600
  -59790
  -12674
   19850
   32243
   25448
    2085
  -36458
  -85032
 -134035
 -175460
 -206126
 -223003
 -221757
 -202478
 -170862
 -131436
  -87457
  -45850
  -14922
    1554
    3771
   -8843
  -36601
  -74834
 -115182
 -152771
 -185162
 -207599
 -214288
 -204321
 -181437
 -150068
 -112479
  -72283
  -36833
  -12846
   -1771
   -2591
  -17341
  -45315
  -79849
 -114478
 -146744
 -173558
 -189277
 -191124
 -181504
 -162544
 -135419
 -102769
  -70142
  -43751
  -25571
  -19321
  -27384
  -47235
  -73879
 -104168
 -134484
 -158839
 -173354
 -179076
 -176406
 -163523
 -141284
 -116659
  -93343
  -69017
  -47420
  -34524
  -34081
  -44188
  -60401
  -81852
 -107200
 -131661
 -149744
 -160380
 -164478
 -160431
 -146767
 -126629
 -104453
  -81929
  -59999
  -43414
  -36482
  -38944
  -48906
  -66155
  -89576
 -113994
 -134106
 -149631
 -160292
 -162745
 -155157
 -140914
 -123783
 -104012
  -82873
  -65731
  -56042
  -52619
  -54544
  -63360
  -79251
  -97837
 -115170
 -131235
 -144910
 -152444
 -151826
 -145595
 -134596
 -116840
  -94325
  -72213
  -54364
  -41383
  -35852
  -40780
  -54126
  -72255
  -94500
 -119036
 -140479
 -155480
 -164510
 -165900
 -157216
 -141244
 -123232
 -104459
  -84114
  -65462
  -53977
  -50224
  -51472
  -59459
  -75067
  -94724
 -113703
 -131530
 -146567
 -153963
 -153229
 -147518
 -136898
 -120704
 -101926
  -84898
  -70633
  -59145
  -53621
  -56436
  -65527
  -77800
  -93362
 -111961
 -129499
 -141049
 -145806
 -145695
 -140227
 -127302
 -110128
  -93767
  -78770
  -64917
  -55203
  -53069
  -58381
  -67615
  -80304
  -97295
 -116017
 -131520
 -141911
 -148476
 -150019
 -143145
 -129645
 -113974
  -97664
  -80710
  -66450
  -59333
  -59508
  -63966
  -73291
  -89764
 -110188
 -126579
 -137404
 -141947
 -140202
 -131527
 -114848
  -94025
  -73764
  -58415
  -48415
  -42421
  -43605
  -55199
  -76227
 -101114
 -124078
 -142504
 -155946
 -164592
 -165484
 -156895
 -143163
 -130142
 -115989
  -95375
  -70738
  -49976
  -37369
  -33091
  -37969
  -54176
  -79435
 -105775
 -129846
 -151624
 -167063
 -169450
 -158953
 -141892
 -120160
  -94153
  -68830
  -49243
  -36921
  -32728
  -38752
  -53985
  -73422
  -94419
 -116975
 -138730
 -154029
 -159992
 -156872
 -147583
 -134401
 -116333
  -94360
  -72650
  -56498
  -49303
  -49519
  -55104
  -66823
  -85037
 -105949
 -123596
 -136192
 -144789
 -148037
 -142881
 -130955
 -116691
 -101458
  -84321
  -68370
  -58326
  -55246
  -57010
  -64583
  -79147
  -97061
 -113409
 -127946
 -140650
 -148160
 -147219
 -139546
 -128947
 -116523
 -101013
  -83862
  -68562
  -59265
  -57496
  -60921
  -67737
  -79063
  -95167
 -111543
 -123963
 -132424
 -138038
 -139177
 -133211
 -122447
 -110648
  -98295
  -85100
  -74969
  -70868
  -71326
  -74915
  -83115
  -95129
 -106745
 -116360
 -125028
 -130970
 -130874
 -125554
 -118462
 -110377
  -99261
  -84869
  -70730
  -62910
  -61897
  -64821
  -72004
  -85097
 -100840
 -113998
 -123570
 -131239
 -136640
 -136298
 -129448
 -119513
 -108688
  -97209
  -85576
  -76570
  -72009
  -70099
  -70690
  -75899
  -85416
  -94359
 -100945
 -108991
 -118357
 -124845
 -126256
 -124623
 -121045
 -113348
 -101924
  -90771
  -82177
  -75027
  -69329
  -67943
  -72932
  -81924
  -91210
 -100063
 -109645
 -119265
 -125012
 -125380
 -122263
 -118067
 -112135
 -102616
  -91670
  -83380
  -78884
  -75888
  -74593
  -77771
  -86567
  -97748
 -107623
 -116058
 -121789
 -120188
 -111684
 -102269
  -94655
  -87914
  -83078
  -84003
  -92488
 -104390
 -112367
 -118235
 -122049
 -119305
 -112512
 -105440
  -97427
  -86343
  -75867
  -71231
  -72383
  -76614
  -83785
  -94477
 -104901
 -109955
 -110892
 -111973
 -113939
 -113808
 -111163
 -108698
 -106956
 -103558
  -98641
  -95407
  -94445
  -93095
  -91948
  -93645
  -97125
  -99695
 -102290
 -106464
 -110168
 -110507
 -108671
 -106535
 -102923
  -96480
  -90195
  -86541
  -84248
  -82440
  -83661
  -89025
  -95436
  -99976
 -104115
 -109269
 -112979
 -112669
 -110268
 -108612
 -106180
 -101146
  -95593
  -92154
  -90195
  -87551
  -85448
  -86497
  -89314
  -92032
  -98233
 -106246
 -112526
 -114564
 -114178
 -113113
 -109819
 -103042
  -95535
  -89623
  -84888
  -82804
  -87014
  -96786
 -106860
 -113908
 -119137
 -122091
 -118959
 -111182
 -102819
  -95125
  -86486
  -77762
  -71593
  -63896
  -57222
  -60531
  -73330
  -92191
 -110846
 -125648
 -136722
 -143599
 -143215
 -134922
 -122642
 -108849
  -93087
  -76855
  -64490
  -58707
  -57703
  -60170
  -68252
  -81936
  -97358
 -112112
 -124879
 -133768
 -136949
 -134289
 -128535
 -120176
 -108096
  -95234
  -85682
  -79227
  -74272
  -72873
  -77289
  -86138
  -95581
 -104671
 -114657
 -124781
 -130961
 -131105
 -126974
 -120956
 -112237
 -100092
  -87545
  -78231
  -72489
  -68633
  -68597
  -74642
  -84796
  -95185
 -105640
 -117142
 -127745
 -134247
 -135025
 -131601
 -124742
 -113067
  -99626
  -88465
  -79883
  -72732
  -69413
  -72193
  -78959
  -86225
  -95076
 -106099
 -115668
 -120800
 -122979
 -123557
 -120677
 -113336
 -104931
  -97218
  -88581
  -80464
  -75817
  -74361
  -74532
  -78105
  -85900
  -95812
 -105455
 -114882
 -123359
 -127724
 -126730
 -123104
 -118612
 -111332
 -100415
  -87907
  -76598
  -69909
  -68922
  -70888
  -73954
  -79903
  -90583
 -102777
 -112466
 -119706
 -125614
 -128198
 -124549
 -116762
 -108714
  -99787
  -88617
  -78970
  -74480
  -73876
  -75000
  -79565
  -89091
 -101187
 -111447
 -119928
 -127307
 -130744
 -127642
 -119955
 -110617
  -99227
  -85150
  -72381
  -65042
  -63100
  -64114
  -68939
  -79276
  -92652
 -104699
 -114954
 -124633
 -131765
 -132296
 -126755
 -118403
 -108732
  -96729
  -82222
  -68787
  -61656
  -59079
  -61138
  -70698
  -85270
  -99836
 -114783
 -133053
 -151611
 -165327
 -168186
 -158786
 -141524
 -117756
  -89376
  -62509
  -41866
  -28104
  -22421
  -28335
  -46263
  -69218
  -91317
 -113389
 -134588
 -151134
 -160290
 -162237
 -156881
 -142575
 -120053
  -94301
  -71225
  -52072
  -35979
  -27903
  -33107
  -47228
  -65419
  -86632
 -109525
 -129526
 -142786
 -150199
 -152340
 -147097
 -133602
 -115693
  -97581
  -80234
  -63752
  -52045
  -48961
  -53380
  -62205
  -71403
  -73190
  -79161
  -91565
 -108905
 -128936
 -146146
 -155607
 -157954
 -154918
 -144472
 -126320
 -104945
  -86214
  -72259
  -62093
  -57812
  -60894
  -68649
  -78097
  -89616
 -102595
 -113762
 -119864
 -123159
 -126232
 -126977
 -122358
 -113778
 -104609
  -94636
  -82704
  -72558
  -67981
  -67974
  -70396
  -76881
  -87949
  -99750
 -109538
 -118525
 -126060
 -128299
 -124987
 -119089
 -110983
  -99498
  -86566
  -76765
  -71234
  -68118
  -68300
  -74073
  -83847
  -94073
 -104411
 -118859
 -138949
 -153501
 -158278
 -155185
 -145071
 -127355
 -104784
  -83013
  -64928
  -49982
  -40093
  -39163
  -47594
  -61385
  -78149
  -98263
 -119538
 -136712
 -149852
 -157206
 -154427
 -136352
 -110009
  -88585
  -71219
  -55717
  -44743
  -42899
  -50783
  -64499
  -81546
 -101521
 -119591
 -130743
 -135460
 -137163
 -135153
 -122440
  -96654
  -72664
  -55495
  -43163
  -36002
  -38762
  -52300
  -71769
  -94191
 -119195
 -143575
 -161200
 -169601
 -169204
 -159773
 -140586
 -114838
  -88537
  -65250
  -45945
  -33278
  -31217
  -39869
  -55008
  -74135
  -96852
 -120980
 -140289
 -152741
 -158974
 -157399
 -146883
 -128016
 -105249
  -83556
  -63701
  -48001
  -40962
  -43969
  -54673
  -71386
  -92982
 -116419
 -135501
 -147419
 -153321
 -152928
 -143896
 -127225
 -107634
  -87968
  -68273
  -51634
  -43076
  -43740
  -50994
  -64179
  -83645
 -106370
 -126376
 -140672
 -149859
 -153151
 -147594
 -133940
 -116728
  -98155
  -78238
  -59857
  -47439
  -42021
  -42531
  -49805
  -65386
  -86823
 -109114
 -129723
 -146984
 -156664
 -154636
 -142375
 -122598
  -98793
  -73853
  -52602
  -39880
  -36361
  -40357
  -52241
  -71405
  -93416
 -113564
 -131899
 -148079
 -157271
 -155838
 -146422
 -131967
 -112112
  -88446
  -66849
  -51311
  -41482
  -37915
  -43160
  -56373
  -73045
  -90615
 -109282
 -127267
 -139648
 -144523
 -143391
 -136097
 -121152
 -101247
  -82016
  -66484
  -54521
  -48063
  -50297
  -60430
  -73837
  -89267
 -107571
 -125863
 -138805
 -144644
 -143766
 -135610
 -119379
  -99969
  -82479
  -67086
  -54413
  -48519
  -51366
  -60468
  -73098
  -89671
 -107828
 -123315
 -134677
 -141834
 -142344
 -134159
 -120969
 -106871
  -92289
  -77131
  -64617
  -58590
  -58827
  -62475
  -69957
  -82856
  -98845
 -112758
 -123414
 -131496
 -134844
 -130796
 -121380
 -110047
  -97136
  -82420
  -69311
  -60740
  -56421
  -56184
  -62340
  -73469
  -84702
  -95241
 -107530
 -119894
 -128080
 -130915
 -130242
 -125782
 -113993
  -96771
  -80636
  -65733
  -51037
  -41400
  -41240
  -49944
  -64106
  -83882
 -107840
 -130046
 -145008
 -152781
 -154147
 -146867
 -130826
 -111012
  -91448
  -72463
  -55289
  -44224
  -41499
  -45124
  -53716
  -68511
  -88431
 -108083
 -124526
 -138165
 -146809
 -146689
 -138603
 -125894
 -109516
  -89524
  -70384
  -56583
  -48663
  -46061
  -50842
  -63010
  -79101
  -96347
 -114867
 -132820
 -145292
 -149882
 -148015
 -140416
 -125579
 -105184
  -84664
  -67656
  -54130
  -45659
  -45482
  -53185
  -65299
  -80392
  -98848
 -117126
 -128406
 -133043
 -135404
 -134411
 -126780
 -115192
 -104368
  -95171
  -85650
  -76758
  -71817
  -70848
  -71028
  -73091
  -79118
  -87534
  -95497
 -103490
 -112301
 -119496
 -121679
 -119754
 -115564
 -107910
  -97067
  -86898
  -78289
  -69069
  -61658
  -60918
  -67388
  -76743
  -87258
 -100030
 -112983
 -121898
 -126079
 -127052
 -123788
 -114669
 -102505
  -91213
  -80807
  -70388
  -63298
  -62490
  -66376
  -72894
  -83216
  -96981
 -110180
 -119914
 -126966
 -130853
 -128629
 -120520
 -110389
 -100430
  -89530
  -78869
  -71928
  -69253
  -68657
  -71224
  -79032
  -89358
  -97829
 -104868
 -112037
 -117246
 -117930
 -115829
 -113047
 -107885
  -99185
  -90545
  -84403
  -78980
  -73819
  -72354
  -75802
  -80687
  -86557
  -95742
 -107053
 -115880
 -121025
 -124032
 -123973
 -118807
 -110391
 -101593
  -92555
  -82400
  -74268
  -71439
  -72693
  -75999
  -82706
  -92923
 -102571
 -108121
 -111736
 -113963
 -112217
 -106898
 -101345
  -96443
  -90786
  -84986
  -81970
  -81541
  -81791
  -83713
  -88168
  -93202
  -95854
  -97462
  -99800
 -101104
  -99946
  -98680
  -98922
  -98745
  -96627
  -94998
  -94335
  -92066
  -88563
  -87951
  -90909
  -93640
  -95260
  -97608
  -99440
  -98348
  -96127
  -94572
  -92594
  -90449
  -92018
  -97280
 -101370
 -103161
 -104449
 -104508
 -101045
  -96195
  -92825
  -89912
  -85766
  -82730
  -83053
  -84818
  -86299
  -89325
  -94152
  -98144
 -100288
 -102980
 -106536
 -107749
 -106148
 -104445
 -102915
  -99010
  -93677
  -90057
  -88117
  -85713
  -84388
  -86412
  -90301
  -93140
  -96335
 -100861
 -104104
 -104645
 -105168
 -106806
 -106562
 -103095
  -99572
  -97465
  -95111
  -93444
  -94856
  -97686
  -99150
 -100736
 -103759
 -105695
 -104833
 -103618
 -103377
 -102131
  -99332
  -97708
  -97501
  -95456
  -91961
  -90473
  -90936
  -90750
  -90694
  -92390
  -94258
  -94581
  -95279
  -98235
 -101267
 -101965
 -102384
 -103455
 -102745
 -100387
  -98707
  -97350
  -94277
  -91470
  -91883
  -94107
  -95019
  -95590
  -98318
 -101837
 -102680
 -101247
  -99860
  -99263
  -97144
  -93186
  -90031
  -90243
  -92691
  -94491
  -96242
  -99646
 -103137
 -103463
 -101806
 -100794
  -99655
  -96116
  -92323
  -91221
  -91511
  -90877
  -91300
  -94420
  -97993
  -99858
 -101611
 -103835
 -103756
 -100288
  -96329
  -93927
  -91283
  -88103
  -87312
  -89358
  -91299
  -92327
  -94509
  -98754
 -102149
 -103569
 -104992
 -106474
 -105344
 -102028
  -99635
  -98132
  -94850
  -90647
  -88778
  -89215
  -89302
  -89724
  -92289
  -95208
  -96203
  -96601
  -98123
  -99068
  -97744
  -96405
  -96643
  -96484
  -94526
  -93489
  -95537
  -98501
 -100212
 -102592
 -106461
 -108479
 -107012
 -104542
 -103071
 -100689
  -96085
  -92195
  -90691
  -89557
  -88434
  -90437
  -95237
  -99318
 -101910
 -105267
 -109239
 -110153
 -106474
 -101177
  -96765
  -92162
  -87439
  -85837
  -87645
  -89869
  -93021
  -99272
 -106758
 -111350
 -113098
 -113739
 -112271
 -107046
 -100372
  -94905
  -89912
  -83596
  -78372
  -77471
  -79269
  -81215
  -84834
  -91359
  -98767
 -104456
 -109739
 -115032
 -117006
 -114688
 -111106
 -107974
 -103091
  -96017
  -89408
  -84857
  -81320
  -78877
  -80162
  -85468
  -91120
  -96159
 -102410
 -109147
 -112850
 -112829
 -111412
 -108846
 -102767
  -94419
  -87327
  -82608
  -78560
  -76456
  -79052
  -83948
  -87760
  -92003
  -97638
 -102557
 -105580
 -107902
 -109191
 -107271
 -102899
  -99314
  -96846
  -93131
  -89312
  -88810
  -90730
  -91324
  -92376
  -96883
 -102934
 -106412
 -107753
 -109208
 -109442
 -105175
  -96796
  -88910
  -83609
  -78900
  -76916
  -79161
  -82874
  -85954
  -90635
  -98813
 -106489
 -109320
 -108470
 -106244
 -101917
  -96134
  -91338
  -86843
  -84458
  -84247
  -83000
  -81130
  -81098
  -86137
  -94673
 -101665
 -104903
 -104029
  -98942
  -87795
  -69318
  -47718
  -29313
  -17207
  -11102
  -12670
  -25075
  -47067
  -73189
 -100585
 -127974
 -151486
 -165724
 -170236
 -167945
 -158918
 -141745
 -118507
  -94154
  -72390
  -52875
  -36830
  -28490
  -31030
  -42571
  -58713
  -77959
  -99943
 -122074
 -138429
 -145708
 -144813
 -138062
 -126257
 -108640
  -87274
  -67273
  -53856
  -47869
  -47272
  -51181
  -61694
  -78432
  -96498
 -113053
 -128274
 -141017
 -147110
 -145220
 -138485
 -128324
 -112603
  -91105
  -69926
  -55035
  -46826
  -45935
  -55189
  -71399
  -88635
 -104752
 -119762
 -133757
 -142620
 -144297
 -140615
 -133492
 -121892
 -105626
  -88704
  -74929
  -64672
  -57342
  -55831
  -62261
  -73795
  -86383
 -100385
 -115953
 -129828
 -137827
 -139992
 -137987
 -130183
 -115610
  -98488
  -82812
  -68915
  -57350
  -51950
  -54319
  -61999
  -72394
  -85344
 -101001
 -115499
 -125184
 -130933
 -134004
 -132315
 -123948
 -112075
 -100646
  -88074
  -73654
  -61962
  -56923
  -58411
  -63846
  -73418
  -87820
 -104250
 -117899
 -127886
 -135122
 -137935
 -133500
 -124234
 -113396
 -100787
  -86106
  -73238
  -65572
  -61863
  -60560
  -64087
  -73691
  -86190
  -98476
 -111305
 -124023
 -132622
 -134878
 -132848
 -127999
 -118461
 -104143
  -89139
  -77332
  -68648
  -61724
  -59248
  -63607
  -72642
  -82690
  -93537
 -106016
 -117810
 -124789
 -127170
 -126788
 -122911
 -113684
 -101974
  -91594
  -82924
  -75077
  -70459
  -71676
  -77282
  -84022
  -92966
 -103948
 -113464
 -118603
 -119151
 -118213
 -116445
 -111317
 -104380
  -98954
  -94989
  -90740
  -87116
  -86142
  -87392
  -88711
  -91453
  -97258
 -103124
 -105805
 -107008
 -108558
 -108593
 -105099
 -100272
  -96825
  -93844
  -89604
  -86122
  -85827
  -86773
  -86139
  -86415
  -90415
  -97031
 -102700
 -107013
 -111390
 -115315
 -115748
 -112583
 -108833
 -105279
  -99904
  -93153
  -88153
  -85610
  -83471
  -82303
  -84651
  -89759
  -94706
  -99370
 -105631
 -111848
 -114222
 -113357
 -111923
 -109828
 -104754
  -98565
  -94377
  -91476
  -87903
  -85426
  -86373
  -89622
  -92196
  -95031
  -99618
 -103717
 -104884
 -104936
 -105747
 -105273
 -101924
  -98399
  -96715
  -94858
  -88679
  -79178
  -71956
  -68522
  -68967
  -75705
  -88221
 -101710
 -113318
 -123900
 -133009
 -137086
 -134527
 -127950
 -119038
 -106728
  -92398
  -80689
  -73286
  -68667
  -67673
  -72725
  -82656
  -93553
 -104678
 -117000
 -128281
 -134532
 -135863
 -134305
 -128855
 -117959
 -104351
  -91832
  -81033
  -70776
  -63912
  -63354
  -67799
  -74651
  -85530
  -99600
 -111805
 -120322
 -126465
 -130767
 -130876
 -124778
 -115776
 -106634
  -96636
  -85951
  -78335
  -75548
  -75392
  -77022
  -82392
  -90898
  -99061
 -106942
 -115352
 -121634
 -122947
 -121034
 -118426
 -114677
 -107882
 -100418
  -95147
  -90998
  -85339
  -78944
  -74646
  -72136
  -71010
  -72616
  -81227
  -98175
 -121871
 -144633
 -154750
 -143899
 -121048
  -94751
  -70130
  -54222
  -52217
  -58576
  -56270
  -47367
  -41380
  -49986
  -73551
  -97994
 -132094
 -168384
 -191412
 -192952
 -150227
 -102380
  -78535
  -67658
  -62037
  -65020
  -77556
  -94172
 -110296
 -126546
 -141567
 -151152
 -151778
 -145646
 -135560
 -120500
 -102020
  -84863
  -71310
  -61302
  -56336
  -59314
  -68827
  -79681
  -91985
 -107629
 -122965
 -132556
 -136962
 -137566
 -133060
 -124001
 -114042
 -106037
  -98881
  -92127
  -88500
  -89245
  -91129
  -93154
  -97747
 -104009
  -99391
  -81731
  -73265
  -76614
  -86696
  -99440
 -114003
 -129593
 -139347
 -141371
 -138711
 -133626
 -125510
 -112501
  -96751
  -82683
  -72786
  -65874
  -61828
  -63423
  -71746
  -83850
  -96450
 -109754
 -123696
 -134515
 -135682
 -119719
  -96305
  -73099
  -53693
  -43400
  -44420
  -55125
  -74471
 -100049
 -127049
 -148748
 -159145
 -160541
 -157559
 -149382
 -134257
 -113867
  -90515
  -58506
  -26175
  -13098
   -5933
   -3963
  -19116
  -52085
  -99575
 -139458
 -164233
 -186542
 -205383
 -210620
 -199958
 -174244
 -137414
  -94657
  -52384
  -20190
   -3321
   -1136
  -13417
  -40608
  -77981
 -117411
 -153896
 -182983
 -200125
 -202046
 -188783
 -169219
 -151665
 -148099
 -150907
 -138920
 -112003
  -71513
  -21493
   29084
   67459
   82978
   69772
   28172
  -34664
 -109277
 -184720
 -248612
 -290112
 -307797
 -305794
 -293329
 -268859
 -228503
 -165917
  -87656
   -3952
   64233
  105486
  121673
  112600
   81789
   28968
  -40984
 -120898
 -199330
 -263389
 -302784
 -311067
 -287590
 -238516
 -172662
  -98734
  -28853
   27019
   62902
   75924
   64786
   28663
  -25048
  -85259
 -145151
 -197361
 -233617
 -249850
 -247117
 -226774
 -189225
 -139050
  -85249
  -35624
    4781
   29991
   35043
   19782
  -11006
  -53881
 -105354
 -157690
 -200188
 -228312
 -240681
 -234775
 -209636
 -170044
 -123350
  -75328
  -30426
    4113
   21665
   20962
    4764
  -25617
  -68236
 -116354
 -160782
 -196109
 -219758
 -227938
 -217015
 -189683
 -151883
 -108130
  -62634
  -23289
    3219
   14615
   11506
   -7071
  -40158
  -81764
 -123764
 -162029
 -192724
 -210038
 -210467
 -196340
 -170848
 -135686
  -95118
  -57166
  -28122
   -9606
   -2792
  -10573
  -32930
  -64772
 -100443
 -137214
 -171619
 -196908
 -207859
 -205021
 -190567
 -164382
 -128592
  -90131
  -54743
  -24817
   -3592
    2852
   -6751
  -27927
  -57966
  -94823
 -132822
 -164188
 -185580
 -196290
 -194236
 -177819
 -150977
 -119618
  -86770
  -54984
  -30650
  -19129
  -19759
  -30131
  -50517
  -79837
 -111938
 -139934
 -160581
 -173197
 -176695
 -169033
 -152463
 -131632
 -108561
  -83639
  -61406
  -46742
  -40707
  -42052
  -51893
  -70655
  -94347
 -117546
 -138176
 -155009
 -164651
 -163918
 -155069
 -141157
 -122675
 -101096
  -81697
  -68087
  -59944
  -57471
  -63334
  -76373
  -91818
 -107733
 -124681
 -140049
 -148833
 -150148
 -146065
 -136566
 -120274
 -100428
  -82197
  -67069
  -54736
  -48152
  -50432
  -60213
  -73887
  -90485
 -109189
 -126346
 -138317
 -146187
 -149738
 -146516
 -135662
 -121076
 -106816
  -93018
  -79503
  -69686
  -66854
  -69790
  -75896
  -86096
 -100462
 -115193
 -126713
 -135632
 -141793
 -142355
 -137227
 -129300
 -119283
 -106855
  -95437
  -87616
  -82511
  -79760
  -81995
  -89207
  -97668
 -105483
 -114162
 -124136
 -132121
 -134843
 -132378
 -126148
 -118841
 -111048
 -101163
  -90179
  -81707
  -78656
  -79581
  -82215
  -87821
  -97458
 -108176
 -115789
 -120752
 -124386
 -125109
 -120727
 -113559
 -106153
  -97912
  -88991
  -83155
  -81920
  -82994
  -85834
  -92444
 -102383
 -111080
 -116720
 -121075
 -125136
 -126420
 -123268
 -117565
 -112748
 -109372
 -105023
  -99531
  -93719
  -88673
  -83156
  -76786
  -73221
  -76450
  -86687
  -99709
 -112863
 -126327
 -139375
 -147944
 -149138
 -145041
 -137539
 -125860
 -110340
  -95011
  -82840
  -73192
  -66363
  -65596
  -71594
  -80894
  -91033
 -102949
 -116328
 -127228
 -133466
 -136626
 -138061
 -136164
 -128446
 -116538
 -104543
  -94447
  -84202
  -75231
  -71274
  -74010
  -81072
  -89956
 -101346
 -115550
 -129089
 -137703
 -141432
 -141975
 -138735
 -129610
 -116329
 -103498
  -93307
  -84618
  -77858
  -75343
  -78873
  -86423
  -94592
 -102716
 -111418
 -121890
 -131776
 -136627
 -135912
 -132206
 -127227
 -118872
 -107053
  -95565
  -87879
  -83380
  -80254
  -80496
  -85925
  -94581
 -103237
 -112401
 -122475
 -130045
 -132335
 -131028
 -127772
 -121111
 -110396
  -98460
  -89044
  -82825
  -78316
  -76100
  -78301
  -86082
  -96578
 -106099
 -113782
 -120585
 -127379
 -131509
 -129975
 -124033
 -117187
 -110566
 -102346
  -92985
  -85601
  -83167
  -84038
  -85308
  -87447
  -92419
 -100155
 -107074
 -111724
 -116153
 -121286
 -124404
 -123412
 -119146
 -113818
 -107810
  -98413
  -88477
  -83529
  -85505
  -90804
  -97158
 -106060
 -117847
 -128495
 -134266
 -135487
 -134377
 -131894
 -126087
 -116353
 -105262
  -95939
  -88922
  -82551
  -78516
  -80035
  -86736
  -94698
 -102341
 -110910
 -120253
 -126762
 -128474
 -127614
 -125771
 -121630
 -114591
 -108579
 -105406
 -102844
  -99988
  -99032
 -101819
 -106385
 -109016
 -109743
 -110981
 -113328
 -114046
 -111962
 -109195
 -107882
 -106933
 -103805
  -99343
  -96444
  -95766
  -94735
  -92985
  -92899
  -96269
 -101168
 -104980
 -108551
 -113680
 -119163
 -121342
 -120068
 -117877
 -115902
 -112055
 -105815
 -100660
  -98557
  -97644
  -96663
  -97903
 -102408
 -107384
 -110739
 -114172
 -118366
 -120849
 -119465
 -116239
 -113344
 -109461
 -103403
  -98158
  -95870
  -94998
  -93713
  -93444
  -96594
 -103198
 -109769
 -114483
 -117843
 -121324
 -125237
 -126610
 -123284
 -117381
 -112230
 -108515
 -103759
  -97648
  -93098
  -92328
  -93411
  -94303
  -97208
 -103412
 -109952
 -114316
 -117900
 -121786
 -123917
 -121736
 -117121
 -113206
 -109409
 -103653
  -98246
  -95889
  -95776
  -95605
  -96439
 -100739
 -107566
 -112708
 -116229
 -120039
 -123911
 -124811
 -124193
 -121868
 -119044
 -114295
 -100293
  -81368
  -69346
  -66618
  -69466
  -75808
  -87293
 -106098
 -125712
 -139826
 -146605
 -148256
 -143683
 -122144
  -82782
  -38726
   -6194
    5643
   -9512
  -62167
 -155256
 -271551
 -385088
 -474896
 -526841
 -531288
 -483678
 -385632
 -251494
 -101860
   45161
  171342
  257980
  291940
  271070
  202717
   96702
  -34260
 -172490
 -296078
 -387947
 -438986
 -443629
 -399450
 -313202
 -200043
  -76660
   41880
  139367
  200087
  215823
  188327
  123082
   26221
  -89284
 -204849
 -304711
 -377760
 -415240
 -410084
 -361995
 -280427
 -179454
  -71628
   29794
  108812
  152854
  157759
  125952
   61433
  -28465
 -130325
 -227237
 -306966
 -361385
 -383049
 -367021
 -316978
 -242733
 -154069
  -60259
   24784
   87430
  120125
  120569
   87730
   24753
  -58746
 -148410
 -231769
 -299762
 -342701
 -352308
 -328403
 -277712
 -208205
 -126385
  -43058
   27526
   74535
   94277
   86041
   49088
  -12499
  -87968
 -165018
 -235095
 -290146
 -321003
 -321980
 -295390
 -246623
 -180666
 -105932
  -35434
   21088
   58496
   72286
   58526
   18870
  -37904
 -102815
 -169105
 -228285
 -269949
 -287874
 -282354
 -255217
 -208133
 -147358
  -83915
  -27706
   15580
   40388
   41241
   18663
  -21353
  -73140
 -131623
 -188343
 -232836
 -259417
 -266794
 -254402
 -221759
 -172771
 -116608
  -62896
  -17333
   15887
   30950
   23894
   -2728
  -42125
  -89989
 -141957
 -189811
 -224908
 -244577
 -247991
 -233343
 -201159
 -157822
 -111539
  -67514
  -29354
   -3552
    4436
   -5405
  -29138
  -64744
 -109248
 -154705
 -192506
 -219235
 -233073
 -230653
 -210322
 -176791
 -136754
  -94554
  -54217
  -23067
   -6952
   -6452
  -19480
  -45658
  -82941
 -124693
 -162945
 -194023
 -215135
 -221722
 -211377
 -187834
 -156256
 -119678
  -81518
  -49108
  -28003
  -18722
  -20942
  -36920
  -65205
  -98805
 -131456
 -160853
 -184290
 -196934
 -196572
 -186180
 -167772
 -141518
 -110480
  -81182
  -57781
  -40967
  -32592
  -35968
  -50243
  -71007
  -95628
 -122972
 -148698
 -166377
 -174387
 -174903
 -167849
 -151942
 -130924
 -110398
  -92085
  -74569
  -57645
  -38682
  -20634
  -13770
  -24095
  -51949
  -91729
 -136096
 -177418
 -210710
 -231734
 -236000
 -222760
 -196253
 -159980
 -115584
  -68949
  -29202
   -2010
   10864
    7990
  -12139
  -46805
  -88965
 -133721
 -177227
 -213072
 -233406
 -236051
 -223302
 -196980
 -158465
 -113395
  -70220
  -34178
   -7923
    4213
   -1097
  -22970
  -55160
  -93332
 -134667
 -172375
 -199071
 -212952
 -214847
 -203882
 -179042
 -144780
 -108014
  -73460
  -43473
  -23084
  -17168
  -25089
  -43007
  -69659
 -103503
 -138662
 -167268
 -186376
 -196255
 -195521
 -181886
 -158219
 -129922
 -100014
  -69886
  -44887
  -30680
  -28240
  -35375
  -52124
  -78184
 -108623
 -136510
 -160015
 -178330
 -187488
 -183696
 -169022
 -146803
 -119362
  -88796
  -61753
  -44202
  -36902
  -38448
  -49570
  -70191
  -95294
 -119146
 -140190
 -158011
 -169125
 -169559
 -161230
 -147310
 -128860
 -106196
  -84517
  -68898
  -60173
  -57501
  -61970
  -74661
  -92308
 -110297
 -127660
 -143413
 -154997
 -159163
 -156532
 -149512
 -137924
 -121111
 -103162
  -88681
  -78135
  -70529
  -68812
  -74698
  -85291
  -97145
 -110052
 -124108
 -135751
 -141536
 -143457
 -142763
 -136646
 -125366
 -114579
 -105946
  -96258
  -86584
  -81380
  -81688
  -85496
  -90398
  -96924
 -105751
 -114683
 -121796
 -126802
 -129899
 -130274
 -128192
 -125129
 -122164
 -117333
 -109374
 -101770
  -97248
  -94602
  -91958
  -91854
  -94922
  -98494
 -100905
 -104598
 -110422
 -114920
 -116781
 -118019
 -119473
 -119338
 -116041
 -112798
 -111064
 -109001
 -106789
 -106713
 -109309
 -111624
 -113349
 -116386
 -119312
 -119311
 -117664
 -116307
 -114620
 -108846
 -100604
  -94703
  -91049
  -87401
  -85310
  -87426
  -92351
  -96982
 -103000
 -111765
 -120686
 -126229
 -129272
 -131430
 -130954
 -125563
 -116979
 -108561
 -100735
  -92229
  -86147
  -86037
  -91204
  -98461
 -106485
 -116501
 -126035
 -131675
 -134137
 -134101
 -129892
 -121765
 -118752
 -126737
 -137626
 -143765
 -139633
 -126828
 -107409
  -85575
  -68104
  -58285
  -55564
  -59836
  -71841
  -89394
 -108043
 -125501
 -141930
 -155552
 -161586
 -157607
 -146624
 -132532
 -115697
  -97616
  -82400
  -73864
  -70768
  -71818
  -78757
  -91706
 -106249
 -118622
 -129764
 -138587
 -142692
 -141225
 -136913
 -129704
 -118262
 -104572
  -93467
  -86106
  -80742
  -79067
  -83030
  -91558
 -101120
 -111783
 -124412
 -136413
 -143152
 -143921
 -141076
 -133562
 -118915
 -100917
  -86700
  -78398
  -74796
  -77473
  -87144
  -99791
 -111016
 -121629
 -131467
 -137444
 -137616
 -134005
 -128689
 -120370
 -108874
  -97955
  -90520
  -85698
  -82355
  -82252
  -87322
  -95966
 -104365
 -111761
 -119248
 -125579
 -128341
 -129027
 -128798
 -121742
  -99064
  -72583
  -49546
  -33484
  -25457
  -25530
  -35007
  -51576
  -71503
  -92745
 -114213
 -131383
 -140572
 -145326
 -148099
 -147941
 -141951
 -130489
 -117240
 -104848
  -94634
  -88566
  -88993
  -95423
 -103540
 -112412
 -123013
 -131951
 -135920
 -134517
 -129887
 -124880
 -116851
 -106925
  -98769
  -93511
  -89052
  -84890
  -84200
  -88324
  -94417
 -100329
 -107700
 -117138
 -125539
 -130425
 -133027
 -134681
 -133885
 -128586
 -119785
 -110479
 -101732
  -92524
  -85432
  -83652
  -86308
  -90470
  -97045
 -107003
 -117871
 -125889
 -131447
 -135606
 -136074
 -130774
 -121210
 -109612
  -98230
  -88300
  -82065
  -79876
  -79314
  -80851
  -86974
  -96785
 -106798
 -116735
 -126913
 -134662
 -137073
 -134973
 -130985
 -125592
 -116525
 -104522
  -94794
  -89842
  -86489
  -85519
  -91562
 -101661
 -110497
 -116138
 -119825
 -124025
 -128328
 -129143
 -125732
 -121110
 -116268
 -109373
 -101553
  -96183
  -93201
  -90468
  -89641
  -92832
  -98535
 -104072
 -110202
 -117938
 -124801
 -128046
 -129358
 -130431
 -129212
 -124147
 -117885
 -112181
 -106022
  -99561
  -96414
  -97638
  -99665
 -100456
 -102569
 -108014
 -114343
 -118767
 -124688
 -147293
 -177987
 -186830
 -174808
 -151432
 -121084
  -84957
  -49811
  -25066
  -13468
  -14768
  -30796
  -59353
  -93509
 -128315
 -160450
 -184394
 -194105
 -189267
 -172809
 -145869
 -111197
  -76024
  -45764
  -22995
  -12208
  -16187
  -32058
  -56435
  -88005
 -121971
 -151064
 -172394
 -185229
 -186641
 -174639
 -152895
 -126703
  -97943
  -68774
  -45244
  -31755
  -28205
  -33104
  -47189
  -70016
  -96625
 -122590
 -146518
 -165334
 -174140
 -172589
 -163198
 -146051
 -121696
  -95232
  -71933
  -53229
  -39883
  -35616
  -42652
  -58211
  -78178
 -101391
 -126496
 -148784
 -163014
 -168331
 -166359
 -157038
 -139145
 -116067
  -92522
  -72146
  -56143
  -47256
  -48558
  -58447
  -73201
  -92013
 -113536
 -133145
 -146808
 -155286
 -158568
 -154130
 -141836
 -125736
 -109424
  -92926
  -77261
  -66955
  -64609
  -67974
  -75937
  -89740
 -108032
 -125966
 -140255
 -151052
 -157833
 -157392
 -148783
 -135450
 -120847
 -104884
  -88586
  -76780
  -71941
  -72296
  -76616
  -86327
 -101314
 -117113
 -130200
 -140937
 -149211
 -152402
 -148712
 -140817
 -130883
 -118094
 -102885
  -89025
  -79676
  -74096
  -71847
  -75598
  -85843
  -99198
 -112509
 -126153
 -139528
 -148616
 -151344
 -149842
 -144770
 -134446
 -120510
 -107558
  -96726
  -86749
  -79779
  -78877
  -83535
  -90549
  -99510
 -111601
 -125335
 -136600
 -144915
 -150755
 -152042
 -147699
 -140663
 -132149
 -120800
 -109263
 -101652
  -97702
  -95378
  -94843
  -97997
 -105584
 -114445
 -120870
 -122595
 -121604
 -121940
 -122682
 -121257
 -118480
 -117731
 -118346
 -117887
 -117312
 -118282
 -118978
 -117720
 -117009
 -118052
 -118396
 -118153
 -119904
 -122477
 -123523
 -124714
 -126867
 -126729
 -123921
 -122566
 -122251
 -119437
 -115869
 -113965
 -112226
 -110214
 -110226
 -111747
 -112836
 -115532
 -120035
 -123432
 -125720
 -128301
 -129010
 -126468
 -123586
 -121562
 -118488
 -113718
 -108637
 -105471
 -105960
 -108607
 -111123
 -114291
 -120066
 -126988
 -131237
 -133247
 -134186
 -130841
 -123455
 -114368
 -107199
 -103802
 -103048
 -103502
 -106126
 -112168
 -119968
 -127151
 -132741
 -137298
 -140526
 -139700
 -134363
 -127532
 -121706
 -115884
 -110861
 -107895
 -107281
 -108209
 -108971
 -110796
 -114899
 -119410
 -122347
 -124500
 -126646
 -127259
 -125246
 -122783
 -121237
 -118661
 -114395
 -110872
 -109734
 -109681
 -108872
 -108252
 -110686
 -116530
 -121354
 -123090
 -123855
 -126384
 -128646
 -127011
 -123212
 -120579
 -119361
 -116990
 -113488
 -111397
 -111585
 -111506
 -110644
 -111773
 -114812
 -117048
 -117972
 -119936
 -123034
 -124666
 -124873
 -125841
 -127791
 -128290
 -127003
 -125594
 -125318
 -123795
 -120072
 -117877
 -118073
 -117102
 -114503
 -113335
 -115953
 -118424
 -119199
 -120375
 -122463
 -125086
 -124754
 -122567
 -121363
 -120329
 -117326
 -114380
 -114019
 -115297
 -116011
 -117355
 -120605
 -123772
 -124447
 -124510
 -125761
 -126287
 -124291
 -121712
 -120475
 -118998
 -115591
 -112614
 -111893
 -111831
 -110757
 -110803
 -113144
 -115736
 -116740
 -118060
 -120964
 -122903
 -121387
 -118343
 -116053
 -113495
 -109951
 -108846
 -111526
 -115128
 -117691
 -120253
 -123752
 -126539
 -127701
 -129422
 -131042
 -129612
 -126049
 -122577
 -117948
 -111256
 -105731
 -102449
  -99720
  -98296
 -100943
 -107229
 -113732
 -119257
 -125059
 -131555
 -136109
 -136440
 -133921
 -130996
 -127599
 -121858
 -115533
 -111405
 -107004
 -101660
  -97679
  -98045
 -102931
 -109004
 -114485
 -120482
 -127467
 -132724
 -134422
 -134713
 -134506
 -131340
 -125324
 -119629
 -114644
 -108797
 -104297
 -102821
 -102529
 -102625
 -105638
 -109232
 -104202
  -98137
 -103649
 -126911
 -157294
 -174137
 -179402
 -173292
 -155298
 -130103
 -103843
  -81967
  -66302
  -56680
  -54750
  -62387
  -79521
 -101927
 -125173
 -147530
 -167612
 -181785
 -185551
 -178928
 -165381
 -146374
 -122129
  -96542
  -75456
  -61986
  -55463
  -57014
  -68774
  -88952
 -111710
 -133669
 -154246
 -170883
 -178484
 -175615
 -164809
 -148582
 -127424
 -103309
  -82062
  -67265
  -57097
  -52377
  -58351
  -76461
 -102953
 -131801
 -160150
 -185170
 -200852
 -203977
 -196515
 -179585
 -153190
 -121768
  -91992
  -67208
  -48567
  -39813
  -44427
  -60813
  -83796
 -109808
 -136667
 -161763
 -179567
 -186373
 -183343
 -173441
 -157163
 -134400
 -109559
  -87963
  -71752
  -61426
  -60379
  -69766
  -85851
 -105322
 -128004
 -151984
 -171581
 -182736
 -186332
 -184163
 -174945
 -157924
 -136688
 -115834
  -98308
  -83140
  -70605
  -64184
  -67110
  -78334
  -93059
 -109209
 -127350
 -145694
 -159025
 -164753
 -164077
 -158241
 -146684
 -130993
 -114961
 -100711
  -86922
  -73662
  -68294
  -75130
  -90699
 -112275
 -137926
 -163154
 -179661
 -182672
 -171328
 -148709
 -121187
  -92680
  -63559
  -35904
  -14847
   -5010
   -6007
  -13918
  -27141
  -45547
  -68412
  -92273
 -111429
 -120275
 -117310
 -102638
  -79571
  -48886
  -10665
   30146
   64421
   88661
  102723
  103019
   86768
   57176
   21678
  -14709
  -49605
  -80360
 -102800
 -114038
 -114034
 -105223
  -89188
  -66072
  -37530
   -7992
   15886
   32319
   40911
   38406
   22883
   -3427
  -33926
  -65283
  -95955
 -120969
 -134796
 -137094
 -128248
 -106943
  -74150
  -37702
   -5019
   22225
   41510
   48318
   41914
   24325
   -5150
  -44445
  -85049
 -116958
 -134894
 -143733
 -140548
 -111275
  -72674
  -41286
  -19910
   -7082
   -2750
   -9175
  -26083
  -48152
  -69596
  -89293
 -106926
 -119077
 -121789
 -116498
 -106449
  -92403
  -74632
  -57262
  -44003
  -35202
  -30403
  -32468
  -42658
  -57431
  -73647
  -91695
 -110137
 -124103
 -130064
 -129355
 -123398
 -111724
  -95791
  -79962
  -67047
  -56033
  -48158
  -46929
  -52159
  -63311
  -78568
  -95789
 -112093
 -122950
 -127963
 -129439
 -131268
 -129248
 -117455
 -101245
  -83881
  -65943
  -50656
  -42406
  -42142
  -47771
  -59424
  -77276
  -97649
 -115346
 -129122
 -129517
 -111665
  -94649
  -83559
  -79463
  -80548
  -84840
  -93254
 -104802
 -114211
 -121323
 -127836
 -131332
 -127349
 -113917
  -96110
  -78263
  -61162
  -47152
  -39924
  -39623
  -45392
  -57921
  -76496
  -97457
 -117265
 -135840
 -153262
 -165451
 -167564
 -160892
 -147238
 -125838
 -100693
  -79254
  -62261
  -45997
  -34319
  -34948
  -48136
  -68393
  -92541
 -121563
 -151954
 -176529
 -191474
 -194570
 -187344
 -172392
 -151822
 -127580
 -101256
  -74798
  -53560
  -43118
  -44326
  -58034
  -83156
 -114362
 -149919
 -189627
 -226656
 -251098
 -259686
 -253245
 -233577
 -208210
 -186011
 -168646
 -155868
 -153793
 -166301
 -190435
 -222177
 -258054
 -294222
 -324583
 -349050
 -370346
 -386783
 -397108
 -402918
 -399206
 -376043
 -332026
 -272848
 -202958
 -126686
  -56980
   -6823
   18931
   18667
  -10523
  -65611
 -136617
 -213040
 -288901
 -355885
 -401559
 -417400
 -403267
 -362530
 -298733
 -220242
 -140722
  -71850
  -19899
    9220
    9530
  -18711
  -67898
 -131207
 -202911
 -272011
 -326794
 -361850
 -374345
 -361163
 -323138
 -267597
 -202338
 -135030
  -77661
  -42037
  -31844
  -44247
  -76767
 -125488
 -181338
 -233959
 -278762
 -312382
 -327718
 -320619
 -294559
 -253838
 -201819
 -146095
  -96726
  -59675
  -37241
  -31992
  -44941
  -75956
 -120326
 -169585
 -216986
 -257360
 -287206
 -303711
 -302065
 -280948
 -244572
 -199487
 -149810
 -100148
  -59954
  -36924
  -32003
  -43119
  -70131
 -110795
 -157662
 -202548
 -241577
 -270893
 -284469
 -279043
 -258001
 -226511
 -187308
 -143092
 -101920
  -72121
  -55793
  -51788
  -61365
  -86142
 -121859
 -160310
 -196853
 -229052
 -252186
 -259789
 -250807
 -229166
 -198662
 -160972
 -120493
  -84430
  -60460
  -51354
  -54891
  -70034
  -96494
 -131335
 -167427
 -198607
 -222991
 -238654
 -241658
 -230411
 -208793
 -181178
 -149282
 -116215
  -88677
  -71286
  -64148
  -67440
  -83150
 -109376
 -139416
 -168591
 -195456
 -217272
 -228476
 -226204
 -212582
 -191998
 -166633
 -137515
 -109022
  -86270
  -74519
  -74274
  -81851
  -94548
 -113114
 -138682
 -166377
 -190603
 -210087
 -222365
 -223690
 -212799
 -194103
 -171202
 -144507
 -117498
  -97643
  -89195
  -90107
 -100447
 -120704
 -147291
 -175962
 -206975
 -240770
 -272982
 -298738
 -316697
 -324999
 -320475
 -302878
 -276882
 -246104
 -211547
 -176439
 -146214
 -124311
 -112317
 -113329
 -130242
 -162956
 -212335
 -279124
 -355959
 -429940
 -490346
 -527818
 -533212
 -504261
 -445689
 -363350
 -266100
 -166302
  -73510
    4738
   57750
   75050
   55967
    7651
  -64266
 -149894
 -233911
 -305325
 -358981
 -388924
 -391479
 -369256
 -323773
 -257624
 -179286
 -100488
  -30974
   20445
   46392
   44194
   15688
  -37063
 -108012
 -184570
 -255895
 -314811
 -352924
 -364180
 -350373
 -315869
 -264611
 -205088
 -146864
  -95272
  -55991
  -35595
  -35521
  -54040
  -89806
 -137797
 -188750
 -235383
 -273450
 -297764
 -301886
 -284528
 -250678
 -207049
 -157319
 -106345
  -63146
  -36106
  -27327
  -35454
  -61517
 -104940
 -158885
 -213869
 -263729
 -302962
 -324159
 -322431
 -300163
 -261784
 -210658
 -152913
  -98798
  -55744
  -27048
  -17005
  -29232
  -60883
 -104626
 -155598
 -209019
 -256087
 -288306
 -303329
 -301221
 -280983
 -244213
 -198569
 -152581
 -111179
  -77518
  -57393
  -54379
  -66422
  -90953
 -126758
 -167805
 -205787
 -237281
 -259680
 -268155
 -260478
 -239970
 -210398
 -173649
 -134078
  -98886
  -75166
  -64965
  -66218
  -78899
 -102306
 -135135
 -172767
 -206859
 -231906
 -246134
 -250091
 -242266
 -220952
 -190256
 -157545
 -127169
 -100761
  -82926
  -77899
  -84451
  -99554
 -123467
 -152905
 -181063
 -205217
 -223696
 -232276
 -228497
 -215376
 -195974
 -170898
 -142243
 -114950
  -93989
  -84438
  -87626
  -99786
 -117506
 -138811
 -162172
 -185378
 -203465
 -214346
 -220102
 -220717
 -213851
 -200729
 -185775
 -169650
 -151491
 -135496
 -125487
 -120338
 -118621
 -122876
 -134439
 -150007
 -165509
 -179192
 -190656
 -200477
 -205699
 -202601
 -191960
 -176783
 -161491
 -148005
 -134613
 -122738
 -116341
 -118346
 -127010
 -137836
 -149483
 -162136
 -175680
 -186674
 -191122
 -189165
 -183408
 -176604
 -168060
 -156170
 -143671
 -134977
 -131021
 -129076
 -128841
 -132895
 -142059
 -152607
 -161321
 -168765
 -176020
 -180811
 -179899
 -175419
 -170154
 -163327
 -153956
 -145383
 -140468
 -137908
 -136445
 -138505
 -145230
 -153921
 -161144
 -167268
 -173709
 -178631
 -178585
 -173873
 -167394
 -160691
 -152248
 -142416
 -134395
 -131738
 -134562
 -139530
 -145250
 -152184
 -161752
 -172358
 -179121
 -180917
 -180122
 -177965
 -172514
 -163094
 -153007
 -145305
 -139247
 -133534
 -130899
 -133224
 -138110
 -142749
 -148316
 -155740
 -162501
 -165878
 -167528
 -169258
 -169090
 -164859
 -159009
 -154652
 -151087
 -146416
 -142211
 -141365
 -144463
 -147957
 -150534
 -154538
 -159851
 -163547
 -164321
 -164406
 -165286
 -164766
 -161129
 -156765
 -153987
 -151483
 -147552
 -144870
 -145247
 -146500
 -146770
 -147698
 -150771
 -153991
 -154929
 -155111
 -156649
 -157178
 -153972
 -151808
 -152949
 -154165
 -153279
 -152607
 -153394
 -153536
 -152902
 -153973
 -155534
 -154943
 -154235
 -156072
 -157259
 -155718
 -153153
 -152157
 -152962
 -152480
 -149348
 -144712
 -141439
 -142258
 -145743
 -147764
 -148404
 -149922
 -149566
 -140955
 -123988
 -111702
 -115202
 -118876
 -105638
  -83518
  -64901
  -60561
  -94347
 -184161
 -302259
 -396780
 -420255
 -388851
 -343859
 -297738
 -234983
 -158409
  -82379
   -5556
   60536
   99342
  106140
   80774
   25121
  -53222
 -140656
 -222787
 -287756
 -330559
 -352963
 -353167
 -328632
 -279026
 -211019
 -138722
  -75353
  -28970
   -2585
    4615
   -5954
  -36627
  -80641
 -131562
 -186373
 -234989
 -272844
 -291427
 -291104
 -272040
 -233441
 -183315
 -125965
  -72921
  -34086
  -13626
  -13741
  -30428
  -61300
 -104163
 -156380
 -210119
 -254807
 -284934
 -295047
 -284364
 -254951
 -209114
 -153236
  -96297
  -48235
  -14879
    1960
   -1953
  -27720
  -70484
 -122430
 -173936
 -219165
 -255511
 -277435
 -280189
 -264451
 -229449
 -179250
 -120965
  -63247
  -19636
    2671
   12631
   17603
    3044
  -32291
  -79765
 -134469
 -181410
 -271889
 -413520
 -551469
 -642169
 -632244
 -514549
 -332100
 -136662
   51629
  207689
  311971
  350610
  317468
  218045
   69756
 -103635
 -279144
 -435508
 -551224
 -608774
 -600382
 -530537
 -410964
 -256386
  -87977
   68149
  189271
  261505
  276913
  232510
  134273
   -1564
 -153828
 -302896
 -430506
 -518285
 -552535
 -530331
 -457221
 -343785
 -203980
  -57640
   71888
  165713
  213822
  211411
  157519
   59276
  -66462
 -199349
 -322521
 -422058
 -483532
 -495636
 -458837
 -381197
 -273014
 -147365
  -23110
   80054
  148739
  176734
  160515
  100829
    6460
 -106138
 -221345
 -325385
 -403129
 -443278
 -442255
 -401320
 -324962
 -224845
 -118433
  -20229
   59368
  110066
  123371
   96512
   35812
  -47363
 -143146
 -239958
 -322115
 -377070
 -400112
 -388462
 -342160
 -269839
 -184262
  -95662
  -15175
   43944
   74723
   74844
   43130
  -15983
  -91176
 -171201
 -245986
 -305861
 -344921
 -357773
 -340569
 -294376
 -226885
 -149643
  -75314
  -13442
   30717
   50367
   40868
    3627
  -53875
 -121581
 -192537
 -260054
 -313179
 -341446
 -342901
 -319470
 -273254
 -208282
 -134366
  -63154
   -6347
   28406
   39850
   27131
   -9011
  -65083
 -133077
 -200218
 -257141
 -297870
 -319242
 -316895
 -288874
 -239914
 -179434
 -116997
  -58835
  -12281
   15094
   17593
   -4149
  -43816
  -95486
 -153990
 -213153
 -263211
 -294772
 -304140
 -292628
 -262812
 -216373
 -158525
  -98671
  -47529
  -11638
    7357
    7136
  -15265
  -57083
 -109313
 -163721
 -214668
 -257174
 -283796
 -288734
 -272903
 -241087
 -197190
 -144818
  -92290
  -49279
  -20839
   -8422
  -14981
  -41053
  -80924
 -126998
 -174930
 -218596
 -249936
 -265182
 -264484
 -247382
 -214363
 -170270
 -122196
  -78564
  -46931
  -30028
  -27067
  -38511
  -64174
 -101990
 -145641
 -186871
 -220359
 -243633
 -253150
 -245531
 -222773
 -190113
 -151906
 -111708
  -75245
  -49619
  -38364
  -40278
  -54954
  -82504
 -118777
 -156083
 -189348
 -216328
 -233800
 -237278
 -226047
 -204387
 -175860
 -141838
 -106264
  -76477
  -58037
  -51292
  -55214
  -70012
  -95561
 -129185
 -164135
 -193426
 -213826
 -225061
 -226629
 -216120
 -193584
 -163197
 -131615
 -103948
  -81220
  -65024
  -58760
  -65708
  -84529
 -109655
 -137014
 -164712
 -190329
 -208518
 -215572
 -212773
 -202303
 -183912
 -157499
 -128256
 -102643
  -83213
  -69713
  -64163
  -69406
  -85243
 -106766
 -129735
 -153476
 -176463
 -193785
 -201133
 -198700
 -189491
 -174860
 -154197
 -130125
 -107674
  -91926
  -84498
  -82849
  -87032
  -98885
 -117718
 -138476
 -156734
 -171866
 -184177
 -191001
 -188532
 -177483
 -161820
 -144675
 -126053
 -107216
  -93187
  -87364
  -88415
  -94220
 -105443
 -122585
 -142192
 -158780
 -170725
 -178835
 -182120
 -177573
 -166144
 -152220
 -138378
 -124163
 -110721
 -102217
 -100388
 -102910
 -107977
 -116899
 -129330
 -141140
 -149541
 -156155
 -160732
 -160244
 -154254
 -146368
 -138802
 -130125
 -120822
 -115233
 -115629
 -119294
 -124602
 -133528
 -145587
 -155719
 -159685
 -156883
 -149335
 -139464
 -129595
 -121915
 -116666
 -111778
 -108382
 -109391
 -114116
 -121467
 -133392
 -150483
 -166955
 -174962
 -174140
 -167910
 -157439
 -143137
 -128451
 -117644
 -111737
 -107906
 -106798
 -111340
 -121133
 -132309
 -142739
 -152969
 -161958
 -165275
 -161923
 -155389
 -147583
 -135617
 -119410
 -106670
 -101136
 -101459
 -108391
 -122999
 -142252
 -161496
 -180357
 -196238
 -204721
 -204911
 -198690
 -185779
 -166622
 -146088
 -127646
 -111174
  -99069
  -95665
 -101594
 -113191
 -127615
 -144700
 -163542
 -179426
 -188396
 -190608
 -188270
 -181481
 -168026
 -148881
 -128237
 -110624
  -97161
  -87066
  -83059
  -88180
 -100929
 -116792
 -133761
 -152115
 -169728
 -181511
 -186165
 -186148
 -181861
 -171255
 -156315
 -141707
 -128684
 -116376
 -107254
 -104880
 -108797
 -115646
 -126170
 -140448
 -153990
 -162952
 -168048
 -170763
 -169150
 -161228
 -149319
 -136748
 -127482
 -122608
 -119719
 -119757
 -125991
 -137496
 -148932
 -157343
 -164107
 -170328
 -173046
 -170332
 -165219
 -159072
 -149142
 -134843
 -120872
 -111295
 -106100
 -105963
 -113405
 -128802
 -147611
 -164778
 -179742
 -191973
 -197491
 -193587
 -183221
 -168727
 -149241
 -126538
 -106385
  -92002
  -82446
  -78510
  -81714
  -93659
 -113558
 -136197
 -156799
 -173612
 -186172
 -193105
 -191853
 -182863
 -169350
 -153486
 -134995
 -116361
 -102851
  -96534
  -95602
 -100289
 -112177
 -129120
 -145696
 -160588
 -173990
 -182974
 -185100
 -182665
 -177261
 -167167
 -152926
 -138972
 -128515
 -120342
 -113151
 -108509
 -107891
 -113446
 -124333
 -135856
 -145649
 -154636
 -163866
 -170510
 -171059
 -167128
 -161630
 -154192
 -143253
 -131509
 -122988
 -118343
 -115308
 -115231
 -120499
 -129465
 -138788
 -148705
 -159672
 -169487
 -174606
 -175337
 -172579
 -164408
 -150885
 -137265
 -126534
 -117883
 -111464
 -109960
 -113588
 -119612
 -127382
 -137498
 -147391
 -153873
 -158156
 -161463
 -161889
 -157829
 -152200
 -147043
 -140643
 -132643
 -126005
 -123717
 -124865
 -126328
 -128222
 -132196
 -138549
 -142906
 -144017
 -145540
 -148197
 -149194
 -148576
 -148675
 -148571
 -145923
 -142544
 -140758
 -139407
 -136380
 -133140
 -132867
 -135458
 -137520
 -138378
 -139895
 -143234
 -145889
 -146068
 -146157
 -146880
 -145803
 -142487
 -139747
 -138045
 -135630
 -133883
 -134796
 -136917
 -138643
 -141866
 -146858
 -150800
 -153030
 -154977
 -155002
 -150766
 -144256
 -138823
 -134204
 -128519
 -123884
 -123245
 -125670
 -128142
 -130875
 -135694
 -143517
 -150986
 -155198
 -157163
 -158925
 -159658
 -156017
 -148132
 -139667
 -132639
 -125206
 -118594
 -116263
 -118430
 -122221
 -127944
 -137041
 -147322
 -154850
 -159523
 -163125
 -164536
 -161153
 -154735
 -148341
 -142063
 -134917
 -129494
 -129181
 -132895
 -136881
 -141377
 -147673
 -153360
 -155560
 -156059
 -157139
 -156862
 -152598
 -146778
 -142034
 -136668
 -129646
 -124779
 -124119
 -125670
 -127941
 -132429
 -140433
 -149693
 -156553
 -161279
 -165665
 -168606
 -167288
 -161756
 -154760
 -147409
 -138486
 -128326
 -121464
 -119296
 -119872
 -123772
 -133011
 -145080
 -154738
 -161610
 -167433
 -170892
 -169219
 -162553
 -154402
 -144880
 -132823
 -121227
 -114048
 -111523
 -111865
 -116431
 -126272
 -138375
 -149392
 -160167
 -169597
 -174005
 -173649
 -170610
 -164495
 -154659
 -144038
 -135332
 -127955
 -120905
 -116106
 -117053
 -123459
 -131207
 -139146
 -146913
 -156074
 -165315
 -170875
 -170692
 -167292
 -162039
 -153785
 -142117
 -130819
 -122865
 -118385
 -115959
 -117357
 -123498
 -132220
 -140463
 -149714
 -158825
 -163722
 -162713
 -159826
 -156077
 -149169
 -139623
 -131532
 -127040
 -123282
 -119599
 -119475
 -124217
 -130601
 -136938
 -143848
 -152163
 -159003
 -160895
 -158906
 -156028
 -152827
 -147031
 -139917
 -134908
 -132267
 -130177
 -128107
 -128094
 -131330
 -135097
 -137812
 -142138
 -148222
 -152759
 -153660
 -153032
 -152400
 -149779
 -143998
 -137803
 -133417
 -129196
 -124876
 -124186
 -128252
 -134052
 -139947
 -147628
 -156643
 -162637
 -163873
 -161791
 -158796
 -153811
 -144894
 -134071
 -124609
 -119606
 -119927
 -122316
 -126445
 -134444
 -147283
 -161577
 -173250
 -179816
 -181228
 -178888
 -171252
 -157053
 -139540
 -123429
 -110474
  -99675
  -93633
  -95725
 -105234
 -117625
 -130874
 -145827
 -161091
 -172005
 -176088
 -175287
 -171609
 -163706
 -150982
 -137309
 -126788
 -119505
 -113721
 -111032
 -114619
 -122976
 -131661
 -140950
 -151386
 -160149
 -163696
 -162841
 -159102
 -151651
 -141174
 -131538
 -123023
 -115083
 -110966
 -111755
 -115335
 -122130
 -133497
 -146871
 -158392
 -168451
 -177706
 -183039
 -181559
 -174945
 -165413
 -152303
 -136762
 -130989
 -152088
 -174968
 -185026
 -187616
 -188667
 -191421
 -195838
 -201132
 -209005
 -228980
 -262922
 -269767
 -244188
 -198765
 -145394
  -94385
  -49503
  -14836
    3142
   -2416
  -31465
  -74253
 -122309
 -170992
 -215585
 -249159
 -265592
 -264528
 -247700
 -215877
 -173172
 -128742
  -90169
  -59700
  -39175
  -34495
  -47183
  -72825
 -106470
 -145825
 -186710
 -221314
 -243572
 -252549
 -247119
 -225878
 -193358
 -155959
 -118456
  -83952
  -56422
  -42571
  -46560
  -63420
  -80832
  -65689
  -52931
  -71548
 -107409
 -136776
 -131915
 -127334
 -136453
 -126852
   18710
  291931
  517272
  600482
  530501
  327179
   18241
 -327343
 -636423
 -861562
 -985442
 -997698
 -877925
 -640747
 -329919
    5986
  319235
  561165
  692073
  702669
  598651
  398076
  129623
 -169748
 -460840
 -703563
 -862874
 -918126
 -864662
 -712530
 -482088
 -204672
   78287
  323905
  498389
  582170
  566021
  452443
  259095
   16672
 -239989
 -476869
 -664141
 -776323
 -795761
 -721168
 -566704
 -355870
 -116581
  118439
  313357
  439533
  482760
  441065
  321072
  139458
  -77136
 -296030
 -487789
 -629687
 -703178
 -695915
 -609157
 -457537
 -264776
  -57004
  139044
  295205
  388311
  405911
  349343
  229858
   63897
 -127337
 -317783
 -479091
 -589078
 -635523
 -614048
 -526267
 -383444
 -208296
  -28092
  133257
  256009
  323224
  324436
  260589
  145103
   -4104
 -168185
 -325723
 -453840
 -533906
 -556983
 -522829
 -435879
 -305904
 -151759
    2617
  133641
  224328
  265782
  253309
  187597
   76512
  -62728
 -207164
 -336887
 -437383
 -495287
 -500365
 -453240
 -364124
 -246413
 -114798
   12759
  116177
  181733
  203450
  179279
  111176
    9504
 -108209
 -224859
 -326640
 -401106
 -436407
 -426182
 -373725
 -289240
 -185175
  -74002
   29077
  107978
  150420
  152239
  116634
   49116
  -42692
 -147310
 -248365
 -329747
 -381125
 -398095
 -378199
 -321367
 -236711
 -140366
  -46104
   35986
   95585
  122301
  112182
   69827
    2930
  -81190
 -172028
 -255034
 -317260
 -352645
 -358450
 -333068
 -278265
 -203012
 -120623
  -42567
   22982
   67225
   82412
   65922
   22385
  -40238
 -114388
 -191316
 -258983
 -305455
 -325661
 -319270
 -287289
 -231518
 -160348
  -86926
  -21698
   28973
   57931
   58620
   31078
  -17455
  -79265
 -147626
 -213652
 -265978
 -296190
 -302755
 -287104
 -250295
 -196467
 -135788
  -79291
  -33344
   -1368
   12011
    3716
  -24479
  -65013
 -111635
 -160170
 -204096
 -235333
 -250406
 -249477
 -232160
 -198917
 -155880
 -110998
  -69621
  -35567
  -15225
  -12568
  -25639
  -50968
  -87321
 -130583
 -172733
 -206692
 -229818
 -240524
 -235583
 -213909
 -179868
 -140428
 -101252
  -64935
  -36317
  -21809
  -24274
  -41213
  -68039
 -102147
 -141098
 -178198
 -205579
 -220885
 -224692
 -216188
 -194327
 -163135
 -129500
  -98063
  -70505
  -50381
  -42749
  -48612
  -63728
  -85748
 -113923
 -144978
 -172063
 -190437
 -199860
 -200542
 -190530
 -169808
 -143363
 -116133
  -90846
  -69288
  -56071
  -55091
  -64770
  -81347
 -103937
 -130843
 -156998
 -176457
 -187961
 -192355
 -188047
 -172905
 -149789
 -124186
 -100013
  -79240
  -65780
  -61666
  -65181
  -76179
  -95104
 -118790
 -141821
 -162668
 -179744
 -188530
 -186623
 -175321
 -156947
 -136302
 -117238
  -99723
  -84443
  -74393
  -73112
  -81554
  -96147
 -113517
 -132993
 -153636
 -170807
 -179218
 -178898
 -172776
 -161303
 -143485
 -121998
 -101779
  -86583
  -76735
  -72002
  -74816
  -86270
 -102859
 -120652
 -138880
 -156931
 -170606
 -176291
 -175110
 -169136
 -158244
 -141506
 -122521
 -106556
  -94739
  -85815
  -80562
  -80870
  -86050
  -94014
 -104187
 -117783
 -134522
 -150579
 -162282
 -170986
 -174675
 -167330
 -150931
 -129055
 -106259
   32467
  474205
  768154
  761820
  546590
  228578
 -128154
 -493932
 -809740
-1025950
-1109401
-1045976
 -845117
 -539720
 -179267
  179694
  486873
  705138
  812710
  807042
  699428
  466125
  103615
 -316976
 -711311
-1020092
-1198176
-1216671
-1073734
 -792335
 -415902
   -2743
  386683
  699231
  891232
  937170
  838071
  614398
  297098
  -71307
 -438566
 -753234
 -976602
-1082620
-1056000
 -899013
 -631941
 -292989
   72492
  427320
  730626
  907172
  899896
  714542
  421671
  104781
 -238551
 -589992
 -887023
-1074562
-1134847
-1061262
 -858010
 -549271
 -180989
  191665
  515876
  745434
  848195
  814431
  655383
  394954
   68973
 -277036
 -594111
 -841121
 -987248
-1012505
 -911898
 -701688
 -415068
  -92864
  221018
  481301
  649674
  705819
  648014
  486895
  244792
  -43775
 -336566
 -593795
 -782990
 -879508
 -868726
 -752064
 -549095
 -290726
  -12490
  246983
  449351
  565815
  584210
  507384
  349291
  132215
 -114566
 -355262
 -556478
 -694237
 -752353
 -721719
 -606248
 -424570
 -204173
   25206
  232751
  387413
  467356
  465211
  384798
  236955
   42472
 -169182
 -368044
 -529164
 -633043
 -664765
 -618338
 -501736
 -332735
 -137805
   53989
  218043
  333874
  385407
  364722
  275660
  134946
  -35573
 -214004
 -378167
 -505279
 -575415
 -580122
 -522157
 -410584
 -259299
  -89410
   73666
  204279
  286251
  310901
  274497
  182748
   52150
  -96017
 -242999
 -372614
 -467155
 -511853
 -501142
 -438388
 -337753
 -215920
  -82811
   45038
  153111
  232462
  271777
  265403
  213339
  130973
   29074
  -96823
 -246952
 -412519
 -560228
 -643156
 -650974
 -600402
 -496739
 -343696
 -156429
   42906
  225136
  360488
  427894
  420605
  342623
  204875
   25250
 -172366
 -359001
 -507553
 -599191
 -624551
 -581482
 -474092
 -317046
 -134709
   44659
  196769
  303967
  351754
  332606
  250450
  120542
  -37778
 -204828
 -358803
 -476275
 -539979
 -543684
 -489850
 -385247
 -243073
  -85011
   63925
  182601
  257495
  279792
  245309
  158654
   34887
 -105893
 -244982
 -365529
 -452238
 -491285
 -475672
 -409452
 -305557
 -178580
  -43481
   79457
  171283
  218902
  219284
  175553
   90747
  -26465
 -157713
 -280647
 -376962
 -435843
 -451880
 -421095
 -346526
 -241960
 -124185
   -7890
   92884
  163165
  191075
  174083
  118672
   32476
  -75086
 -189386
 -292206
 -368734
 -410948
 -414736
 -377823
 -303739
 -205652
  -99068
    2589
   85827
  136983
  148887
  123276
   65979
  -16591
 -113682
 -209716
 -290170
 -346019
 -371515
 -362031
 -316666
 -242638
 -152441
  -60827
   20875
   84047
  119413
  120442
   86432
   25001
  -53183
 -138612
 -221653
 -290946
 -334313
 -345744
 -326463
 -280788
 -213340
 -132185
  -50954
   17360
   65438
   88979
   83352
   48340
   -9145
  -78432
 -151298
 -219761
 -273621
 -303473
 -306600
 -285338
 -243018
 -183035
 -114037
  -48324
    4422
   39822
   54273
   43513
    8409
  -43622
 -103924
 -166054
 -223022
 -265026
 -284131
 -279471
 -254117
 -211374
 -155069
  -94417
  -40201
     871
   26067
   31659
   14996
  -20545
  -66997
 -118575
 -170572
 -215747
 -245396
 -255867
 -248536
 -225128
 -186485
 -137082
  -85794
  -41994
  -10417
    7535
    8706
   -9398
  -44370
  -88464
 -134835
 -178997
 -216241
 -239849
 -244632
 -231025
 -203261
 -165683
 -120814
  -74717
  -36092
  -10676
    -183
   -4984
  -27865
  -66136
 -109374
 -149223
 -183193
 -206512
 -210945
 -196848
 -175665
 -152024
 -127814
 -103034
  -79429
  -63829
  -58546
  -60883
  -68541
  -81500
  -99389
 -120748
 -141455
 -159136
 -173623
 -181858
 -179122
 -166299
 -148112
 -127526
 -104303
  -82583
