   10126
    9665
    9087
    8461
    7760
    6959
    6091
    5213
    4294
    3320
    2317
    1319
     309
    -724
   -1719
   -2687
   -3663
   -4608
   -5477
   -6295
   -7056
   -7742
   -8331
   -8826
   -9240
   -9539
   -9683
   -9700
   -9589
   -9326
   -8902
   -8364
   -7740
   -7024
   -6183
   -5258
   -4298
   -3288
   -2227
   -1149
     -75
     971
    2023
    3042
    3956
    4777
    5546
    6241
    6790
    7214
    7562
    7794
    7883
    7861
    7775
    7576
    7245
    6811
    6348
    5834
    5249
    4640
    4017
    3360
    2655
    1934
    1233
     511
    -236
    -974
   -1674
   -2374
   -3087
   -3769
   -4386
   -4958
   -5530
   -6047
   -6476
   -6845
   -7223
   -7590
   -7907
   -8187
   -8480
   -8683
   -8757
   -8709
   -8600
   -8540
   -8545
   -8563
   -8600
   -8585
   -8480
   -8320
   -8119
   -7847
   -7479
   -7067
   -6668
   -6143
   -5236
   -4266
   -3568
   -3058
   -2432
   -1744
   -1054
    -334
     354
     940
    1427
    1845
    2183
    2439
    2756
    3414
    4407
    5407
    6220
    6636
    6827
    6955
    7008
    6976
    6748
    6256
    5680
    5053
    4326
    3471
    2421
    1324
     269
    -811
   -1942
   -3129
   -4332
   -5502
   -6572
   -7501
   -8280
   -8975
   -9561
   -9969
  -10057
   -9931
   -9857
   -9868
   -9832
   -9747
   -9589
   -9416
   -9138
   -8789
   -8431
   -8028
   -7521
   -6915
   -6314
   -5736
   -5142
   -4534
   -3968
   -3410
   -2832
   -2296
   -1815
   -1350
    -887
    -482
    -130
     184
     504
     768
     940
    1058
    1156
    1179
    1124
    1047
     941
     774
     551
     328
     104
    -184
    -517
    -864
   -1210
   -1612
   -2033
   -2428
   -2800
   -3174
   -3551
   -3882
   -4154
   -4403
   -4647
   -4879
   -5072
   -5262
   -5444
   -5590
   -5698
   -5798
   -5920
   -6009
   -6050
   -6103
   -6159
   -6194
   -6203
   -6213
   -6205
   -6158
   -6083
   -6031
   -5972
   -5873
   -5730
   -5592
   -5435
   -5249
   -5043
   -4844
   -4670
   -4477
   -4268
   -4096
   -3937
   -3746
   -3555
   -3393
   -3258
   -3119
   -2994
   -2926
   -2888
   -2833
   -2752
   -2671
   -2555
   -2352
   -2065
   -1732
   -1332
    -828
    -243
     369
    1051
    1782
    2527
    3274
    4005
    4764
    5510
    6169
    6729
    7216
    7634
    7937
    8115
    8206
    8220
    8124
    7906
    7600
    7245
    6808
    6247
    5590
    4886
    4095
    3217
    2301
    1370
     402
    -606
   -1631
   -2622
   -3581
   -4497
   -5332
   -6096
   -6814
   -7487
   -8088
   -8586
   -9020
   -9397
   -9684
   -9874
  -10034
  -10159
  -10214
  -10183
  -10130
  -10033
   -9881
   -9664
   -9414
   -9125
   -8765
   -8354
   -7926
   -7475
   -6985
   -6458
   -5940
   -5440
   -4928
   -4392
   -3877
   -3378
   -2882
   -2400
   -1972
   -1598
   -1245
    -893
    -598
    -379
    -182
     -10
      91
     119
     102
      60
     -43
    -203
    -390
    -590
    -824
   -1106
   -1415
   -1713
   -2050
   -2422
   -2810
   -3167
   -3538
   -3930
   -4304
   -4663
   -5048
   -5453
   -5832
   -6179
   -6527
   -6861
   -7151
   -7402
   -7637
   -7855
   -8005
   -8108
   -8215
   -8299
   -8323
   -8300
   -8267
   -8206
   -8074
   -7909
   -7758
   -7577
   -7325
   -7059
   -6816
   -6557
   -6240
   -5932
   -5685
   -5486
   -5263
   -5043
   -4804
   -4491
   -4139
   -3821
   -3556
   -3303
   -3084
   -2917
   -2767
   -2636
   -2558
   -2520
   -2492
   -2483
   -2527
   -2624
   -2704
   -2790
   -2877
   -2960
   -3060
   -3186
   -3298
   -3379
   -3475
   -3595
   -3720
   -3827
   -3949
   -4085
   -4207
   -4323
   -4477
   -4645
   -4787
   -4907
   -5046
   -5192
   -5311
   -5413
   -5538
   -5678
   -5790
   -5866
   -5962
   -6056
   -6102
   -6150
   -6204
   -6241
   -6262
   -6259
   -6260
   -6264
   -6225
   -6185
   -6173
   -6150
   -6081
   -6014
   -5965
   -5902
   -5802
   -5708
   -5618
   -5516
   -5393
   -5297
   -5222
   -5150
   -5051
   -4968
   -4923
   -4885
   -4814
   -4743
   -4695
   -4661
   -4590
   -4529
   -4499
   -4464
   -4418
   -4393
   -4397
   -4335
   -4242
   -4200
   -4217
   -4456
   -4785
   -5109
   -5361
   -5550
   -5771
   -5990
   -6258
   -6840
   -7358
   -7674
   -8171
   -9337
  -10216
  -10805
  -10133
   -8439
   -7041
   -6018
   -5234
   -4505
   -3776
   -3183
   -2679
   -2109
   -1443
    -800
    -240
     264
     772
    1206
    1563
    1886
    2188
    2415
    2548
    2627
    2681
    2687
    2618
    2487
    2339
    2147
    1861
    1491
    1078
     611
      50
    -592
   -1222
   -1839
   -2478
   -3168
   -3904
   -4610
   -5273
   -5955
   -6664
   -7315
   -7868
   -8378
   -8942
   -9588
  -10267
  -10823
  -11594
  -12561
  -13834
  -14599
  -15021
  -15241
  -14727
  -13482
  -12091
  -10912
   -9528
   -8347
   -7289
   -6334
   -5462
   -4603
   -3757
   -2964
   -2290
   -1746
   -1263
    -882
    -593
    -323
     -46
     153
     299
     431
     487
     400
     225
      61
    -136
    -795
   -1576
   -2223
   -2822
   -3376
   -3901
   -4340
   -4907
   -5981
   -6900
   -7500
   -7943
   -8378
   -8792
   -9123
   -9365
   -9625
   -9757
   -9605
   -9243
   -8696
   -7929
   -6993
   -5992
   -4919
   -3744
   -2478
   -1120
     401
    2045
    3579
    5041
    6542
    7970
    9118
    9890
   10272
   10265
    9858
    9021
    7678
    5783
    3372
     599
   -2301
   -5154
   -8031
  -10598
  -12592
  -13923
  -14490
  -14291
  -13340
  -11739
   -9582
   -6910
   -3840
    -450
    3281
    7134
   10938
   14631
   18466
   22165
   25756
   29129
   31977
   33993
   35176
   35456
   34861
   33456
   31358
   28743
   25760
   22510
   19074
   15595
   12100
    8633
    5354
    2247
    -669
   -3304
   -5669
   -7757
   -9506
  -10890
  -11942
  -12627
  -12900
  -12757
  -12228
  -11381
  -10236
   -8802
   -7131
   -5179
   -2868
    -220
    2659
    5715
    9034
   12720
   16681
   20782
   24937
   29022
   32948
   36773
   40539
   44179
   47634
   50874
   53848
   56484
   58714
   60528
   61962
   63028
   63742
   64122
   64234
   64102
   63689
   63030
   62184
   61140
   59842
   58295
   56494
   54439
   52103
   49486
   46618
   43525
   40187
   36607
   32847
   28943
   24874
   20692
   16471
   12245
    8028
    3899
     -81
   -3930
   -7632
  -11121
  -14326
  -17265
  -19953
  -22342
  -24378
  -26038
  -27380
  -28400
  -29043
  -29282
  -29189
  -28808
  -28127
  -27154
  -25922
  -24503
  -22922
  -21147
  -19200
  -17165
  -15018
  -12740
  -10382
   -8014
   -5634
   -3216
    -790
    1578
    3871
    6082
    8217
   10202
   12022
   13709
   15272
   16659
   17821
   18785
   19580
   20196
   20570
   20714
   20659
   20427
   19977
   19333
   18529
   17585
   16497
   15247
   13859
   12378
   10815
    9141
    7391
    5606
    3808
    1962
      90
   -1761
   -3554
   -5300
   -6999
   -8602
  -10055
  -11380
  -12576
  -13624
  -14476
  -15118
  -15616
  -15993
  -16205
  -16222
  -16096
  -15834
  -15427
  -14842
  -14115
  -13283
  -12368
  -11366
  -10264
   -9099
   -7938
   -6776
   -5562
   -4303
   -3090
   -1904
    -714
     464
    1591
    2641
    3627
    4585
    5484
    6290
    7007
    7658
    8204
    8620
    8928
    9154
    9297
    9312
    9216
    9049
    8836
    8519
    8091
    7594
    7051
    6430
    5727
    4983
    4241
    3461
    2624
    1766
     937
     116
    -732
   -1583
   -2413
   -3187
   -3944
   -4656
   -5284
   -5847
   -6374
   -6849
   -7216
   -7483
   -7697
   -7864
   -7947
   -7928
   -7847
   -7751
   -7638
   -7477
   -7280
   -7080
   -6835
   -6517
   -6176
   -5852
   -5496
   -5083
   -4664
   -4270
   -3895
   -3501
   -3116
   -2808
   -2567
   -2358
   -2144
   -1905
   -1659
   -1433
   -1181
    -926
    -725
    -554
    -389
    -235
    -169
    -152
    -163
    -184
    -264
    -381
    -503
    -607
    -735
    -914
   -1130
   -1379
   -1680
   -2026
   -2396
   -2759
   -3122
   -3517
   -3910
   -4272
   -4603
   -4876
   -5098
   -5256
   -5334
   -5396
   -5469
   -5526
   -5528
   -5496
   -5461
   -5411
   -5317
   -5186
   -5062
   -4952
   -4809
   -4615
   -4400
   -4231
   -4127
   -4021
   -3927
   -3890
   -3881
   -3859
   -3821
   -3831
   -3881
   -3905
   -3863
   -3788
   -3730
   -3687
   -3599
   -3509
   -3468
   -3437
   -3372
   -3308
   -3284
   -3283
   -3288
   -3278
   -3284
   -3317
   -3359
   -3408
   -3566
   -3807
   -4084
   -4331
   -4551
   -4804
   -5056
   -5262
   -5446
   -5643
   -5820
   -5895
   -5906
   -5912
   -5885
   -5813
   -5692
   -5569
   -5451
   -5324
   -5149
   -4987
   -4824
   -4652
   -4462
   -4271
   -4107
   -3962
   -3836
   -3761
   -3756
   -3774
   -3792
   -3809
   -3883
   -3988
   -4085
   -4174
   -4275
   -4358
   -4377
   -4349
   -4332
   -4334
   -4336
   -4310
   -4305
   -4314
   -4321
   -4308
   -4274
   -4288
   -4323
   -4352
   -4357
   -4371
   -4436
   -4539
   -4637
   -4749
   -4881
   -5022
   -5126
   -5192
   -5270
   -5351
   -5410
   -5418
   -5375
   -5303
   -5214
   -5079
   -4935
   -4798
   -4661
   -4488
   -4332
   -4211
   -4117
   -4008
   -3885
   -3803
   -3766
   -3733
   -3709
   -3761
   -3907
   -4104
   -4301
   -4509
   -4759
   -5023
   -5259
   -5472
   -5698
   -5937
   -6113
   -6178
   -6197
   -6218
   -6245
   -6229
   -6163
   -6105
   -6034
   -5931
   -5774
   -5621
   -5515
   -5435
   -5343
   -5240
   -5152
   -5076
   -5021
   -4967
   -4964
   -4954
   -4912
   -4826
   -4744
   -4656
   -4524
   -4321
   -4051
   -3719
   -3326
   -2864
   -2356
   -1887
   -1446
    -976
    -507
     -86
     278
     609
     914
    1139
    1286
    1384
    1421
    1345
    1147
     903
     623
     253
    -174
    -587
    -963
   -1346
   -1752
   -2155
   -2485
   -2741
   -2977
   -3188
   -3358
   -3508
   -3683
   -3876
   -4050
   -4184
   -4327
   -4478
   -4606
   -4675
   -4715
   -4760
   -4797
   -4810
   -4868
   -4993
   -5144
   -5267
   -5387
   -5534
   -5676
   -5780
   -5841
   -5907
   -5952
   -5892
   -5752
   -5601
   -5443
   -5245
   -5005
   -4774
   -4552
   -4300
   -4051
   -3831
   -3624
   -3398
   -3196
   -3057
   -2954
   -2851
   -2830
   -2932
   -3087
   -3279
   -3529
   -3852
   -4199
   -4537
   -4900
   -5281
   -5633
   -5908
   -6107
   -6269
   -6440
   -6566
   -6642
   -6697
   -6757
   -6807
   -6808
   -6755
   -6676
   -6600
   -6523
   -6401
   -6222
   -6041
   -5906
   -5818
   -5755
   -5701
   -5698
   -5714
   -5720
   -5704
   -5699
   -5728
   -5753
   -5722
   -5599
   -5445
   -5312
   -5172
   -4982
   -4777
   -4598
   -4445
   -4260
   -4049
   -3852
   -3688
   -3534
   -3353
   -3156
   -3016
   -2927
   -2894
   -2900
   -2966
   -3110
   -3301
   -3477
   -3646
   -3844
   -4089
   -4326
   -4505
   -4620
   -4723
   -4827
   -4889
   -4917
   -4960
   -5023
   -5066
   -5085
   -5105
   -5162
   -5234
   -5284
   -5302
   -5360
   -5460
   -5556
   -5660
   -5840
   -6084
   -6334
   -6557
   -6775
   -7007
   -7237
   -7441
   -7619
   -7795
   -7925
   -7971
   -7926
   -7834
   -7737
   -7628
   -7465
   -7261
   -7071
   -6892
   -6679
   -6435
   -6218
   -6032
   -5859
   -5654
   -5454
   -5315
   -5245
   -5202
   -5171
   -5192
   -5267
   -5347
   -5402
   -5491
   -5615
   -5746
   -5819
   -5819
   -5814
   -5810
   -5761
   -5697
   -5661
   -5642
   -5595
   -5516
   -5470
   -5460
   -5440
   -5401
   -5381
   -5400
   -5419
   -5431
   -5507
   -5652
   -5843
   -6029
   -6214
   -6440
   -6672
   -6904
   -7113
   -7327
   -7519
   -7616
   -7619
   -7581
   -7531
   -7448
   -7310
   -7163
   -7034
   -6885
   -6707
   -6531
   -6374
   -6211
   -6023
   -5845
   -5678
   -5515
   -5371
   -5303
   -5312
   -5351
   -5364
   -5409
   -5492
   -5586
   -5689
   -5804
   -5941
   -6031
   -6035
   -5988
   -5966
   -5956
   -5946
   -5891
   -5825
   -5789
   -5770
   -5722
   -5673
   -5650
   -5640
   -5604
   -5538
   -5504
   -5514
   -5575
   -5650
   -5760
   -5910
   -6058
   -6185
   -6325
   -6475
   -6628
   -6741
   -6808
   -6827
   -6816
   -6770
   -6695
   -6618
   -6555
   -6485
   -6403
   -6344
   -6303
   -6271
   -6243
   -6236
   -6263
   -6291
   -6316
   -6385
   -6519
   -6679
   -6828
   -6998
   -7210
   -7442
   -7655
   -7883
   -8136
   -8348
   -8491
   -8579
   -8623
   -8622
   -8540
   -8429
   -8335
   -8231
   -8090
   -7919
   -7763
   -7609
   -7434
   -7198
   -6915
   -6618
   -6276
   -5887
   -5527
   -5218
   -4910
   -4555
   -4177
   -3834
   -3521
   -3220
   -2927
   -2684
   -2484
   -2265
   -2045
   -1914
   -1894
   -1942
   -2031
   -2165
   -2266
   -2254
   -2111
   -1839
   -1412
    -784
      18
     960
    2050
    3302
    4564
    5807
    7108
    8362
    9492
   10529
   11477
   12280
   12980
   13597
   14179
   14732
   15256
   15765
   16257
   16673
   16971
   17157
   17268
   17305
   17233
   17041
   16771
   16447
   16037
   15512
   14883
   14196
   13441
   12535
   11489
   10377
    9211
    7942
    6585
    5173
    3733
    2244
     699
    -814
   -2216
   -3565
   -4876
   -6110
   -7246
   -8322
   -9336
  -10232
  -11005
  -11703
  -12319
  -12824
  -13183
  -13444
  -13656
  -13769
  -13767
  -13759
  -13726
  -13646
  -13469
  -13222
  -12935
  -12513
  -11925
  -11228
  -10491
   -9720
   -8890
   -8023
   -7190
   -6418
   -5663
   -4916
   -4230
   -3564
   -2883
   -2200
   -1563
    -998
    -467
      24
     424
     682
     823
     877
     818
     668
     514
     367
     169
     -73
    -343
    -626
    -933
   -1293
   -1734
   -2211
   -2704
   -3243
   -3790
   -4277
   -4710
   -5138
   -5585
   -6020
   -6420
   -6823
   -7271
   -7755
   -8214
   -8670
   -9114
   -9467
   -9699
   -9898
  -10057
  -10127
  -10142
  -10137
  -10100
  -10053
   -9976
   -9893
   -9818
   -9704
   -9477
   -9211
   -8934
   -8643
   -8317
   -7975
   -7649
   -7364
   -7119
   -6912
   -6762
   -6659
   -6517
   -6334
   -6176
   -6038
   -5892
   -5736
   -5610
   -5501
   -5411
   -5370
   -5374
   -5395
   -5403
   -5361
   -5300
   -5246
   -5186
   -5132
   -5122
   -5150
   -5198
   -5316
   -5512
   -5749
   -5988
   -6205
   -6379
   -6489
   -6566
   -6647
   -6696
   -6706
   -6724
   -6793
   -6897
   -6996
   -7123
   -7261
   -7350
   -7370
   -7353
   -7340
   -7296
   -7213
   -7148
   -7115
   -7150
   -7203
   -7271
   -7390
   -7508
   -7567
   -7577
   -7586
   -7581
   -7528
   -7462
   -7409
   -7393
   -7380
   -7383
   -7413
   -7456
   -7456
   -7406
   -7349
   -7273
   -7150
   -6987
   -6827
   -6702
   -6615
   -6558
   -6560
   -6597
   -6631
   -6626
   -6611
   -6597
   -6552
   -6476
   -6433
   -6398
   -6376
   -6395
   -6457
   -6540
   -6610
   -6624
   -6588
   -6539
   -6469
   -6360
   -6257
   -6178
   -6109
   -6071
   -6094
   -6200
   -6356
   -6504
   -6592
   -6677
   -6772
   -6866
   -6933
   -7012
   -7109
   -7228
   -7347
   -7478
   -7652
   -7838
   -7984
   -8046
   -8103
   -8159
   -8184
   -8189
   -8221
   -8266
   -8306
   -8365
   -8447
   -8548
   -8621
   -8619
   -8584
   -8563
   -8533
   -8465
   -8386
   -8312
   -8262
   -8229
   -8211
   -8238
   -8268
   -8255
   -8146
   -8012
   -7885
   -7730
   -7542
   -7381
   -7221
   -7096
   -7013
   -6988
   -7010
   -7015
   -6974
   -6905
   -6836
   -6762
   -6670
   -6615
   -6600
   -6595
   -6628
   -6724
   -6868
   -7010
   -7126
   -7227
   -7306
   -7347
   -7347
   -7337
   -7339
   -7336
   -7319
   -7354
   -7442
   -7529
   -7579
   -7601
   -7578
   -7535
   -7446
   -7336
   -7254
   -7173
   -7092
   -7052
   -7079
   -7140
   -7194
   -7234
   -7293
   -7313
   -7294
   -7215
   -7128
   -7059
   -7008
   -6930
   -6857
   -6812
   -6770
   -6700
   -6632
   -6592
   -6558
   -6501
   -6434
   -6439
   -6500
   -6548
   -6575
   -6608
   -6635
   -6605
   -6517
   -6423
   -6321
   -6175
   -5978
   -5791
   -5623
   -5449
   -5242
   -5047
   -4918
   -4801
   -4620
   -4428
   -4265
   -4112
   -3952
   -3827
   -3760
   -3714
   -3680
   -3665
   -3712
   -3789
   -3871
   -3966
   -4111
   -4254
   -4386
   -4519
   -4676
   -4872
   -5068
   -5250
   -5444
   -5644
   -5830
   -5985
   -6172
   -6370
   -6586
   -6759
   -6901
   -7043
   -7150
   -7193
   -7212
   -7251
   -7285
   -7281
   -7242
   -7212
   -7199
   -7193
   -7223
   -7300
   -7413
   -7523
   -7605
   -7689
   -7782
   -7884
   -7961
   -8050
   -8173
   -8284
   -8353
   -8400
   -8461
   -8529
   -8549
   -8534
   -8493
   -8404
   -8274
   -8110
   -7955
   -7804
   -7590
   -7340
   -7118
   -6921
   -6699
   -6458
   -6247
   -6055
   -5873
   -5676
   -5524
   -5417
   -5301
   -5175
   -5095
   -5069
   -5057
   -5048
   -5074
   -5165
   -5342
   -5557
   -5837
   -6166
   -6519
   -6863
   -7227
   -7618
   -7993
   -8317
   -8621
   -8879
   -9069
   -9173
   -9218
   -9253
   -9270
   -9235
   -9176
   -9134
   -9082
   -8999
   -8920
   -8844
   -8762
   -8654
   -8539
   -8433
   -8337
   -8273
   -8238
   -8237
   -8251
   -8261
   -8286
   -8338
   -8403
   -8425
   -8438
   -8454
   -8436
   -8367
   -8273
   -8187
   -8130
   -8095
   -8072
   -8064
   -8063
   -8014
   -7927
   -7816
   -7676
   -7539
   -7371
   -7063
   -6844
   -6538
   -6136
   -5879
   -5729
   -5618
   -5487
   -5385
   -5243
   -5101
   -5015
   -4985
   -4989
   -4970
   -4942
   -4956
   -5005
   -5055
   -5106
   -5210
   -5317
   -5412
   -5515
   -5655
   -5813
   -5820
   -5625
   -5434
   -5357
   -5290
   -5142
   -4999
   -4844
   -4665
   -4498
   -4357
   -4244
   -4139
   -4044
   -4000
   -3953
   -3911
   -3866
   -3845
   -3861
   -3892
   -3951
   -4082
   -4228
   -4379
   -4592
   -4875
   -5206
   -5545
   -5928
   -6371
   -6866
   -7436
   -8075
   -8746
   -9402
  -10048
  -10693
  -11310
  -11868
  -12404
  -12909
  -13355
  -13683
  -13908
  -14045
  -14074
  -14010
  -13870
  -13668
  -13401
  -13056
  -12691
  -12299
  -11861
  -11386
  -10898
  -10410
   -9888
   -9381
   -8937
   -8543
   -8191
   -7883
   -7626
   -7410
   -7227
   -7101
   -7038
   -7009
   -7001
   -7003
   -6995
   -6978
   -6970
   -6973
   -6996
   -7002
   -6989
   -7020
   -7089
   -7144
   -7194
   -7270
   -7377
   -7458
   -7541
   -7661
   -7814
   -7996
   -8206
   -8481
   -8756
   -8993
   -9256
   -9519
   -9777
  -10014
  -10240
  -10434
  -10541
  -10600
  -10633
  -10627
  -10587
  -10533
  -10451
  -10319
  -10179
  -10039
   -9849
   -9640
   -9450
   -9241
   -9010
   -8809
   -8635
   -7984
   -7188
   -6801
   -6576
   -6371
   -6260
   -6184
   -6211
   -6241
   -6312
   -6426
   -6481
   -6559
   -6685
   -6811
   -6942
   -6842
   -6514
   -6035
   -5370
   -4677
   -4078
   -4178
   -5186
   -5896
   -6150
   -6221
   -6103
   -5824
   -5467
   -5286
   -5621
   -6242
   -7037
   -7839
   -7468
   -9741
  -12242
  -14347
  -16182
  -17784
  -19381
  -21326
  -23713
  -26232
  -28721
  -31125
  -33389
  -35379
  -36904
  -37903
  -38337
  -38405
  -38199
  -37566
  -36543
  -35154
  -33359
  -31231
  -28810
  -26084
  -23088
  -19871
  -16281
  -12143
   -7776
   -3459
     867
    4900
    8635
   12117
   15389
   18456
   21118
   23476
   25713
   27825
   29673
   31176
   32290
   33165
   33871
   34264
   34399
   34235
   33689
   32819
   31670
   30266
   28598
   26693
   24611
   22338
   19869
   17274
   14653
   12018
    9322
    6622
    3970
    1376
   -1174
   -3646
   -5986
   -8202
  -10316
  -12258
  -14000
  -15567
  -16989
  -18224
  -19226
  -20028
  -20713
  -21232
  -21534
  -21658
  -21617
  -21393
  -20967
  -20364
  -19616
  -18746
  -17682
  -16421
  -15036
  -13567
  -12008
  -10363
   -8702
   -7032
   -5358
   -3697
   -2097
    -559
     929
    2355
    3661
    4842
    5951
    7032
    7883
    8421
    8667
    8755
    8780
    8701
    8507
    8228
    7839
    7327
    6752
    6195
    5630
    5000
    4342
    3684
    3007
    2283
    1548
     806
      96
    -642
   -1376
   -2077
   -2739
   -3386
   -4026
   -4631
   -5230
   -5869
   -6516
   -7130
   -7687
   -8226
   -8722
   -9130
   -9456
   -9751
   -9970
  -10064
  -10007
   -9881
   -9680
   -9391
   -8997
   -8552
   -8080
   -7568
   -6995
   -6411
   -5869
   -5315
   -4728
   -4150
   -3642
   -3212
   -2789
   -2378
   -2020
   -1687
   -1359
   -1015
    -664
    -314
      32
     385
     695
     924
    1103
    1271
    1400
    1462
    1482
    1504
    1483
    1335
    1103
     824
     535
     188
    -210
    -624
    -993
   -1322
   -1664
   -2001
   -2294
   -2550
   -2807
   -3056
   -3262
   -3451
   -3642
   -3811
   -3939
   -4083
   -4263
   -4448
   -4593
   -4700
   -4801
   -4872
   -4877
   -4795
   -4674
   -4528
   -4351
   -4137
   -3932
   -3733
   -3507
   -3253
   -3017
   -2805
   -2580
   -2366
   -2226
   -2150
   -2109
   -2048
   -1999
   -1983
   -1972
   -1902
   -1813
   -1752
   -1715
   -1676
   -1633
   -1638
   -1731
   -1870
   -2000
   -2148
   -2302
   -2396
   -2425
   -2451
   -2481
   -2496
   -2476
   -2473
   -2512
   -2588
   -2677
   -2780
   -2932
   -3058
   -3109
   -3154
   -3195
   -3225
   -3224
   -3232
   -3260
   -3315
   -3406
   -3538
   -3714
   -3865
   -3936
   -3972
   -4006
   -4015
   -3983
   -3935
   -3892
   -3835
   -3777
   -3755
   -3762
   -3762
   -3704
   -3582
   -3432
   -3275
   -3080
   -2882
   -2685
   -2484
   -2284
   -2134
   -2052
   -2017
   -1985
   -1908
   -1810
   -1729
   -1643
   -1544
   -1490
   -1465
   -1459
   -1496
   -1597
   -1741
   -1899
   -2028
   -2135
   -2227
   -2296
   -2352
   -2419
   -2492
   -2549
   -2596
   -2708
   -2886
   -3082
   -3251
   -3422
   -3569
   -3686
   -3768
   -3839
   -3949
   -4051
   -4134
   -4255
   -4443
   -4657
   -4841
   -5004
   -5122
   -5192
   -5198
   -5176
   -5160
   -5142
   -5084
   -4992
   -4973
   -5001
   -5007
   -4983
   -4950
   -4869
   -4734
   -4569
   -4417
   -4262
   -4075
   -3879
   -3760
   -3700
   -3636
   -3588
   -3580
   -3570
   -3513
   -3426
   -3364
   -3326
   -3296
   -3220
   -3169
   -3192
   -3238
   -3276
   -3333
   -3396
   -3419
   -3378
   -3298
   -3213
   -3119
   -2989
   -2818
   -2685
   -2562
   -2377
   -2118
   -1791
   -1354
    -745
       2
     843
    1742
    2711
    3743
    4746
    5642
    6458
    7215
    7871
    8429
    8941
    9409
    9776
   10021
   10166
   10228
   10164
    9954
    9570
    9090
    8527
    7835
    7084
    6338
    5592
    4810
    3989
    3159
    2314
    1430
     483
    -485
   -1430
   -2381
   -3293
   -4120
   -4826
   -5459
   -6049
   -6586
   -7030
   -7415
   -7736
   -8023
   -8282
   -8513
   -8657
   -8742
   -8762
   -8686
   -8586
   -8448
   -8228
   -7937
   -7642
   -7367
   -7105
   -6824
   -6552
   -6286
   -5945
   -5496
   -5006
   -4524
   -4035
   -3531
   -3040
   -2609
   -2258
   -1945
   -1660
   -1453
   -1261
   -1033
    -786
    -570
    -395
    -234
     -76
      14
      25
     -14
     -87
    -246
    -445
    -624
    -755
    -898
   -1065
   -1221
   -1373
   -1544
   -1739
   -2006
   -2291
   -2591
   -2926
   -3251
   -3506
   -3712
   -3930
   -4143
   -4324
   -4458
   -4580
   -4719
   -4892
   -5051
   -5189
   -5330
   -5444
   -5464
   -5417
   -5359
   -5279
   -5159
   -5008
   -4865
   -4751
   -4670
   -4562
   -4479
   -4413
   -4291
   -4092
   -3881
   -3676
   -3452
   -3185
   -2913
   -2663
   -2454
   -2249
   -2102
   -1996
   -1883
   -1696
   -1502
   -1341
   -1190
   -1036
    -895
    -804
    -785
    -809
    -861
    -978
   -1137
   -1242
   -1292
   -1358
   -1426
   -1484
   -1523
   -1582
   -1687
   -1844
   -2028
   -2242
   -2486
   -2731
   -2898
   -3028
   -3161
   -3274
   -3339
   -3381
   -3437
   -3510
   -3597
   -3688
   -3804
   -3916
   -3969
   -3957
   -3926
   -3885
   -3835
   -3749
   -3667
   -3608
   -3584
   -3573
   -3608
   -3680
   -3731
   -3720
   -3681
   -3635
   -3578
   -3466
   -3374
   -3292
   -3223
   -3208
   -3253
   -3342
   -3435
   -3501
   -3523
   -3543
   -3536
   -3478
   -3412
   -3366
   -3334
   -3309
   -3336
   -3405
   -3499
   -3579
   -3633
   -3705
   -3773
   -3806
   -3822
   -3853
   -3907
   -3964
   -4034
   -4145
   -4290
   -4436
   -4544
   -4623
   -4671
   -4677
   -4625
   -4591
   -4550
   -4495
   -4444
   -4446
   -4469
   -4485
   -4490
   -4481
   -4438
   -4366
   -4227
   -4070
   -3936
   -3828
   -3703
   -3612
   -3585
   -3600
   -3642
   -3678
   -3680
   -3673
   -3672
   -3626
   -3579
   -3545
   -3510
   -3470
   -3460
   -3500
   -3600
   -3723
   -3813
   -3887
   -3956
   -3965
   -3911
   -3809
   -3693
   -3576
   -3436
   -3266
   -3115
   -2985
   -2855
   -2689
   -2524
   -2421
   -2385
   -2354
   -2342
   -2386
   -2470
   -2569
   -2659
   -2757
   -2830
   -2898
   -2944
   -3010
   -3100
   -3194
   -3270
   -3360
   -3468
   -3561
   -3616
   -3677
   -3813
   -3967
   -4094
   -4218
   -4342
   -4459
   -4541
   -4586
   -4597
   -4558
   -4456
   -4331
   -4215
   -4106
   -3959
   -3774
   -3607
   -3457
   -3307
   -3147
   -3055
   -3027
   -3019
   -2985
   -2960
   -2989
   -3043
   -3064
   -3034
   -3001
   -2960
   -2885
   -2789
   -2692
   -2586
   -2464
   -2329
   -2208
   -2108
   -1982
   -1875
   -1836
   -1847
   -1869
   -1911
   -1995
   -2120
   -2248
   -2341
   -2413
   -2483
   -2536
   -2569
   -2608
   -2660
   -2703
   -2725
   -2754
   -2807
   -2868
   -2929
   -3054
   -3229
   -3397
   -3535
   -3693
   -3855
   -4003
   -4116
   -4167
   -4189
   -4189
   -4163
   -4125
   -4091
   -4047
   -3980
   -3902
   -3842
   -3791
   -3703
   -3643
   -3667
   -3733
   -3793
   -3869
   -3991
   -4118
   -4212
   -4281
   -4336
   -4383
   -4398
   -4389
   -4379
   -4352
   -4301
   -4206
   -4132
   -4051
   -3955
   -3875
   -3854
   -3873
   -3896
   -3902
   -3934
   -3989
   -4058
   -4078
   -4046
   -4027
   -3994
   -3920
   -3854
   -3802
   -3747
   -3685
   -3621
   -3545
   -3473
   -3395
   -3374
   -3398
   -3452
   -3505
   -3571
   -3661
   -3758
   -3819
   -3824
   -3825
   -3830
   -3805
   -3781
   -3763
   -3744
   -3712
   -3665
   -3633
   -3617
   -3601
   -3618
   -3707
   -3823
   -3940
   -4041
   -4147
   -4261
   -4377
   -4404
   -4378
   -4343
   -4256
   -4122
   -3977
   -3836
   -3676
   -3491
   -3324
   -3218
   -3138
   -3065
   -3051
   -3076
   -3119
   -3172
   -3212
   -3284
   -3384
   -3447
   -3445
   -3451
   -3480
   -3488
   -3470
   -3439
   -3443
   -3458
   -3471
   -3483
   -3529
   -3613
   -3749
   -3888
   -4058
   -4251
   -4439
   -4602
   -4770
   -4945
   -5049
   -5070
   -5058
   -5047
   -5019
   -4945
   -4823
   -4690
   -4560
   -4403
   -4232
   -4076
   -3959
   -3876
   -3794
   -3715
   -3667
   -3630
   -3585
   -3521
   -3432
   -3315
   -3190
   -3078
   -2992
   -2899
   -2768
   -2610
   -2484
   -2396
   -2325
   -2265
   -2260
   -2388
   -2575
   -2767
   -2957
   -3198
   -3467
   -3722
   -3939
   -4107
   -4238
   -4317
   -4362
   -4410
   -4427
   -4395
   -4325
   -4257
   -4185
   -4061
   -3909
   -3821
   -3747
   -3653
   -3565
   -3496
   -3418
   -3298
   -3160
   -2984
   -2768
   -2512
   -2244
   -2002
   -1771
   -1522
   -1284
   -1073
    -839
    -621
    -430
    -296
    -219
    -182
    -199
    -255
    -333
    -423
    -536
    -650
    -740
    -823
    -913
   -1015
   -1128
   -1233
   -1381
   -1539
   -1692
   -1824
   -1976
   -2189
   -2445
   -2693
   -2975
   -3282
   -3595
   -3881
   -4174
   -4452
   -4670
   -4831
   -4972
   -5099
   -5196
   -5257
   -5296
   -5340
   -5376
   -5356
   -5296
   -5261
   -5258
   -5249
   -5238
   -5251
   -5281
   -5285
   -5273
   -5261
   -5207
   -5106
   -4954
   -4796
   -4635
   -4457
   -4248
   -4051
   -3885
   -3721
   -3541
   -3374
   -3272
   -3243
   -3247
   -3266
   -3344
   -3456
   -3563
   -3642
   -3703
   -3759
   -3794
   -3798
   -3807
   -3836
   -3875
   -3899
   -3919
   -3955
   -4011
   -4067
   -4117
   -4234
   -4389
   -4537
   -4670
   -4807
   -4982
   -5173
   -5314
   -5392
   -5451
   -5494
   -5502
   -5485
   -5475
   -5458
   -5411
   -5314
   -5215
   -5137
   -5047
   -4948
   -4872
   -4838
   -4853
   -4862
   -4836
   -4832
   -4862
   -4890
   -4887
   -4886
   -4912
   -4924
   -4859
   -4731
   -4593
   -4470
   -4350
   -4226
   -4127
   -4028
   -3920
   -3815
   -3805
   -3824
   -3747
   -3621
   -3420
   -3113
   -2688
   -2173
   -1468
    -556
     603
    2015
    3579
    5221
    6933
    8721
   10574
   12420
   14201
   16056
   17835
   19400
   20579
   21830
   23348
   24743
   25823
   26659
   27478
   28278
   28950
   29379
   29674
   29922
   30092
   30145
   30158
   30216
   30311
   30412
   30527
   30530
   30300
   29693
   28679
   27258
   25506
   23503
   21297
   18871
   16282
   13561
   10662
    7605
    4490
    1398
   -1622
   -4551
   -7373
  -10062
  -12493
  -14550
  -16133
  -17216
  -17767
  -17787
  -17352
  -16494
  -15252
  -13671
  -11865
   -9857
   -7637
   -5249
   -2769
    -230
    2356
    4946
    7505
   10046
   12574
   14991
   17266
   19412
   21330
   22878
   24060
   24955
   25583
   26010
   26293
   26523
   26689
   26838
   27029
   27237
   27439
   27638
   27803
   27907
   27922
   27806
   27572
   27163
   26540
   25738
   24791
   23644
   22316
   20850
   19300
   17606
   15674
   13403
   10782
    7859
    4809
    1816
    -997
   -3601
   -5943
   -8038
   -9926
  -11577
  -12930
  -13946
  -14649
  -15040
  -15084
  -14759
  -14100
  -13157
  -11915
  -10434
   -8738
   -6820
   -4672
   -2414
    -100
    2273
    4662
    7016
    9369
   11781
   14216
   16607
   18901
   21030
   22914
   24543
   26160
   27659
   28949
   30062
   31043
   31914
   32606
   33181
   33630
   33895
   34009
   33967
   33761
   33353
   32792
   32124
   31336
   30454
   29537
   28570
   27511
   26381
   25293
   24276
   23219
   22098
   20966
   19795
   18558
   17201
   15764
   14264
   12682
   11041
    9396
    7778
    6143
    4503
    2894
    1326
    -195
   -1584
   -2762
   -3714
   -4454
   -5001
   -5329
   -5473
   -5458
   -5267
   -4877
   -4358
   -3734
   -2986
   -2157
   -1320
    -484
     378
    1290
    2229
    3172
    4124
    5090
    6034
    6906
    7705
    8457
    9105
    9605
    9969
   10235
   10387
   10393
   10296
   10152
    9932
    9616
    9244
    8855
    8434
    7943
    7381
    6753
    6060
    5315
    4511
    3668
    2816
    1957
    1132
     391
    -311
    -998
   -1629
   -2154
   -2609
   -2968
   -3239
   -3417
   -3541
   -3649
   -3720
   -3703
   -3650
   -3601
   -3525
   -3379
   -3189
   -3013
   -2840
   -2656
   -2445
   -2258
   -2090
   -1856
   -1464
    -946
    -319
     380
    1175
    2015
    2870
    3765
    4712
    5665
    6574
    7436
    8266
    9060
    9757
   10357
   10887
   11390
   11812
   12143
   12362
   12512
   12536
   12416
   12178
   11839
   11366
   10767
   10056
    9292
    8416
    7448
    6453
    5467
    4501
    3565
    2683
    1864
    1090
     328
    -462
   -1357
   -2404
   -3527
   -4686
   -5934
   -7301
   -8802
  -10499
  -12467
  -14611
  -16780
  -18837
  -20708
  -22265
  -23444
  -24259
  -24777
  -24982
  -24828
  -24347
  -23580
  -22502
  -21095
  -19411
  -17491
  -15357
  -13034
  -10569
   -8044
   -5452
   -2777
     -94
    2526
    5084
    7552
    9850
   11931
   13846
   15614
   17198
   18573
   19768
   20801
   21634
   22242
   22646
   22880
   22934
   22777
   22463
   22072
   21572
   20909
   20117
   19223
   18248
   17190
   16033
   14827
   13593
   12297
   10948
    9582
    8224
    6858
    5481
    4129
    2828
    1574
     344
    -815
   -1901
   -2975
   -4018
   -4954
   -5784
   -6558
   -7263
   -7845
   -8298
   -8646
   -8903
   -9023
   -8993
   -8852
   -8615
   -8202
   -7620
   -6947
   -6235
   -5463
   -4601
   -3702
   -2787
   -1872
    -927
      10
     901
    1770
    2631
    3441
    4177
    4854
    5511
    6113
    6629
    7066
    7432
    7688
    7821
    7880
    7941
    8011
    8093
    8154
    8185
    8226
    8285
    8355
    8409
    8495
    8658
    8946
    9341
    9765
   10200
   10697
   11230
   11743
   12189
   12586
   12975
   13343
   13646
   13859
   14018
   14148
   14223
   14198
   14086
   13919
   13706
   13403
   13003
   12516
   11927
   11232
   10423
    9546
    8652
    7748
    6796
    5830
    4906
    4032
    3177
    2329
    1504
     773
     152
    -409
    -906
   -1308
   -1627
   -1904
   -2135
   -2290
   -2336
   -2318
   -2266
   -2172
   -1986
   -1731
   -1458
   -1172
    -831
    -394
      78
     536
    1014
    1536
    2000
    2373
    2696
    3004
    3289
    3528
    3745
    3954
    4149
    4292
    4390
    4480
    4568
    4610
    4643
    4722
    4833
    4918
    4977
    5038
    5095
    5118
    5106
    5086
    5050
    4979
    4877
    4793
    4712
    4596
    4468
    4342
    4243
    4133
    3987
    3822
    3664
    3458
    3203
    2915
    2606
    2308
    2013
    1688
    1343
    1017
     733
     468
     197
     -77
    -301
    -440
    -569
    -727
    -889
   -1024
   -1122
   -1185
   -1208
   -1141
    -949
    -640
    -226
     307
     989
    1853
    2835
    3883
    4986
    6135
    7336
    8537
    9682
   10733
   11694
   12567
   13317
   13960
   14509
   14960
   15283
   15479
   15559
   15536
   15383
   15068
   14648
   14213
   13752
   13220
   12632
   12031
   11441
   10826
   10169
    9479
    8810
    8158
    7469
    6763
    6072
    5417
    4759
    4090
    3460
    2891
    2346
    1788
    1267
     796
     306
    -188
    -664
   -1098
   -1511
   -1907
   -2237
   -2504
   -2742
   -2939
   -3062
   -3114
   -3126
   -3113
   -3016
   -2803
   -2495
   -2170
   -1821
   -1406
    -916
    -394
     142
     714
    1322
    1923
    2502
    3062
    3611
    4130
    4617
    5076
    5504
    5878
    6195
    6492
    6717
    6805
    6813
    6782
    6673
    6496
    6277
    6035
    5725
    5372
    4987
    4577
    4116
    3656
    3233
    2842
    2476
    2117
    1792
    1472
    1161
     891
     663
     409
     163
     -48
    -236
    -441
    -646
    -808
    -948
   -1089
   -1197
   -1251
   -1277
   -1293
   -1302
   -1303
   -1338
   -1389
   -1440
   -1440
   -1426
   -1436
   -1438
   -1399
   -1343
   -1305
   -1251
   -1170
   -1089
    -953
    -742
    -471
    -186
     109
     424
     736
    1027
    1307
    1586
    1862
    2086
    2287
    2495
    2689
    2843
    2965
    3066
    3140
    3198
    3242
    3297
    3285
    3173
    3017
    2840
    2621
    2348
    2039
    1716
    1357
     960
     555
     146
    -272
    -697
   -1086
   -1388
   -1648
   -1873
   -2039
   -2123
   -2184
   -2230
   -2245
   -2202
   -2133
   -2066
   -1977
   -1849
   -1730
   -1656
   -1561
   -1399
   -1252
   -1132
   -1006
    -841
    -692
    -572
    -498
    -434
    -404
    -404
    -396
    -380
    -392
    -424
    -457
    -478
    -530
    -594
    -636
    -657
    -700
    -752
    -776
    -743
    -695
    -632
    -550
    -468
    -400
    -316
    -204
    -108
     -47
      11
      98
     190
     276
     359
     449
     504
     527
     575
     621
     636
     638
     646
     665
     665
     643
     620
     559
     406
     216
      23
    -192
    -453
    -707
    -928
   -1150
   -1381
   -1608
   -1786
   -1935
   -2099
   -2239
   -2350
   -2468
   -2593
   -2651
   -2619
   -2569
   -2495
   -2373
   -2194
   -2013
   -1832
   -1611
   -1370
   -1140
    -920
    -680
    -433
    -225
     -19
     198
     379
     527
     676
     799
     878
     944
     996
    1013
    1004
    1001
     950
     811
     654
     452
     212
     -57
    -333
    -641
    -980
   -1319
   -1644
   -1976
   -2293
   -2586
   -2842
   -3068
   -3289
   -3472
   -3534
   -3543
   -3519
   -3442
   -3312
   -3180
   -3059
   -2896
   -2689
   -2488
   -2324
   -2157
   -1939
   -1705
   -1483
   -1252
    -995
    -750
    -533
    -338
    -128
      62
     206
     329
     455
     554
     602
     609
     568
     469
     286
      48
    -208
    -487
    -808
   -1149
   -1477
   -1822
   -2195
   -2565
   -2907
   -3225
   -3557
   -3858
   -4101
   -4279
   -4395
   -4459
   -4462
   -4448
   -4399
   -4296
   -4150
   -3974
   -3803
   -3587
   -3343
   -3104
   -2862
   -2603
   -2319
   -2047
   -1788
   -1508
   -1220
    -967
    -752
    -527
    -294
     -94
      47
     155
     210
     159
      25
    -153
    -359
    -626
    -930
   -1219
   -1503
   -1829
   -2164
   -2472
   -2755
   -3040
   -3297
   -3511
   -3704
   -3866
   -3951
   -3960
   -3924
   -3888
   -3820
   -3715
   -3607
   -3512
   -3418
   -3291
   -3172
   -3064
   -2955
   -2823
   -2699
   -2596
   -2493
   -2353
   -2198
   -2075
   -1952
   -1787
   -1620
   -1476
   -1345
   -1200
   -1060
    -998
    -982
    -975
    -996
   -1042
   -1114
   -1182
   -1305
   -1464
   -1637
   -1804
   -1983
   -2182
   -2397
   -2590
   -2788
   -2972
   -3110
   -3163
   -3176
   -3177
   -3158
   -3080
   -3008
   -2950
   -2884
   -2788
   -2696
   -2606
   -2521
   -2407
   -2292
   -2189
   -2083
   -1981
   -1909
   -1871
   -1852
   -1819
   -1799
   -1813
   -1825
   -1816
   -1832
   -1877
   -1962
   -2056
   -2180
   -2339
   -2486
   -2624
   -2762
   -2939
   -3111
   -3268
   -3450
   -3655
   -3847
   -4008
   -4171
   -4353
   -4496
   -4552
   -4551
   -4533
   -4471
   -4331
   -4190
   -4039
   -3866
   -3682
   -3525
   -3376
   -3212
   -3044
   -2884
   -2715
   -2520
   -2329
   -2174
   -2027
   -1873
   -1715
   -1581
   -1476
   -1373
   -1273
   -1209
   -1178
   -1149
   -1151
   -1248
   -1395
   -1557
   -1722
   -1942
   -2179
   -2396
   -2607
   -2833
   -3060
   -3277
   -3502
   -3749
   -3982
   -4163
   -4314
   -4456
   -4594
   -4706
   -4787
   -4854
   -4914
   -4938
   -4924
   -4919
   -4887
   -4800
   -4657
   -4503
   -4350
   -4140
   -3885
   -3646
   -3410
   -3150
   -2891
   -2670
   -2481
   -2273
   -2038
   -1826
   -1645
   -1464
   -1273
   -1126
   -1023
    -929
    -835
    -791
    -796
    -824
    -869
    -952
   -1066
   -1202
   -1339
   -1514
   -1733
   -1938
   -2099
   -2269
   -2462
   -2644
   -2800
   -2975
   -3163
   -3328
   -3500
   -3701
   -3930
   -4150
   -4328
   -4495
   -4676
   -4828
   -4939
   -5036
   -5159
   -5274
   -5356
   -5410
   -5473
   -5539
   -5560
   -5522
   -5444
   -5334
   -5171
   -4983
   -4789
   -4590
   -4372
   -4151
   -3946
   -3748
   -3527
   -3310
   -3138
   -2967
   -2767
   -2569
   -2380
   -2188
   -2001
   -1835
   -1681
   -1536
   -1420
   -1337
   -1287
   -1248
   -1226
   -1243
   -1281
   -1310
   -1318
   -1370
   -1453
   -1528
   -1604
   -1707
   -1834
   -1966
   -2099
   -2311
   -2591
   -2875
   -3133
   -3409
   -3699
   -3973
   -4195
   -4413
   -4648
   -4850
   -5015
   -5188
   -5371
   -5526
   -5621
   -5660
   -5632
   -5486
   -5187
   -4771
   -4246
   -3604
   -2847
   -1997
   -1112
    -144
     930
    2027
    3115
    4204
    5252
    6210
    7066
    7856
    8553
    9123
    9585
    9956
   10191
   10280
   10267
   10140
    9900
    9554
    9138
    8659
    8127
    7533
    6907
    6265
    5566
    4840
    4104
    3383
    2620
    1830
    1066
     321
    -427
   -1157
   -1833
   -2461
   -3065
   -3619
   -4099
   -4523
   -4910
   -5269
   -5562
   -5858
   -6166
   -6463
   -6729
   -6997
   -7245
   -7458
   -7611
   -7730
   -7832
   -7892
   -7903
   -7876
   -7846
   -7774
   -7642
   -7478
   -7296
   -7086
   -6810
   -6515
   -6209
   -5890
   -5561
   -5236
   -4911
   -4592
   -4220
   -3816
   -3424
   -3044
   -2638
   -2253
   -1901
   -1544
   -1162
    -792
    -450
     -95
     290
     648
     970
    1252
    1513
    1720
    1875
    2000
    2098
    2112
    2093
    2074
    2014
    1896
    1716
    1521
    1301
    1015
     687
     351
     -15
