   16836
   16258
   15943
   15150
   14299
   14152
   14563
   14112
   13247
   12559
   11927
   11250
   10833
   11292
   11753
   11190
   10617
   10442
    9874
    8897
    8470
    8831
    9337
   10003
   11183
   12618
   13757
   15025
   16712
   18363
   19900
   21806
   23514
   24466
   24907
   24793
   24294
   23663
   22608
   20882
   19152
   17316
   14772
   12124
   10263
    9637
   10715
   12538
   14616
   17016
   18755
   19413
   19956
   20712
   22673
   25442
   28011
   27085
   17934
    9656
   13817
   25407
   41754
   62637
   83074
   95696
   92280
   78666
   69241
   63429
   57479
   54829
   53841
   51605
   47298
   41620
   35032
   30110
   29733
   31467
   32601
   32913
   31372
   28577
   25827
   23071
   20992
   19373
   17346
   15330
   14019
   13282
   12864
   13541
   15677
   18043
   18692
   17756
   14925
    5096
   -7458
  -11503
   -6264
    2289
   -3458
  -10984
    4515
   31013
   50249
   64012
   73053
   75012
   70240
   61732
   51076
   37751
   23316
    9618
   -2244
  -12418
  -20029
  -24119
  -24761
  -22701
  -17763
  -10139
    -985
    8895
   19188
   28932
   36875
   42866
   46863
   48082
   45614
   39736
   31204
   20450
    9162
    -691
   -9046
  -16135
  -21808
  -24683
  -21591
  -12776
   -3786
    3526
    9448
   15680
   21583
   26550
   30883
   34604
   36846
   37303
   35505
   31937
   27834
   23422
   18069
   11797
    5818
     720
   -3789
   -7206
   -9154
  -10093
  -10164
   -8857
   -6300
   -3591
    -771
    3821
    9630
   14690
   19303
   22891
   24282
   23563
   21337
   17894
   12858
    7064
    1787
   -2588
   -6025
   -7965
   -8269
   -7781
   -6827
   -4936
   -2144
     473
    2771
    5042
    7189
    8646
    9381
    9904
   10217
    9967
    9905
   10430
   10704
    9800
    7803
    5282
    1803
   -2211
   -6039
   -9731
  -13205
  -15289
  -15341
  -13924
  -11211
   -7184
   -2432
    2028
    6289
   10381
   13803
   16596
   18900
   19998
   19044
   16469
   12705
    7724
    2264
   -2648
   -6556
  -10074
  -13328
  -15298
  -15455
  -14063
  -11543
   -7738
   -2732
    3288
    9452
   14386
   17297
   17727
   15895
   12598
    7487
     435
   -5818
  -10406
  -15092
  -20559
  -25947
  -29877
  -31035
  -29236
  -24319
  -16588
   -7762
     866
    9137
   16793
   22242
   23052
   16762
     829
  -15736
  -24362
  -29297
  -32008
  -29472
  -19756
   -2786
   18044
   36672
   49606
   56162
   56274
   50684
   40944
   27173
    9900
   -8753
  -25737
  -39173
  -49465
  -55514
  -57084
  -54186
  -47312
  -37678
  -26741
  -14933
   -2642
    8397
   17266
   24130
   29176
   30820
   28745
   24208
   18708
   13494
    7448
     412
   -7403
  -15216
  -21918
  -26959
  -30159
  -30897
  -29493
  -27156
  -23615
  -18780
  -13846
   -9020
   -4110
     673
    4809
    7390
    8873
    9432
    8677
    6303
    3024
    -537
   -4514
   -9202
  -13702
  -17156
  -19615
  -21350
  -21981
  -21876
  -21800
  -21386
  -20729
  -19107
  -16701
  -17254
  -23074
  -29833
  -29836
  -21069
   -8418
    4350
   14078
   18826
   19656
   17788
   13783
    7964
    1074
   -7472
  -19622
  -32693
  -42338
  -46569
  -44766
  -36552
  -22777
   -6816
    7211
   17875
   24158
   26253
   25846
   21721
   14610
    6047
   -3373
  -12436
  -20434
  -27623
  -33623
  -38290
  -42152
  -45801
  -48184
  -47744
  -43630
  -34985
  -20926
   -4508
   10371
   22598
   31666
   36639
   36624
   32223
   24793
   15073
    3454
   -8612
  -19831
  -30025
  -38926
  -45413
  -49146
  -50448
  -49101
  -45041
  -38865
  -31561
  -22994
  -13623
   -4725
    2228
    7285
   10799
   11950
   10365
    6999
    2531
   -3193
   -9516
  -15514
  -21203
  -26774
  -31195
  -33640
  -34680
  -34712
  -33581
  -31351
  -28837
  -26643
  -24542
  -26280
  -33127
  -36820
  -30659
  -15973
    1818
   18079
   29473
   34766
   34816
   30392
   20614
    4874
  -13522
  -29516
  -41792
  -50393
  -54956
  -55721
  -53208
  -47626
  -39436
  -30216
  -20779
  -11964
   -4886
      75
    3837
    6299
    6313
    4664
    2350
   -1077
   -6003
  -11102
  -15558
  -19839
  -23891
  -27158
  -29302
  -30507
  -30374
  -28814
  -26605
  -24393
  -21892
  -19008
  -16842
  -15602
  -14702
  -14083
  -14217
  -14599
  -14868
  -15496
  -16430
  -17099
  -17045
  -16703
  -16183
  -14611
  -11908
   -8578
   -6103
   -5266
   -6976
  -11084
  -16283
  -21810
  -28134
  -34688
  -39200
  -40690
  -39919
  -37267
  -32993
  -28427
  -23705
  -18454
  -14035
  -11138
   -8411
   -5642
   -4051
   -4163
   -6170
  -11782
  -20447
  -27811
  -33209
  -37389
  -39876
  -39273
  -35187
  -29248
  -22960
  -16711
  -11168
   -7249
   -4873
   -3687
   -3494
   -4046
   -5306
   -7449
  -11148
  -15761
  -20398
  -24826
  -29156
  -32533
  -34406
  -35342
  -35721
  -35044
  -33218
  -31066
  -28494
  -25201
  -21812
  -19201
  -17028
  -15147
  -14078
  -14122
  -14590
  -15059
  -16149
  -17709
  -19301
  -21087
  -23211
  -25407
  -28232
  -31344
  -32900
  -35191
  -39028
  -40529
  -39928
  -37847
  -33297
  -26607
  -18428
  -10705
   -5316
   -2950
   -3269
   -5510
   -8835
  -12780
  -16139
  -19334
  -23138
  -26615
  -28821
  -30180
  -31088
  -31379
  -31121
  -30874
  -30619
  -30384
  -30132
  -30669
  -28888
  -20888
   -9960
   -1707
    2270
    1622
   -2361
   -7862
  -14225
  -21361
  -28167
  -33653
  -38052
  -41341
  -42614
  -41876
  -40076
  -37319
  -33704
  -30152
  -26876
  -23933
  -22136
  -21346
  -20722
  -20708
  -21595
  -21374
  -19143
  -17643
  -20152
  -24558
  -27021
  -26706
  -30317
  -36487
  -40446
  -38519
  -31274
  -25645
  -23253
  -25254
  -30254
  -37307
  -44662
  -49255
  -52723
  -51638
  -42722
  -24120
  -11680
  -12787
  -15091
  -14810
  -12241
   -6105
    1636
    7764
    9762
    5722
   -2372
  -10061
  -17214
  -24722
  -32050
  -38632
  -44562
  -48965
  -51247
  -51807
  -50830
  -47965
  -43514
  -38516
  -33028
  -27862
  -23301
  -19894
  -17370
  -15201
  -11822
   -8590
   -7962
   -9585
  -11717
  -13675
  -16873
  -23087
  -31672
  -41505
  -51021
  -55391
  -51634
  -40163
  -26796
  -16433
  -11646
  -11572
  -12948
  -15455
  -18277
  -20260
  -21099
  -20623
  -23613
  -38406
  -55899
  -64667
  -63739
  -56090
  -46428
  -35706
  -24425
  -13904
   -5584
      96
    3248
    4787
    7700
   12237
   14229
   13455
    8961
    2835
   -6639
  -22169
  -40226
  -60648
  -78861
  -90565
  -90606
  -80182
  -66800
  -51624
  -30355
   -5118
   16195
   28945
   33207
   31390
   24159
   11708
   -3121
  -18063
  -32201
  -44402
  -54175
  -61103
  -64511
  -64839
  -62570
  -57589
  -50767
  -43077
  -34749
  -26636
  -20058
  -15143
  -11746
   -9838
   -9511
   -9614
   -9591
   -9637
   -9602
   -9641
  -10427
  -12968
  -16761
  -21340
  -27077
  -33371
  -39414
  -45091
  -50197
  -53606
  -54686
  -54239
  -52342
  -48789
  -44290
  -39926
  -35486
  -30815
  -26476
  -23136
  -20746
  -18873
  -17618
  -17205
  -18050
  -20419
  -25654
  -33115
  -39918
  -45033
  -50731
  -60598
  -71470
  -75296
  -72369
  -65293
  -50517
  -31495
  -14025
    4162
   19458
   24159
   19519
   13257
    7500
    1032
   -7011
  -16401
  -26575
  -37471
  -47455
  -54902
  -58941
  -60735
  -60272
  -57445
  -51973
  -44078
  -35596
  -28200
  -23952
  -23137
  -23274
  -22655
  -20133
  -16931
  -17753
  -23934
  -30481
  -31343
  -28236
  -27937
  -31044
  -35286
  -38617
  -41911
  -44701
  -45509
  -44487
  -42397
  -39738
  -36183
  -31848
  -27883
  -24798
  -22119
  -20230
  -20483
  -22635
  -24545
  -26173
  -28436
  -30965
  -33031
  -34233
  -34175
  -33809
  -33972
  -35229
  -36822
  -37598
  -37655
  -37336
  -36221
  -34463
  -33051
  -32311
  -31557
  -30534
  -29813
  -29143
  -28280
  -27439
  -27680
  -28434
  -28693
  -28942
  -29482
  -29906
  -30625
  -32098
  -33575
  -36002
  -38951
  -40485
  -40355
  -39817
  -40017
  -40174
  -38858
  -36487
  -34103
  -32504
  -31158
  -30704
  -33151
  -37062
  -39040
  -42010
  -46390
  -50292
  -52866
  -53354
  -51459
  -45731
  -35960
  -24606
  -13768
   -7747
   -5679
   -5240
   -5503
   -2711
   -1650
   -2266
   -6081
  -14137
  -24557
  -35504
  -44905
  -51878
  -57039
  -60089
  -60064
  -57257
  -52914
  -47524
  -41170
  -34680
  -28994
  -24026
  -19844
  -17228
  -16506
  -17017
  -18398
  -21176
  -24732
  -28102
  -31480
  -35449
  -39182
  -42441
  -47303
  -54570
  -63910
  -72301
  -77785
  -78582
  -70799
  -59764
  -51521
  -44928
  -35431
  -17009
    3646
   16719
   24757
   28795
   27426
   21003
   10660
   -1054
  -12613
  -24271
  -36463
  -49540
  -61820
  -71462
  -78184
  -81826
  -81529
  -77504
  -71954
  -65161
  -56646
  -52566
  -66118
  -86905
  -92281
  -77934
  -51137
  -22657
    2289
   21389
   34515
   41765
   43259
   38566
   28528
   14894
   -1526
  -20009
  -38523
  -55192
  -69414
  -80630
  -87984
  -89625
  -87096
  -84722
  -80649
  -71585
  -56166
  -37993
  -22218
   -8500
    3724
   12521
   15482
   13795
    9392
    3151
   -4948
  -15130
  -26899
  -39589
  -51974
  -62027
  -68834
  -72951
  -74574
  -73321
  -69259
  -63306
  -55995
  -47672
  -38211
  -30144
  -25431
  -21752
  -18726
  -18398
  -20698
  -22816
  -24357
  -26698
  -29649
  -31696
  -34183
  -37625
  -40729
  -42915
  -44305
  -44841
  -44357
  -43255
  -42370
  -41291
  -39632
  -37730
  -35909
  -33865
  -31674
  -30446
  -30157
  -29984
  -29864
  -30822
  -32673
  -34573
  -36261
  -38206
  -39911
  -40688
  -40492
  -39612
  -37337
  -35827
  -37924
  -41465
  -46064
  -52228
  -56098
  -53883
  -43559
  -30076
  -17837
  -12019
  -13859
  -21960
  -31956
  -40175
  -46334
  -51507
  -58286
  -60503
  -50026
  -33153
  -19128
   -8965
   -2266
    2114
    2740
   -1044
   -8410
  -17815
  -29072
  -41173
  -52736
  -62870
  -71780
  -78016
  -79661
  -76675
  -70550
  -62424
  -53249
  -44935
  -37830
  -32020
  -27322
  -23640
  -20508
  -18237
  -17773
  -18745
  -20647
  -23687
  -28245
  -32643
  -36860
  -41551
  -46278
  -50266
  -50791
  -49841
  -50750
  -52378
  -51897
  -48704
  -43939
  -39152
  -34375
  -29423
  -25194
  -24120
  -24341
  -24776
  -24358
  -22416
  -20959
  -22316
  -24896
  -29519
  -41274
  -56096
  -61072
  -61314
  -70797
  -82813
  -82312
  -73863
  -62875
  -48997
  -32788
  -13106
    7448
   23470
   31830
   33685
   30009
   22352
   10323
   -6769
  -27506
  -49245
  -70117
  -88884
 -102614
 -109208
 -109464
 -105468
  -97371
  -85296
  -70445
  -53713
  -36503
  -20750
   -7130
    3786
   10895
   13387
   11810
    6770
   -1041
  -10405
  -20908
  -32324
  -44324
  -56295
  -66927
  -75747
  -82478
  -84993
  -82893
  -77634
  -70158
  -59497
  -46458
  -34127
  -24611
  -18070
  -16455
  -21403
  -27723
  -32316
  -34689
  -34492
  -31643
  -26957
  -22579
  -20704
  -21031
  -22852
  -26395
  -30992
  -35755
  -40271
  -43884
  -45686
  -43663
  -39897
  -39935
  -46919
  -65845
  -88544
  -98705
  -95118
  -84434
  -70901
  -51943
  -26172
     801
   23800
   40334
   49222
   49508
   41201
   26386
    7720
  -13587
  -36465
  -58547
  -77615
  -92547
 -103124
 -108485
 -107956
 -102248
  -92847
  -80172
  -64824
  -48401
  -32895
  -18873
   -6678
    2634
    7947
    9572
    8067
    3123
   -4980
  -14914
  -25732
  -37340
  -48753
  -58623
  -66347
  -72149
  -75068
  -74554
  -70870
  -64314
  -56026
  -48424
  -44057
  -44831
  -50697
  -55312
  -55039
  -51276
  -45554
  -38280
  -28043
  -15664
   -3847
    7408
   15783
   18832
   15663
    6999
   -5606
  -20795
  -36958
  -52151
  -66765
  -81587
  -98836
 -118922
 -132725
 -131202
 -117001
  -93801
  -63616
  -28944
    6160
   36735
   58507
   68852
   67978
   56759
   35277
    -784
  -47335
  -87119
 -119403
 -142537
 -155958
 -152908
 -130552
  -99117
  -66948
  -38844
  -18636
   -2122
    9525
   20016
   34108
   45871
   48749
   42537
   26807
    4159
  -21466
  -45879
  -68280
  -88934
 -105264
 -113102
 -112208
 -106117
  -95680
  -80192
  -58055
  -30653
   -2972
   19393
   32915
   36934
   32831
   20846
    2018
  -19909
  -42198
  -63356
  -82021
  -96316
 -104196
 -105470
 -101826
  -93564
  -80835
  -65457
  -49375
  -33204
  -17808
   -4992
    4241
   10101
   13539
   13417
    9124
    1349
   -9181
  -21396
  -33585
  -44733
  -55437
  -65950
  -74491
  -79437
  -80253
  -77731
  -71635
  -62536
  -52887
  -44957
  -38324
  -30803
  -23577
  -18510
  -16121
  -14776
  -14181
  -15684
  -19660
  -24907
  -29998
  -34526
  -37841
  -39041
  -37910
  -34708
  -31154
  -30192
  -31973
  -34815
  -36405
  -32742
  -27547
  -26951
  -29370
  -32083
  -32214
  -31246
  -30346
  -31803
  -34929
  -37849
  -40357
  -42064
  -41479
  -37481
  -30534
  -21357
  -10745
     -89
    9416
   17229
   22725
   24490
   23682
   23296
   26427
   35197
   45749
   54234
   59089
   59345
   56299
   49540
   36662
   16869
   -8486
  -38427
  -71237
 -103421
 -122931
 -118992
  -93166
  -55156
  -12616
   35147
   88173
  135053
  163938
  177116
  177227
  166004
  145903
  117884
   83213
   45470
    8450
  -25410
  -53413
  -73114
  -83963
  -86171
  -80085
  -67112
  -49074
  -27766
   -4825
   17963
   40454
   60166
   73213
   79948
   82086
   78636
   67090
   48675
   24296
   -6161
  -38546
  -67340
  -90286
 -102256
  -99305
  -84062
  -57110
  -20949
   20069
   60168
