-5617
-5726
-5504
-4968
-4153
-3112
-1905
-606
710
1969
3099
4038
4734
5151
5268
5082
4607
3873
2925
1817
616
-609
-1790
-2859
-3756
-4430
-4843
-4975
-4818
-4382
-3695
-2795
-1736
-579
607
1756
2801
3679
4340
4744
4868
4704
4261
3564
2655
1586
421
-771
-1920
-2955
-3814
-4445
-4807
-4879
-4653
-4143
-3377
-2402
-1275
-66
1152
2304
3318
4131
4690
4960
4922
4576
3943
3060
1982
775
-485
-1719
-2850
-3804
-4521
-4953
-5073
-4870
-4358
-3566
-2546
-1360
-85
1196
2404
3460
4296
4857
5106
5029
4628
3930
2980
1839
580
-712
-1957
-3074
-3989
-4643
-4995
-5023
-4726
-4123
-3256
-2181
-971
295
1535
2668
3620
4328
4749
4857
4646
4133
3353
2360
1222
15
-1180
-2285
-3226
-3943
-4390
-4539
-4384
-3939
-3236
-2326
-1271
-146
972
2009
2894
3570
3991
4134
3991
3576
2921
2073
1096
57
-968
-1911
-2704
-3294
-3642
-3726
-3543
-3109
-2457
-1637
-708
260
1199
2041
2725
3203
3442
3426
3157
2656
1960
1122
203
-729
-1607
-2365
-2948
-3313
-3432
-3296
-2915
-2314
-1538
-641
310
1248
2104
2815
3328
3604
3621
3376
2882
2174
1300
320
-696
-1678
-2555
-3263
-3753
-3985
-3942
-3622
-3047
-2251
-1289
-225
868
1917
2849
3600
4115
4359
4312
3976
3370
2534
1521
398
-760
-1877
-2880
-3700
-4284
-4592
-4603
-4316
-3748
-2936
-1933
-803
381
1543
2608
3508
4186
4600
4725
4552
4095
3384
2465
1397
247
-911
-2008
-2974
-3752
-4295
-4572
-4571
-4293
-3759
-3006
-2081
-1042
45
1117
2109
2964
3634
4082
4287
4242
3954
3444
2746
1904
970
-2
-958
-1844
-2612
-3223
-3646
-3863
-3866
-3660
-3261
-2694
-1992
-1195
-347
507
1324
2063
2686
3163
3473
3602
3545
3307
2901
2348
1676
920
116
-693
-1471
-2175
-2771
-3228
-3520
-3632
-3555
-3291
-2851
-2254
-1529
-712
154
1026
1855
2597
3209
3654
3904
3941
3758
3360
2766
2004
1116
149
-841
-1798
-2665
-3388
-3923
-4234
-4298
-4107
-3668
-3004
-2151
-1160
-89
997
2032
2951
3695
4216
4478
4464
4172
3617
2835
1872
790
-341
-1451
-2466
-3322
-3961
-4342
-4441
-4250
-3783
-3071
-2163
-1119
-11
1086
2100
2962
3614
4014
4135
3973
3540
2870
2011
1027
-13
-1034
-1965
-2739
-3302
-3617
-3663
-3440
-2967
-2282
-1437
-498
464
1378
2173
2791
3185
3325
3203
2828
2231
1457
567
-367
-1274
-2082
-2725
-3151
-3325
-3229
-2867
-2265
-1466
-530
469
1457
2353
3085
3591
3826
3765
3404
2762
1883
827
-330
-1503
-2602
-3542
-4247
-4655
-4727
-4448
-3827
-2900
-1726
-383
1033
2423
3685
4722
5453
5816
5774
5319
4471
3280
1822
192
-1497
-3129
-4588
-5766
-6573
-6944
-6843
-6265
-5241
-3830
-2123
-231
1718
3592
5261
6605
7526
7952
7847
7208
6068
4499
2599
493
-1678
-3769
-5638
-7153
-8208
-8726
-8664
-8021
-6833
-5173
-3150
-895
1442
3705
5743
7415
8608
9237
9257
8662
7489
5812
3740
1411
-1022
-3398
-5558
-7357
-8675
-9423
-9550
-9047
-7945
-6319
-4276
-1951
501
2919
5142
7023
8437
9294
9537
9152
8168
6651
4704
2459
65
-2318
-4534
-6438
-7905
-8841
-9190
-8932
-8090
-6725
-4932
-2833
-570
1705
3842
5702
7165
8139
8566
8425
7733
6543
4942
3041
971
-1127
-3117
-4867
-6265
-7224
-7690
-7640
-7087
-6078
-4689
-3019
-1186
685
2468
4048
5323
6214
6672
6675
6236
5393
4215
2787
1214
-395
-1933
-3296
-4399
-5173
-5575
-5590
-5228
-4525
-3538
-2344
-1031
308
1580
2701
3599
4218
4525
4510
4185
3583
2755
1767
693
-386
-1397
-2271
-2949
-3392
-3576
-3498
-3171
-2630
-1919
-1098
-228
624
1399
2042
2510
2776
2825
2663
2308
1793
1160
461
-249
-919
-1498
-1946
-2233
-2341
-2266
-2021
-1626
-1115
-530
83
678
1211
1642
1941
2088
2075
1905
1594
1168
660
110
-441
-953
-1388
-1716
-1913
-1968
-1879
-1655
-1314
-882
-393
116
611
1056
1418
1676
1811
1819
1700
1466
1137
739
299
-147
-572
-945
-1242
-1445
-1544
-1534
-1422
-1219
-943
-615
-261
92
424
710
933
1083
1152
1140
1054
904
705
474
229
-10
-229
-413
-552
-641
-676
-662
-604
-511
-395
-266
-137
-17
83
159
208
229
226
202
165
121
77
42
19
12
22
47
84
129
173
211
235
240
222
178
110
20
-84
-197
-309
-409
-488
-537
-548
-518
-445
-332
-185
-12
173
359
531
675
777
828
821
753
626
447
225
-23
-283
-535
-759
-939
-1059
-1107
-1077
-967
-783
-534
-235
94
431
753
1035
1258
1401
1453
1405
1259
1019
699
319
-98
-525
-933
-1293
-1580
-1771
-1850
-1808
-1644
-1365
-985
-526
-16
512
1026
1490
1875
2151
2297
2301
2159
1874
1462
946
354
-275
-906
-1498
-2011
-2414
-2677
-2781
-2717
-2483
-2092
-1564
-928
-220
515
1236
1899
2461
2886
3148
3228
3116
2818
2348
1730
1001
200
-624
-1425
-2155
-2771
-3233
-3515
-3596
-3470
-3142
-2629
-1958
-1167
-299
595
1466
2263
2940
3458
3786
3903
3801
3486
2972
2287
1468
562
-383
-1314
-2180
-2931
-3525
-3928
-4117
-4080
-3818
-3344
-2682
-1868
-946
34
1021
1958
2796
3487
3994
4286
4348
4173
3769
3157
2369
1445
435
-606
-1624
-2562
-3368
-3997
-4414
-4592
-4521
-4202
-3649
-2890
-1965
-924
178
1282
2325
3250
4004
4542
4833
4858
4613
4107
3367
2432
1353
188
-996
-2134
-3160
-4015
-4649
-5023
-5113
-4912
-4429
-3689
-2734
-1616
-399
846
2049
3138
4051
4731
5139
5249
5054
4564
3807
2827
1681
437
-830
-2047
-3140
-4046
-4709
-5091
-5169
-4939
-4418
-3636
-2643
-1499
-274
955
2116
3139
3962
4536
4830
4829
4535
3971
3174
2198
1104
-35
-1152
-2175
-3042
-3703
-4120
-4272
-4154
-3781
-3182
-2400
-1490
-514
464
1381
2179
2810
3237
3440
3413
3165
2720
2116
1399
623
-157
-887
-1520
-2014
-2340
-2484
-2442
-2226
-1860
-1379
-824
-241
323
825
1227
1502
1631
1610
1446
1158
775
333
-126
-561
-931
-1203
-1351
-1360
-1226
-960
-581
-122
377
875
1325
1686
1919
1999
1909
1648
1227
671
17
-685
-1386
-2029
-2559
-2931
-3107
-3062
-2788
-2293
-1602
-756
189
1173
2126
2977
3662
4126
4327
4239
3857
3197
2295
1202
-10
-1266
-2480
-3568
-4453
-5069
-5367
-5317
-4915
-4179
-3149
-1887
-472
1004
2446
3758
4850
5646
6089
6145
5802
5080
4019
2686
1164
-449
-2049
-3531
-4798
-5766
-6370
-6569
-6347
-5719
-4722
-3422
-1902
-260
1397
2965
4340
5436
6182
6533
6469
5995
5145
3977
2568
1011
-593
-2141
-3535
-4687
-5529
-6010
-6106
-5818
-5169
-4209
-3004
-1636
-196
1224
2535
3656
4521
5082
5313
5208
4784
4078
3144
2047
863
-330
-1459
-2455
-3260
-3833
-4147
-4195
-3987
-3547
-2915
-2139
-1275
-382
484
1271
1937
2448
2784
2935
2907
2714
2381
1938
1421
867
311
-212
-679
-1068
-1365
-1564
-1666
-1679
-1612
-1480
-1299
-1084
-851
-610
-372
-145
69
267
449
615
765
899
1013
1106
1171
1202
1192
1135
1025
859
638
367
52
-290
-646
-995
-1313
-1579
-1770
-1869
-1862
-1742
-1507
-1165
-733
-233
305
850
1365
1814
2164
2388
2465
2385
2147
1761
1249
641
-24
-705
-1355
-1929
-2387
-2695
-2829
-2775
-2535
-2121
-1559
-884
-140
620
1349
1994
2510
2860
3020
2976
2730
2297
1705
996
217
-578
-1336
-2003
-2532
-2888
-3046
-2993
-2735
-2290
-1688
-972
-191
597
1341
1987
2492
2821
2953
2878
2605
2155
1559
863
115
-630
-1322
-1911
-2359
-2634
-2721
-2615
-2328
-1882
-1312
-662
22
690
1295
1794
2155
2354
2380
2236
1936
1506
980
399
-193
-753
-1240
-1621
-1870
-1973
-1926
-1738
-1426
-1019
-550
-57
422
850
1196
1436
1554
1545
1413
1173
848
466
60
-335
-688
-971
-1161
-1244
-1215
-1080
-851
-549
-202
159
504
802
1027
1159
1186
1104
919
647
308
-67
-449
-804
-1101
-1313
-1419
-1407
-1274
-1027
-682
-263
196
663
1099
1469
1742
1891
1900
1764
1487
1084
582
14
-579
-1156
-1673
-2088
-2370
-2491
-2437
-2207
-1810
-1269
-618
101
840
1549
2175
2674
3005
3142
3069
2784
2301
1645
857
-12
-909
-1773
-2545
-3171
-3605
-3813
-3775
-3487
-2961
-2226
-1324
-311
751
1794
2749
3553
4150
4496
4564
4341
3835
3073
2096
962
-260
-1497
-2669
-3701
-4526
-5086
-5340
-5266
-4862
-4145
-3154
-1944
-586
837
2242
3539
4647
5492
6019
6187
5980
5403
4484
3273
1838
263
-1357
-2926
-4348
-5531
-6402
-6900
-6990
-6659
-5920
-4812
-3395
-1750
24
1827
3548
5081
6334
7225
7697
7717
7276
6397
5127
3537
1719
-220
-2167
-4004
-5623
-6923
-7826
-8274
-8238
-7715
-6735
-5353
-3648
-1719
319
2348
4249
5907
7227
8129
8560
8495
7938
6922
5507
3776
1831
-214
-2241
-4133
-5780
-7091
-7990
-8430
-8389
-7874
-6919
-5581
-3942
-2096
-151
1782
3596
5192
6482
7401
7903
7968
7600
6825
5695
4277
2653
914
-843
-2527
-4050
-5335
-6320
-6963
-7237
-7137
-6678
-5891
-4823
-3534
-2091
-570
955
2412
3733
4859
5741
6343
6642
6628
6307
5697
4825
3734
2470
1091
-344
-1773
-3134
-4364
-5409
-6219
-6754
-6983
-6889
-6467
-5727
-4694
-3406
-1916
-289
1401
3075
4649
6039
7168
7968
8384
8378
7934
7057
5778
4147
2239
148
-2019
-4148
-6117
-7811
-9127
-9976
-10295
-10047
-9229
-7868
-6026
-3793
-1286
1356
3987
6452
8605
10310
11459
11971
11801
10945
9439
7358
4816
1953
-1066
-4066
-6868
-9303
-11222
-12505
-13066
-12866
-11908
-10243
-7964
-5202
-2120
1100
4268
7193
9700
11639
12892
13385
13088
12022
10250
7883
5063
1961
-1233
-4332
-7150
-9520
-11306
-12409
-12769
-12376
-11262
-9505
-7220
-4550
-1661
1272
4074
6583
8656
10182
11083
11323
10904
9868
8294
6290
3985
1523
-947
-3284
-5358
-7058
-8301
-9035
-9237
-8919
-8120
-6907
-5367
-3600
-1715
179
1978
3589
4937
5962
6630
6924
6851
6437
5722
4760
3613
2349
1035
-263
-1488
-2588
-3521
-4256
-4771
-5057
-5113
-4946
-4573
-4015
-3300
-2458
-1525
-538
465
1445
2365
3185
3871
4392
4721
4839
4733
4400
3849
3098
2174
1119
-19
-1186
-2320
-3361
-4247
-4924
-5348
-5485
-5317
-4845
-4086
-3076
-1866
-523
875
2247
3509
4582
5394
5892
6038
5817
5236
4326
3140
1748
237
-1298
-2760
-4054
-5095
-5813
-6159
-6109
-5664
-4850
-3721
-2349
-824
752
2276
3645
4768
5569
5996
6019
5638
4879
3795
2460
966
-583
-2084
-3432
-4536
-5320
-5732
-5746
-5361
-4608
-3539
-2230
-774
727
2169
3451
4485
5200
5548
5506
5079
4300
3223
1927
502
-950
-2330
-3540
-4498
-5138
-5418
-5319
-4851
-4048
-2967
-1686
-294
1113
2439
3592
4496
5089
5334
5217
4748
3962
2916
1681
342
-1009
-2283
-3396
-4275
-4865
-5130
-5058
-4656
-3957
-3010
-1879
-642
619
1825
2899
3773
4397
4735
4772
4513
3979
3211
2262
1194
77
-1019
-2029
-2893
-3564
-4007
-4201
-4144
-3846
-3333
-2641
-1818
-915
13
913
1736
2438
2984
3350
3525
3504
3298
2924
2408
1783
1084
350
-380
-1072
-1693
-2213
-2613
-2874
-2990
-2958
-2783
-2476
-2053
-1535
-947
-317
325
952
1532
2040
2450
2743
2903
2920
2792
2522
2121
1606
1002
337
-354
-1039
-1679
-2239
-2688
-2999
-3151
-3132
-2940
-2583
-2076
-1446
-726
44
821
1559
2217
2754
3137
3343
3356
3176
2810
2279
1614
854
43
-768
-1534
-2207
-2748
-3124
-3313
-3304
-3101
-2716
-2174
-1510
-765
15
784
1496
2108
2585
2903
3045
3007
2796
2428
1931
1336
682
9
-642
-1236
-1740
-2129
-2385
-2499
-2473
-2313
-2036
-1663
-1220
-735
-235
252
702
1096
1418
1657
1809
1874
1855
1759
1597
1379
1117
822
505
177
-153
-478
-789
-1077
-1335
-1554
-1724
-1838
-1885
-1857
-1747
-1552
-1271
-908
-472
22
556
1104
1637
2123
2529
2826
2985
2984
2811
2461
1942
1273
484
-383
-1281
-2155
-2947
-3604
-4073
-4315
-4300
-4014
-3463
-2666
-1662
-507
733
1981
3157
4181
4980
5493
5674
5499
4966
4095
2933
1543
11
-1569
-3095
-4466
-5586
-6375
-6771
-6738
-6267
-5377
-4116
-2558
-800
1047
2864
4529
5930
6969
7570
7686
7299
6428
5123
3462
1553
-482
-2510
-4395
-6009
-7243
-8008
-8250
-7946
-7111
-5798
-4090
-2098
44
2197
4213
5957
7310
8177
8499
8252
7449
6144
4424
2404
222
-1975
-4037
-5823
-7211
-8107
-8448
-8212
-7415
-6112
-4395
-2381
-210
1967
4002
5752
7099
7949
8246
7969
7142
5823
4106
2112
-17
-2134
-4091
-5750
-6997
-7747
-7949
-7592
-6703
-5348
-3623
-1652
424
2460
4312
5850
6968
7589
7672
7213
6247
4846
3110
1164
-854
-2801
-4542
-5953
-6937
-7427
-7392
-6836
-5802
-4365
-2628
-715
1238
3095
4726
6019
6884
7264
7136
6512
5439
3995
2284
426
-1447
-3207
-4733
-5920
-6690
-6992
-6812
-6164
-5100
-3697
-2054
-288
1479
3128
4545
5637
6334
6593
6404
5784
4783
3474
1951
320
-1305
-2816
-4113
-5112
-5751
-5993
-5831
-5283
-4394
-3230
-1876
-427
1018
2364
3522
4419
5004
5244
5132
4687
3946
2967
1821
590
-641
-1794
-2793
-3578
-4103
-4345
-4295
-3969
-3397
-2626
-1714
-727
268
1207
2029
2687
3145
3382
3393
3187
2789
2233
1563
829
81
-632
-1267
-1787
-2166
-2388
-2448
-2352
-2118
-1767
-1331
-843
-337
153
599
977
1268
1463
1556
1551
1458
1290
1065
801
517
234
-34
-274
-475
-631
-740
-803
-823
-806
-757
-683
-592
-489
-379
-265
-152
-39
70
176
279
375
463
541
603
647
667
661
624
555
454
322
165
-10
-198
-385
-561
-715
-835
-912
-937
-908
-822
-681
-494
-268
-17
242
496
726
919
1059
1136
1145
1082
950
757
513
234
-63
-360
-638
-878
-1066
-1188
-1238
-1210
-1108
-937
-708
-435
-135
171
467
734
956
1119
1215
1237
1187
1069
889
661
399
118
-163
-431
-669
-864
-1008
-1094
-1119
-1084
-993
-853
-674
-466
-240
-10
214
422
605
756
870
944
976
968
921
838
723
581
416
235
42
-155
-353
-543
-720
-876
-1005
-1100
-1153
-1161
-1117
-1019
-867
-663
-411
-120
198
532
864
1175
1448
1664
1805
1858
1812
1662
1408
1058
624
126
-410
-957
-1482
-1952
-2336
-2605
-2736
-2713
-2527
-2182
-1690
-1071
-358
410
1192
1939
2603
3141
3514
3691
3654
3395
2922
2254
1426
481
-526
-1537
-2489
-3322
-3981
-4419
-4603
-4514
-4149
-3522
-2665
-1623
-455
768
1976
3092
4047
4778
5235
5385
5211
4719
3932
2893
1660
308
-1084
-2432
-3652
-4667
-5414
-5842
-5921
-5643
-5021
-4089
-2901
-1528
-51
1438
2850
4099
5107
5811
6167
6152
5767
5032
3994
2715
1272
-245
-1746
-3139
-4338
-5272
-5885
-6141
-6026
-5549
-4743
-3657
-2361
-935
533
1954
3243
4321
5128
5616
5761
5560
5029
4206
3146
1917
597
-732
-1991
-3104
-4007
-4651
-5003
-5048
-4791
-4257
-3485
-2528
-1449
-317
797
1829
2718
3416
3888
4114
4089
3825
3347
2694
1910
1050
168
-681
-1451
-2098
-2591
-2908
-3040
-2990
-2773
-2410
-1933
-1377
-780
-180
388
893
1312
1627
1828
1914
1891
1770
1568
1305
1001
678
356
51
-220
-452
-637
-774
-864
-912
-923
-904
-862
-803
-731
-651
-563
-468
-365
-252
-129
5
151
306
464
622
769
898
998
1061
1077
1041
948
798
595
346
62
-242
-551
-845
-1106
-1315
-1458
-1522
-1501
-1390
-1195
-923
-588
-210
189
587
958
1279
1529
1691
1755
1714
1569
1329
1008
624
201
-234
-657
-1040
-1360
-1596
-1736
-1770
-1698
-1524
-1260
-923
-534
-119
297
689
1034
1311
1504
1603
1604
1510
1328
1071
758
407
42
-313
-641
-921
-1139
-1282
-1346
-1330
-1238
-1078
-862
-605
-324
-36
241
493
708
874
984
1036
1029
968
857
707
527
327
120
-83
-273
-442
-582
-688
-757
-787
-780
-736
-660
-556
-430
-286
-131
26
182
330
462
575
662
720
745
736
692
613
502
362
201
24
-159
-341
-511
-659
-777
-855
-889
-874
-808
-694
-536
-341
-119
115
351
572
766
918
1019
1060
1036
947
797
593
348
75
-208
-484
-735
-944
-1096
-1181
-1190
-1123
-982
-775
-514
-217
98
411
701
948
1135
1249
1281
1230
1096
888
620
309
-24
-358
-671
-940
-1147
-1279
-1325
-1283
-1154
-948
-677
-361
-20
322
643
921
1136
1275
1326
1289
1163
960
691
377
38
-301
-620
-895
-1107
-1244
-1295
-1258
-1135
-936
-675
-370
-42
285
590
852
1054
1181
1225
1186
1065
873
624
334
26
-279
-562
-801
-982
-1092
-1124
-1078
-959
-774
-539
-271
10
287
537
745
897
982
995
938
815
636
415
170
-82
-324
-537
-707
-821
-873
-859
-782
-649
-470
-259
-33
191
397
570
696
767
778
728
623
469
281
71
-143
-345
-520
-654
-737
-762
-726
-633
-489
-304
-94
127
342
533
687
790
835
815
732
591
401
175
-70
-317
-548
-745
-893
-979
-997
-942
-817
-629
-390
-116
173
460
722
942
1101
1189
1197
1122
967
742
461
140
-197
-531
-837
-1094
-1284
-1392
-1411
-1336
-1172
-927
-616
-258
121
501
854
1158
1391
1537
1587
1534
1383
1140
822
447
41
-372
-765
-1113
-1393
-1586
-1681
-1670
-1553
-1338
-1039
-674
-266
158
573
951
1269
1507
1650
1690
1624
1457
1200
870
489
80
-330
-716
-1055
-1324
-1509
-1598
-1587
-1478
-1280
-1005
-673
-304
77
447
784
1066
1276
1404
1443
1392
1256
1045
774
461
126
-209
-523
-799
-1018
-1170
-1245
-1242
-1161
-1011
-802
-548
-266
25
308
564
779
941
1039
1070
1032
931
773
569
333
81
-172
-410
-618
-784
-898
-954
-947
-881
-759
-589
-382
-152
87
321
534
714
848
929
950
911
812
660
463
233
-16
-269
-511
-726
-900
-1021
-1081
-1073
-997
-855
-654
-405
-122
178
478
758
1001
1190
1311
1353
1312
1187
981
706
376
8
-374
-748
-1091
-1379
-1592
-1713
-1732
-1644
-1450
-1157
-782
-344
131
615
1078
1490
1823
2053
2163
2142
1986
1702
1303
810
252
-337
-922
-1466
-1934
-2294
-2520
-2595
-2510
-2267
-1878
-1364
-754
-85
601
1264
1859
2349
2701
2890
2902
2734
2393
1899
1281
576
-170
-914
-1607
-2205
-2670
-2972
-3089
-3015
-2753
-2318
-1738
-1049
-294
477
1219
1882
2425
2814
3024
3043
2871
2520
2013
1384
674
-70
-801
-1473
-2043
-2475
-2743
-2833
-2741
-2476
-2058
-1518
-891
-221
447
1071
1610
2031
2308
2427
2384
2186
1850
1402
876
308
-260
-792
-1252
-1610
-1845
-1945
-1907
-1739
-1455
-1081
-646
-182
274
692
1043
1301
1453
1488
1410
1226
955
618
244
-136
-495
-804
-1040
-1186
-1231
-1173
-1019
-781
-479
-138
215
553
847
1075
1217
1261
1203
1046
800
484
121
-262
-637
-974
-1248
-1436
-1523
-1499
-1363
-1124
-796
-401
34
480
905
1279
1573
1767
1844
1797
1626
1342
962
509
13
-493
-975
-1402
-1744
-1977
-2085
-2059
-1900
-1617
-1227
-755
-231
310
836
1311
1706
1993
2156
2184
2074
1835
1480
1035
525
-14
-551
-1050
-1482
-1819
-2042
-2136
-2099
-1933
-1650
-1271
-818
-323
184
672
1111
1474
1741
1896
1933
1852
1661
1373
1010
594
154
-282
-689
-1043
-1323
-1515
-1609
-1603
-1501
-1313
-1053
-740
-396
-42
298
606
863
1056
1176
1219
1187
1085
923
714
474
219
-33
-268
-472
-635
-748
-809
-816
-773
-686
-563
-416
-254
-90
65
204
318
403
454
473
459
418
353
272
181
87
-3
-85
-154
-207
-241
-257
-254
-235
-202
-158
-107
-52
2
55
102
141
169
187
192
186
166
136
95
45
-9
-69
-129
-187
-238
-279
-307
-317
-309
-279
-228
-156
-66
37
151
267
379
478
555
605
620
595
528
419
272
92
-109
-324
-536
-732
-897
-1017
-1080
-1077
-1003
-857
-644
-373
-59
281
626
953
1239
1461
1601
1645
1583
1414
1142
781
349
-128
-622
-1100
-1529
-1879
-2123
-2239
-2214
-2044
-1733
-1297
-760
-152
487
1119
1699
2189
2552
2760
2795
2648
2325
1841
1223
509
-256
-1024
-1745
-2368
-2851
-3159
-3268
-3165
-2855
-2352
-1687
-901
-43
829
1662
2397
2986
3387
3571
3523
3245
2752
2073
1253
344
-593
-1500
-2314
-2981
-3456
-3707
-3716
-3482
-3018
-2355
-1536
-615
347
1286
2141
2855
3379
3681
3739
3550
3127
2500
1709
809
-139
-1076
-1936
-2664
-3211
-3543
-3638
-3492
-3116
-2536
-1793
-938
-28
875
1712
2428
2976
3321
3442
3333
3004
2480
1797
1002
150
-701
-1496
-2182
-2715
-3061
-3201
-3127
-2848
-2385
-1772
-1051
-272
511
1249
1892
2399
2740
2896
2858
2634
2241
1710
1078
389
-309
-973
-1559
-2029
-2356
-2522
-2521
-2358
-2046
-1612
-1087
-509
83
650
1156
1569
1867
2034
2064
1961
1738
1413
1015
571
113
-326
-721
-1048
-1287
-1430
-1473
-1419
-1279
-1068
-808
-519
-224
54
300
497
637
716
734
698
618
509
384
258
146
57
0
-21
-9
30
90
157
219
263
276
249
176
57
-103
-298
-513
-730
-930
-1093
-1199
-1232
-1179
-1034
-797
-477
-87
348
805
1251
1652
1978
2198
2290
2237
2032
1678
1189
590
-86
-800
-1504
-2153
-2699
-3101
-3325
-3347
-3155
-2753
-2155
-1393
-510
443
1407
2320
3121
3753
4171
4339
4237
3865
3236
2383
1355
211
-978
-2138
-3195
-4077
-4724
-5090
-5146
-4879
-4301
-3442
-2350
-1091
257
1614
2891
4008
4890
5480
5734
5634
5181
4399
3335
2052
630
-843
-2275
-3576
-4662
-5465
-5931
-6030
-5755
-5122
-4169
-2957
-1560
-67
1427
2831
4055
5024
5678
5976
5902
5462
4687
3628
2353
944
-508
-1914
-3186
-4245
-5028
-5490
-5606
-5375
-4817
-3971
-2897
-1664
-355
949
2166
3222
4055
4620
4886
4846
4511
3910
3088
2103
1022
-84
-1148
-2104
-2897
-3484
-3837
-3944
-3809
-3452
-2904
-2209
-1417
-581
243
1007
1667
2189
2550
2738
2753
2607
2321
1924
1448
929
403
-96
-544
-916
-1200
-1388
-1481
-1487
-1417
-1288
-1118
-924
-723
-529
-352
-199
-70
35
123
200
274
352
439
539
651
771
890
999
1085
1134
1133
1072
943
742
474
145
-229
-630
-1035
-1416
-1746
-2000
-2154
-2190
-2097
-1872
-1520
-1055
-500
114
753
1378
1949
2427
2778
2976
3002
2848
2518
2024
1395
662
-129
-935
-1704
-2390
-2949
-3343
-3546
-3542
-3328
-2912
-2318
-1579
-737
158
1053
1895
2634
3223
3627
3822
3794
3545
3089
2451
1670
791
-134
-1052
-1909
-2655
-3247
-3652
-3848
-3823
-3581
-3138
-2519
-1763
-912
-16
872
1704
2434
3022
3435
3654
3668
3480
3103
2559
1882
1110
288
-540
-1328
-2035
-2623
-3063
-3334
-3423
-3330
-3062
-2636
-2078
-1417
-692
59
799
1487
2090
2578
2928
3122
3155
3025
2743
2322
1787
1165
488
-208
-890
-1524
-2077
-2524
-2841
-3013
-3032
-2898
-2617
-2203
-1676
-1064
-396
292
968
1596
2144
2584
2891
3050
3050
2891
2579
2130
1564
912
207
-514
-1213
-1853
-2398
-2817
-3087
-3192
-3124
-2884
-2485
-1947
-1298
-574
185
940
1645
2262
2755
3095
3262
3245
3044
2669
2141
1490
752
-29
-811
-1546
-2192
-2712
-3074
-3257
-3251
-3056
-2683
-2154
-1501
-762
18
793
1518
2149
2648
2987
3146
3115
2899
2510
1973
1323
598
-156
-894
-1571
-2147
-2585
-2862
-2962
-2879
-2621
-2204
-1658
-1016
-319
388
1063
1663
2151
2499
2685
2700
2545
2232
1782
1224
596
-61
-706
-1299
-1801
-2181
-2417
-2495
-2411
-2173
-1797
-1310
-742
-133
477
1051
1550
1943
2206
2320
2282
2094
1768
1329
805
230
-355
-916
-1413
-1814
-2094
-2234
-2226
-2071
-1779
-1370
-871
-315
260
818
1321
1737
2037
2202
2221
2093
1827
1439
955
407
-168
-734
-1252
-1688
-2014
-2208
-2256
-2156
-1913
-1544
-1073
-531
46
620
1153
1609
1958
2177
2250
2173
1952
1599
1141
606
31
-543
-1081
-1545
-1903
-2131
-2213
-2144
-1929
-1583
-1129
-599
-30
538
1067
1519
1863
2074
2136
2047
1811
1446
977
437
-133
-695
-1206
-1630
-1935
-2098
-2106
-1957
-1662
-1239
-720
-142
453
1021
1519
1909
2160
2250
2170
1923
1523
998
384
-275
-932
-1537
-2044
-2411
-2609
-2618
-2431
-2056
-1516
-845
-89
700
1466
2151
2705
3081
3247
3185
2892
2379
1678
832
-104
-1067
-1990
-2806
-3455
-3886
-4062
-3962
-3584
-2947
-2087
-1054
82
1251
2371
3365
4162
4702
4941
4854
4439
3714
2721
1519
183
-1200
-2542
-3749
-4740
-5443
-5806
-5796
-5406
-4654
-3581
-2251
-747
836
2398
3835
5051
5963
6506
6639
6347
5640
4560
3169
