   12291
   14653
   16590
   18096
   19176
   19857
   20118
   19946
   19311
   18239
   16768
   14898
   12657
   10079
    7220
    4057
     614
   -3079
   -6933
  -10897
  -14934
  -19041
  -23178
  -27071
  -30708
  -34495
  -38406
  -42330
  -46211
  -49967
  -53578
  -57069
  -60340
  -63193
  -65685
  -67941
  -69948
  -71673
  -73071
  -74114
  -74811
  -75204
  -75243
  -74942
  -74295
  -73337
  -72064
  -70216
  -67551
  -64737
  -62081
  -59441
  -56693
  -53806
  -50785
  -47656
  -44426
  -41151
  -37881
  -34679
  -31569
  -28544
  -25668
  -22976
  -20481
  -18163
  -15966
  -13894
  -11999
  -10312
   -8824
   -7521
   -6447
   -5597
   -4946
   -4559
   -4398
   -4370
   -4421
   -4756
   -5494
   -6524
   -7741
   -9220
  -10984
  -13037
  -15325
  -17607
  -19745
  -22098
  -24765
  -27623
  -30512
  -33340
  -36129
  -38861
  -41540
  -44176
  -46762
  -49200
  -51465
  -53538
  -55444
  -57160
  -58673
  -59952
  -60997
  -61852
  -62528
  -62991
  -63225
  -63246
  -63033
  -62574
  -61876
  -60938
  -59755
  -58347
  -56735
  -54929
  -52926
  -50745
  -48385
  -45895
  -43283
  -40595
  -37897
  -35206
  -32535
  -29873
  -27290
  -24706
  -21911
  -19245
  -16926
  -14776
  -12846
  -11216
   -9919
   -8989
   -8441
   -8276
   -8415
   -8834
   -9525
  -10458
  -11573
  -12872
  -14352
  -16004
  -17821
  -19772
  -21876
  -24138
  -26514
  -28976
  -31502
  -34056
  -36638
  -39232
  -41805
  -44322
  -46759
  -49056
  -51182
  -53101
  -54812
  -56344
  -57677
  -58797
  -59681
  -60334
  -60753
  -60919
  -60862
  -60605
  -60162
  -59537
  -58737
  -57799
  -56740
  -55587
  -54336
  -52985
  -51521
  -49929
  -48228
  -46424
  -44519
  -42492
  -40389
  -38219
  -35980
  -33728
  -31493
  -29311
  -27157
  -25096
  -23169
  -21361
  -19659
  -18085
  -16662
  -15388
  -14280
  -13333
  -12573
  -12007
  -11656
  -11515
  -11577
  -11819
  -12236
  -12805
  -13524
  -14384
  -15403
  -16535
  -17795
  -19174
  -20695
  -22343
  -24088
  -25924
  -27838
  -29838
  -31881
  -33894
  -35848
  -37704
  -39420
  -41000
  -42480
  -43872
  -45158
  -46341
  -47407
  -48380
  -49245
  -49997
  -50574
  -50979
  -51182
  -51215
  -51082
  -50805
  -50421
  -49920
  -49353
  -48697
  -47978
  -47187
  -46298
  -45315
  -44233
  -43074
  -41853
  -40573
  -39220
  -37815
  -36377
  -34952
  -33528
  -32123
  -30794
  -29529
  -28353
  -27282
  -26317
  -25516
  -24886
  -24392
  -24027
  -23777
  -23647
  -23644
  -23753
  -23955
  -24278
  -24709
  -25242
  -25868
  -26545
  -27271
  -28038
  -28859
  -29710
  -30608
  -31526
  -32480
  -33474
  -34493
  -35521
  -36555
  -37575
  -38560
  -39535
  -40498
  -41413
  -42300
  -43128
  -43926
  -44684
  -45395
  -46013
  -46545
  -46992
  -47361
  -47622
  -47776
  -47843
  -47793
  -47622
  -47303
  -46843
  -46280
  -45616
  -44857
  -44011
  -43074
  -42089
  -41060
  -40005
  -38914
  -37782
  -36639
  -35456
  -34255
  -33054
  -31837
  -30582
  -29311
  -28026
  -26777
  -25559
  -24386
  -23294
  -22335
  -21577
  -20970
  -20553
  -20344
  -20375
  -20637
  -21100
  -21716
  -22460
  -23292
  -24177
  -25106
  -26085
  -27109
  -28169
  -29268
  -30394
  -31533
  -32714
  -33913
  -35113
  -36292
  -37447
  -38593
  -39732
  -40894
  -42081
  -43311
  -44550
  -45789
  -47006
  -48181
  -49285
  -50271
  -51127
  -51851
  -52446
  -52893
  -53188
  -53161
  -52702
  -52174
  -51731
  -51282
  -50783
  -50175
  -49374
  -48146
  -46482
  -44995
  -43852
  -42792
  -41598
  -40269
  -38903
  -37560
  -36227
  -34946
  -33696
  -32486
  -31350
  -30286
  -29270
  -28344
  -27495
  -26744
  -26081
  -25503
  -25025
  -24671
  -24390
  -24182
  -24087
  -24101
  -24234
  -24466
  -24816
  -25263
  -25831
  -26506
  -27272
  -28050
  -28860
  -29801
  -30910
  -32108
  -33330
  -34559
  -35772
  -36964
  -38168
  -39369
  -40529
  -41639
  -42661
  -43610
  -44447
  -45168
  -45783
  -46282
  -46261
  -45666
  -45546
  -45858
  -46073
  -46112
  -46083
  -46023
  -45919
  -45707
  -45406
  -45040
  -44611
  -44117
  -43557
  -42948
  -42286
  -41621
  -40930
  -40217
  -39456
  -38664
  -37840
  -37010
  -36200
  -35393
  -34631
  -33899
  -33214
  -32637
  -32174
  -31823
  -31542
  -31324
  -31139
  -30940
  -30764
  -30654
  -30623
  -30574
  -30464
  -30298
  -30100
  -29955
  -30301
  -31594
  -33258
  -34526
  -35401
  -36203
  -36764
  -37085
  -37143
  -37103
  -37094
  -37056
  -37031
  -37051
  -37060
  -37016
  -36978
  -36930
  -36825
  -36673
  -36447
  -36135
  -35803
  -35479
  -35088
  -34683
  -34326
  -34110
  -33971
  -33877
  -33877
  -33926
  -34032
  -34160
  -34246
  -34320
  -34375
  -34405
  -34443
  -34472
  -34432
  -34349
  -34110
  -33401
  -32730
  -32379
  -32191
  -32084
  -32041
  -31972
  -31895
  -31882
  -31931
  -32030
  -32120
  -32245
  -32446
  -32707
  -32893
  -32988
  -33114
  -33312
  -33639
  -34066
  -34578
  -35173
  -35834
  -36570
  -37411
  -38307
  -39105
  -39856
  -40568
  -41209
  -41782
  -42119
  -42312
  -42388
  -42286
  -42052
  -42041
  -42278
  -42457
  -42515
  -42638
  -42837
  -43144
  -43409
  -43581
  -43652
  -43604
  -43487
  -43500
  -43657
  -43894
  -43999
  -44018
  -44037
  -43998
  -43852
  -43582
  -43234
  -42843
  -42419
  -41941
  -41435
  -40876
  -40250
  -39570
  -38779
  -37759
  -36838
  -36092
  -35464
  -34971
  -34575
  -34191
  -33809
  -33468
  -33149
  -32867
  -32583
  -32325
  -32119
  -31960
  -31854
  -31774
  -31676
  -31590
  -31556
  -31556
  -31550
  -31555
  -31582
  -31624
  -31708
  -31820
  -31941
  -32112
  -32304
  -32513
  -32737
  -32930
  -33078
  -33193
  -33319
  -33425
  -33446
  -33217
  -32749
  -32351
  -32145
  -32122
  -32243
  -32488
  -32801
  -33197
  -33676
  -34224
  -34840
  -35497
  -36216
  -36969
  -37736
  -38497
  -39220
  -39926
  -40600
  -41231
  -41841
  -42383
  -42858
  -43258
  -43354
  -43034
  -42914
  -43040
  -43195
  -43353
  -43430
  -43361
  -43302
  -43257
  -43213
  -43185
  -43263
  -43299
  -43206
  -43002
  -42696
  -42297
  -41855
  -41358
  -40468
  -39066
  -37917
  -37135
  -36502
  -35927
  -35300
  -34641
  -34005
  -33434
  -32922
  -32466
  -32042
  -31665
  -31313
  -30991
  -30711
  -30443
  -30210
  -30009
  -29836
  -29664
  -29490
  -29337
  -29229
  -29152
  -29048
  -29086
  -29666
  -30996
  -32903
  -35229
  -37778
  -40362
  -43008
  -45664
  -48302
  -50874
  -53327
  -55621
  -57733
  -59640
  -61347
  -62851
  -64127
  -65162
  -65919
  -66391
  -66663
  -66701
  -66462
  -65940
  -65155
  -64128
  -62865
  -61365
  -59660
  -57778
  -55705
  -53463
  -51045
  -48470
  -45790
  -43010
  -40178
  -37299
  -34389
  -31510
  -28647
  -25811
  -23066
  -20490
  -18078
  -15786
  -13654
  -11763
  -10139
   -8710
   -7464
   -6331
   -5330
   -4474
   -3763
   -3239
   -2927
   -2840
   -2977
   -3370
   -4040
   -4991
   -6177
   -7600
   -9241
  -11086
  -13093
  -15267
  -17635
  -20229
  -23046
  -26054
  -29231
  -32511
  -35879
  -39305
  -42741
  -46137
  -49438
  -52640
  -55687
  -58534
  -61164
  -63599
  -65854
  -67897
  -69721
  -71273
  -72517
  -73464
  -74083
  -74339
  -74239
  -73860
  -73194
  -72247
  -71032
  -69579
  -67953
  -66143
  -64168
  -62004
  -59668
  -57219
  -54665
  -52022
  -49280
  -46458
  -43438
  -39792
  -36069
  -32905
  -30166
  -27421
  -24630
  -21920
  -19348
  -16954
  -14752
  -12758
  -10996
   -9435
   -8116
   -7013
   -6117
   -5477
   -5099
   -4976
   -5080
   -5429
   -6003
   -6798
   -7827
   -9066
  -10505
  -12131
  -13939
  -15892
  -17992
  -20235
  -22607
  -25093
  -27672
  -30349
  -33131
  -35964
  -38793
  -41602
  -44361
  -47084
  -49744
  -52304
  -54791
  -57167
  -59415
  -61482
  -63343
  -64998
  -66408
  -67591
  -68499
  -69127
  -69504
  -69604
  -69382
  -68911
  -68135
  -66838
  -64939
  -62446
  -59583
  -56509
  -53285
  -49974
  -46590
  -42969
  -38966
  -34746
  -30386
  -25793
  -21153
  -16615
  -11901
   -6601
    -664
    6603
   17446
   32248
   48860
   64072
   76959
   87928
   97210
  104897
  111011
  115597
  118842
  121143
  122969
  123982
  123327
  120646
  116204
  110220
  102960
   94675
   85490
   75467
   64642
   53096
   40897
   28136
   14859
    1192
  -12770
  -26941
  -41211
  -55489
  -69648
  -83563
  -97119
 -110225
 -122805
 -134819
 -146184
 -156808
 -166591
 -175437
 -183282
 -190058
 -195699
 -200143
 -203336
 -205230
 -205816
 -205115
 -203104
 -199814
 -195301
 -189625
 -182844
 -175035
 -166247
 -156560
 -146061
 -134861
 -123029
 -110651
  -97789
  -84625
  -71306
  -57762
  -44087
  -30455
  -16993
   -3800
    9020
   21347
   33094
   44218
   54638
   64286
   73080
   80942
   87825
   93701
   98524
  102250
  104890
  106416
  106837
  106169
  104404
  101548
   97640
   92718
   86830
   80066
   72479
   64132
   55079
   45357
   35062
   24266
   13092
    1645
   -9986
  -21673
  -33287
  -44672
  -55744
  -66423
  -76678
  -86437
  -95631
 -104214
 -112102
 -119228
 -125544
 -131044
 -135668
 -139358
 -142100
 -143904
 -144741
 -144644
 -143609
 -141687
 -138925
 -135330
 -130930
 -125753
 -119866
 -113318
 -106178
  -98534
  -90515
  -82247
  -73791
  -65191
  -56493
  -47761
  -39013
  -30305
  -21694
  -13257
   -5073
    2800
   10347
   17527
   24326
   30660
   36481
   41753
   46433
   50473
   53879
   56610
   58633
   59907
   60456
   60305
   59452
   57879
   55585
   52642
   49103
   44999
   40376
   35274
   29721
   23788
   17478
   10825
    3835
   -3424
  -10874
  -18426
  -26058
  -33696
  -41275
  -48743
  -56049
  -63172
  -70059
  -76657
  -82915
  -88797
  -94245
  -99237
 -103706
 -107597
 -110913
 -113626
 -115698
 -117086
 -117822
 -117882
 -117279
 -116057
 -114279
 -111933
 -109022
 -105570
 -101600
  -97168
  -92285
  -87003
  -81351
  -75347
  -69014
  -62424
  -55653
  -48790
  -41887
  -34947
  -28039
  -21238
  -14571
   -8036
   -1730
    4319
   10084
   15521
   20581
   25232
   29457
   33214
   36485
   39241
   41483
   43179
   44302
   44817
   44714
   44003
   42698
   40831
   38401
   35448
   31978
   28070
   23919
   19635
   15204
   10543
    5623
     453
   -4932
  -10524
  -16268
  -22080
  -27924
  -33728
  -39452
  -45047
  -50488
  -55760
  -60848
  -65715
  -70332
  -74673
  -78696
  -82407
  -85801
  -88832
  -91450
  -93656
  -95447
  -96786
  -97646
  -97993
  -97861
  -97220
  -96081
  -94433
  -92322
  -89780
  -86814
  -83454
  -79701
  -75604
  -71197
  -66525
  -61595
  -56445
  -51141
  -45728
  -40300
  -34868
  -29129
  -23098
  -16959
  -10669
   -4401
    1626
    7441
   12916
   17888
   22193
   25718
   28461
   30545
   32120
   33029
   33449
   33384
   32832
   31792
   30262
   28225
   25717
   22817
   19589
   16033
   12138
    7908
    3321
   -1649
   -6929
  -12460
  -18166
  -23991
  -29843
  -35651
  -41326
  -46823
  -52007
  -56712
  -61002
  -64776
  -68052
  -70873
  -73249
  -75261
  -76866
  -78047
  -78851
  -79301
  -79422
  -79197
  -78619
  -77768
  -76703
  -75436
  -73924
  -72176
  -70209
  -68028
  -65642
  -63033
  -60238
  -57274
  -54170
  -50943
  -47628
  -44253
  -40841
  -37370
  -33794
  -30143
  -26478
  -22922
  -19506
  -16247
  -13136
  -10217
   -7487
   -4896
   -2469
    -251
    1706
    3378
    4755
    5829
    6524
    6837
    6783
    6381
    5634
    4494
    3033
    1301
    -708
   -2980
   -5474
   -8184
  -11089
  -14190
  -17438
  -20781
  -24191
  -27653
  -31135
  -34590
  -38013
  -41357
  -44581
  -47641
  -50556
  -53303
  -55855
  -58192
  -60292
  -62166
  -63823
  -65254
  -66432
  -67331
  -67942
  -68289
  -68349
  -68136
  -67647
  -66872
  -65838
  -64550
  -63009
  -61239
  -59251
  -57030
  -54594
  -51963
  -49170
  -46203
  -43069
  -39807
  -36473
  -33098
  -29725
  -26394
  -23154
  -20044
  -17049
  -14213
  -11529
   -9029
   -6725
   -4620
   -2733
   -1082
     363
    1590
    2559
    3279
    3703
    3842
    3705
    3279
    2576
    1610
     382
   -1087
   -2768
   -4669
   -6771
   -9071
  -11566
  -14303
  -17222
  -20227
  -23291
  -26445
  -29596
  -32706
  -35735
  -38754
  -41771
  -44671
  -47435
  -50038
  -52428
  -54580
  -56632
  -58587
  -60394
  -62155
  -63935
  -65639
  -67011
  -67700
  -67787
  -67507
  -66907
  -65998
  -64859
  -63607
  -62211
  -60602
  -58712
  -56645
  -54190
  -51647
  -49351
  -47161
  -45121
  -43248
  -41461
  -39681
  -37925
  -36211
  -34519
  -32873
  -31298
  -29648
  -27723
  -25860
  -24308
  -22920
  -21650
  -20473
  -19409
  -18469
  -17691
  -17080
  -16646
  -16400
  -16236
  -16243
  -16455
  -16821
  -17284
  -17846
  -18530
  -19345
  -20291
  -21369
  -22582
  -23874
  -25257
  -26689
  -28138
  -29578
  -31018
  -32425
  -33751
  -34934
  -35736
  -36270
  -36954
  -37613
  -38167
  -38745
  -39360
  -39861
  -40313
  -40769
  -41007
  -41032
  -41165
  -41411
  -41573
  -41746
  -42084
  -42429
  -42632
  -42762
  -42778
  -42555
  -42096
  -41738
  -41393
  -40746
  -39994
  -39338
  -38575
  -37638
  -36956
  -36551
  -36146
  -35731
  -35453
  -35130
  -34650
  -34277
  -34124
  -31405
  -16115
  -10304
  -10333
  -10310
  -10474
  -11082
  -11887
  -12631
  -13575
  -14825
  -16213
  -17754
  -19495
  -21338
  -23179
  -25204
  -27383
  -29514
  -31691
  -34031
  -36260
  -38404
  -40674
  -42873
  -44826
  -46700
  -48464
  -50032
  -51484
  -52809
  -53857
  -54768
  -55602
  -56242
  -56683
  -56996
  -57059
  -56868
