8111
8174
7710
6762
5405
3738
1875
-56
-1932
-3631
-5051
-6108
-6746
-6937
-6682
-6012
-4984
-3675
-2177
-593
973
2424
3671
4643
5288
5579
5511
5102
4391
3435
2305
1078
-164
-1345
-2393
-3249
-3868
-4224
-4307
-4125
-3701
-3074
-2291
-1410
-488
416
1249
1965
2526
2908
3097
3094
2908
2563
2087
1516
890
247
-372
-936
-1415
-1785
-2034
-2154
-2147
-2021
-1791
-1475
-1097
-681
-251
166
551
885
1152
1342
1450
1475
1418
1289
1096
853
575
279
-20
-307
-566
-785
-954
-1064
-1112
-1097
-1021
-890
-711
-496
-257
-9
233
457
648
797
892
930
906
824
687
505
288
52
-189
-419
-621
-783
-891
-938
-920
-835
-690
-493
-256
4
270
523
745
919
1031
1073
1039
929
749
510
228
-79
-391
-686
-941
-1140
-1266
-1309
-1265
-1134
-924
-648
-324
28
384
721
1015
1247
1400
1462
1429
1303
1089
803
460
84
-300
-670
-1000
-1269
-1459
-1557
-1556
-1456
-1262
-987
-646
-262
140
536
902
1212
1448
1593
1639
1582
1424
1176
853
474
63
-354
-752
-1105
-1392
-1594
-1699
-1699
-1595
-1392
-1103
-746
-343
81
502
891
1226
1486
1654
1721
1682
1540
1303
987
611
198
-226
-636
-1007
-1315
-1543
-1676
-1707
-1635
-1464
-1206
-877
-497
-91
316
702
1040
1312
1501
1596
1594
1494
1304
1037
711
345
-35
-409
-753
-1045
-1270
-1413
-1469
-1434
-1313
-1116
-854
-547
-214
123
445
731
965
1132
1226
1241
1179
1046
852
611
341
57
-219
-474
-690
-856
-962
-1005
-984
-904
-770
-596
-392
-175
41
243
419
557
651
698
696
648
562
444
305
156
8
-128
-245
-335
-393
-418
-412
-376
-317
-240
-156
-70
8
74
121
147
151
134
100
53
0
-54
-101
-136
-152
-149
-124
-78
-14
60
142
222
292
344
373
372
340
276
182
63
-73
-218
-360
-489
-594
-666
-696
-679
-614
-503
-350
-163
44
262
473
663
818
925
975
961
881
738
539
295
20
-266
-549
-806
-1021
-1176
-1261
-1266
-1189
-1032
-803
-514
-184
166
517
843
1122
1336
1468
1507
1449
1295
1053
736
365
-38
-449
-840
-1185
-1462
-1650
-1735
-1711
-1577
-1340
-1013
-617
-174
285
733
1141
1481
1731
1872
1896
1798
1584
1266
862
399
-95
-589
-1052
-1453
-1767
-1972
-2055
-2009
-1837
-1548
-1160
-696
-186
337
843
1299
1675
1947
2099
2120
2008
1771
1422
983
482
-50
-580
-1076
-1507
-1845
-2071
-2170
-2135
-1971
-1687
-1301
-837
-323
207
723
1193
1588
1885
2066
2121
2048
1851
1544
1147
683
181
-328
-814
-1249
-1607
-1867
-2015
-2043
-1952
-1747
-1443
-1058
-616
-144
331
781
1180
1506
1740
1872
1894
1806
1617
1337
985
581
149
-285
-699
-1068
-1373
-1597
-1729
-1764
-1701
-1545
-1306
-999
-641
-254
141
523
872
1167
1395
1544
1607
1581
1470
1280
1023
713
368
6
-353
-691
-989
-1232
-1408
-1508
-1527
-1465
-1326
-1117
-850
-539
-202
144
480
790
1056
1264
1404
1468
1452
1357
1189
956
671
349
8
-335
-660
-951
-1191
-1367
-1469
-1491
-1431
-1293
-1083
-813
-498
-154
198
541
855
1121
1325
1455
1502
1465
1343
1144
879
562
210
-154
-512
-843
-1128
-1348
-1492
-1551
-1519
-1400
-1199
-927
-600
-237
140
511
852
1143
1367
1510
1563
1522
1389
1172
883
539
161
-228
-606
-949
-1235
-1448
-1574
-1605
-1538
-1377
-1131
-815
-449
-55
343
721
1055
1323
1510
1602
1593
1485
1282
998
650
259
-149
-550
-919
-1231
-1466
-1610
-1653
-1591
-1429
-1176
-847
-464
-51
365
759
1105
1381
1569
1656
1636
1511
1288
981
609
197
-229
-642
-1016
-1326
-1551
-1677
-1697
-1607
-1415
-1131
-775
-369
59
484
878
1214
1472
1634
1690
1637
1478
1223
889
498
75
-352
-757
-1112
-1396
-1591
-1683
-1668
-1547
-1328
-1026
-660
-255
162
567
932
1236
1458
1586
1611
1535
1362
1104
779
408
15
-373
-736
-1048
-1292
-1452
-1521
-1495
-1379
-1179
-912
-594
-246
109
450
756
1010
1197
1307
1336
1284
1156
963
717
436
136
-162
-443
-691
-892
-1035
-1116
-1131
-1083
-976
-820
-625
-403
-169
64
284
480
643
765
842
873
858
801
706
581
432
268
98
-71
-232
-378
-503
-603
-675
-716
-727
-707
-658
-581
-480
-359
-223
-76
75
226
369
498
607
690
743
763
745
690
599
474
321
145
-45
-240
-430
-604
-751
-864
-933
-954
-923
-840
-708
-532
-321
-87
156
397
621
813
961
1056
1090
1060
966
813
608
363
93
-186
-459
-707
-917
-1073
-1167
-1191
-1143
-1026
-847
-616
-347
-58
235
513
759
957
1095
1165
1162
1087
944
743
497
221
-65
-346
-603
-819
-982
-1082
-1113
-1074
-968
-804
-591
-346
-83
178
424
637
804
915
965
950
873
741
563
351
121
-111
-332
-527
-682
-789
-841
-836
-775
-664
-511
-328
-127
77
272
443
579
672
716
709
652
549
409
241
58
-128
-304
-458
-579
-659
-693
-679
-617
-513
-373
-207
-27
155
327
477
595
673
704
686
621
512
366
192
2
-191
-377
-541
-674
-765
-808
-800
-740
-631
-480
-296
-88
128
340
536
701
826
900
920
882
787
641
451
229
-12
-259
-496
-708
-883
-1007
-1074
-1077
-1015
-891
-710
-484
-224
53
333
597
830
1017
1146
1207
1197
1113
961
749
487
191
-121
-431
-721
-973
-1170
-1300
-1354
-1329
-1224
-1045
-802
-508
-182
157
490
796
1056
1254
1378
1419
1374
1247
1043
775
459
114
-238
-578
-884
-1137
-1322
-1428
-1449
-1382
-1233
-1011
-729
-405
-60
285
611
896
1124
1282
1359
1353
1264
1099
870
591
280
-43
-358
-646
-890
-1074
-1190
-1230
-1195
-1089
-919
-697
-440
-163
113
374
603
787
914
979
981
921
805
643
447
232
11
-200
-388
-543
-655
-720
-735
-702
-625
-514
-376
-223
-66
82
214
320
395
436
441
413
356
278
185
85
-11
-97
-168
-217
-242
-243
-221
-179
-123
-58
7
69
119
154
170
165
140
96
39
-27
-97
-164
-221
-262
-284
-283
-259
-212
-145
-62
28
122
211
288
346
381
389
369
321
248
154
46
-68
-181
-285
-372
-435
-470
-474
-446
-388
-303
-198
-79
44
165
274
363
427
461
463
432
372
285
180
63
-57
-173
-276
-359
-416
-443
-439
-405
-344
-260
-159
-50
60
163
252
320
363
378
364
322
257
172
76
-25
-124
-213
-286
-337
-363
-362
-334
-281
-208
-120
-23
74
167
247
308
346
358
343
303
239
157
62
-39
-139
-232
-310
-368
-402
-410
-390
-344
-275
-188
-87
19
125
224
309
375
417
432
420
382
319
236
137
29
-80
-187
-284
-365
-426
-462
-473
-456
-415
-350
-266
-168
-60
49
157
255
340
406
451
471
466
435
382
308
217
114
4
-107
-215
-314
-398
-463
-506
-524
-516
-482
-423
-342
-242
-127
-4
120
242
353
449
522
570
588
575
530
455
353
229
89
-60
-211
-354
-483
-588
-664
-706
-709
-673
-598
-489
-349
-187
-10
169
343
501
632
729
786
797
762
682
560
403
219
20
-183
-379
-556
-703
-810
-871
-882
-842
-752
-617
-446
-247
-34
181
387
569
718
824
881
885
836
737
594
415
213
-2
-216
-417
-592
-731
-827
-872
-867
-810
-706
-562
-386
-191
12
212
396
554
675
755
787
772
711
609
471
308
130
-52
-229
-388
-522
-622
-684
-704
-682
-621
-525
-401
-256
-101
55
204
336
445
523
568
577
551
493
406
298
174
43
-87
-208
-315
-399
-458
-488
-488
-459
-404
-327
-232
-126
-16
90
188
272
337
379
396
387
355
301
229
144
51
-43
-133
-214
-281
-329
-357
-362
-345
-306
-249
-178
-96
-9
77
157
227
281
317
333
326
298
251
186
110
25
-62
-147
-223
-287
-333
-359
-363
-345
-305
-246
-171
-85
7
99
187
263
324
365
383
377
347
295
223
135
38
-63
-163
-256
-334
-394
-431
-443
-429
-389
-326
-242
-144
-36
75
183
281
363
424
461
471
453
407
337
246
140
23
-95
-210
-316
-404
-471
-512
-525
-509
-464
-393
-299
-188
-66
60
184
299
398
475
527
549
541
503
435
343
230
103
-31
-166
-294
-408
-501
-569
-607
-613
-586
-527
-440
-327
-196
-52
95
239
372
487
576
635
660
650
603
523
413
279
127
-34
-197
-352
-491
-606
-691
-740
-751
-721
-653
-548
-413
-254
-78
103
282
448
592
707
785
821
813
762
667
535
372
185
-15
-218
-413
-590
-738
-850
-917
-937
-908
-829
-704
-540
-344
-126
101
327
538
724
874
978
1030
1026
966
852
689
484
249
-3
-261
-510
-736
-925
-1067
-1153
-1177
-1136
-1032
-869
-655
-401
-121
170
456
722
950
1129
1247
1296
1271
1175
1009
784
510
202
-122
-445
-748
-1013
-1225
-1370
-1439
-1427
-1334
-1163
-923
-627
-292
63
420
756
1053
1292
1458
1541
1536
1441
1260
1004
686
324
-60
-445
-809
-1130
-1388
-1567
-1657
-1651
-1549
-1355
-1080
-740
-355
53
462
846
1183
1452
1637
1726
1714
1600
1390
1096
736
329
-99
-525
-923
-1269
-1542
-1726
-1809
-1786
-1658
-1431
-1119
-740
-315
129
568
975
1326
1599
1778
1853
1817
1672
1428
1097
699
257
-201
-651
-1065
-1418
-1689
-1861
-1924
-1873
-1712
-1448
-1098
-681
-222
251
712
1132
1487
1754
1918
1968
1900
1719
1434
1062
624
147
-341
-813
-1240
-1595
-1857
-2010
-2045
-1958
-1755
-1446
-1050
-590
-92
412
895
1326
1680
1935
2075
2091
1982
1753
1418
997
513
-3
-522
-1013
-1445
-1793
-2034
-2156
-2148
-2013
-1756
-1394
-948
-445
85
611
1100
1524
1856
2076
2170
2134
1969
1685
1300
837
323
-208
-726
-1200
-1601
-1904
-2092
-2153
-2085
-1892
-1587
-1188
-722
-215
299
791
1231
1591
1852
1999
2022
1923
1709
1395
1000
550
73
-401
-844
-1229
-1534
-1741
-1840
-1827
-1705
-1483
-1177
-808
-399
22
431
803
1116
1352
1500
1552
1510
1377
1166
891
573
233
-108
-429
-712
-939
-1101
-1188
-1201
-1141
-1017
-839
-621
-380
-131
107
324
505
641
728
763
749
690
595
473
335
192
54
-68
-171
-248
-297
-319
-316
-293
-255
-210
-164
-122
-90
-71
-66
-74
-92
-117
-144
-167
-180
-179
-158
-117
-55
24
119
223
327
423
503
557
580
566
512
418
287
126
-56
-250
-442
-620
-769
-879
-940
-945
-891
-778
-611
-398
-151
113
382
636
859
1036
1153
1201
1175
1075
905
674
395
85
-237
-552
-839
-1080
-1259
-1363
-1385
-1322
-1177
-959
-679
-355
-6
344
677
969
1204
1365
1442
1431
1332
1150
897
588
243
-117
-470
-795
-1070
-1280
-1412
-1457
-1414
-1286
-1080
-811
-495
-151
197
531
829
1073
1250
1349
1364
1297
1152
939
672
368
46
-274
-574
-836
-1044
-1187
-1258
-1253
-1174
-1028
-824
-575
-298
-9
274
536
761
936
1053
1106
1094
1018
885
703
485
243
-7
-252
-478
-672
-825
-928
-977
-971
-911
-803
-652
-469
-265
-51
161
359
534
675
777
834
845
809
730
612
463
290
105
-83
-266
-432
-573
-683
-755
-786
-775
-723
-633
-510
-361
-193
-16
159
325
473
594
682
732
742
710
638
531
395
235
63
-113
-283
-439
-570
-669
-731
-752
-732
-669
-570
-438
-282
-110
66
238
397
531
634
699
723
705
645
547
418
265
97
-75
-243
-395
-523
-620
-680
-700
-678
-618
-523
-398
-253
-95
64
218
355
469
552
601
614
589
531
442
329
199
60
-78
-209
-324
-418
-486
-523
-530
-507
-455
-380
-286
-180
-67
43
148
239
313
366
396
403
386
349
294
225
146
63
-18
-97
-166
-224
-268
-296
-308
-303
-285
-253
-211
-161
-106
-49
6
59
106
146
177
199
211
212
204
187
162
130
92
51
8
-35
-77
-116
-150
-178
-198
-210
-212
-204
-186
-159
-125
-83
-37
10
59
105
145
179
202
215
215
202
178
143
98
47
-8
-63
-117
-164
-202
-229
-243
-243
-228
-200
-160
-110
-54
4
62
116
162
197
219
227
220
199
164
119
66
9
-48
-102
-149
-187
-212
-224
-221
-204
-174
-134
-86
-34
18
68
112
147
171
181
179
164
137
100
57
10
-36
-79
-117
-146
-164
-170
-164
-147
-120
-84
-44
-1
39
76
106
128
138
137
125
102
71
34
-5
-46
-84
-116
-140
-154
-157
-148
-128
-99
-61
-19
24
66
105
136
157
167
165
149
122
85
40
-9
-61
-112
-157
-194
-220
-233
-231
-214
-183
-139
-85
-23
42
107
168
221
262
288
298
288
261
215
154
80
-2
-89
-175
-256
-325
-380
-415
-428
-418
-382
-323
-243
-146
-35
81
199
311
410
490
545
571
564
525
453
351
223
76
-82
-244
-401
-541
-658
-743
-789
-792
-750
-663
-534
-369
-176
35
253
465
660
823
945
1016
1031
986
881
720
510
261
-11
-294
-572
-826
-1041
-1203
-1301
-1326
-1274
-1146
-947
-686
-377
-37
314
658
973
1238
1438
1557
1588
1524
1369
1128
814
444
38
-379
-784
-1151
-1459
-1687
-1820
-1848
-1767
-1580
-1296
-932
-506
-44
427
880
1286
1621
1864
1999
2016
1913
1694
1372
965
496
-6
-514
-996
-1422
-1767
-2010
-2135
-2134
-2007
-1760
-1408
-971
-476
48
571
1060
1486
1823
2052
2157
2134
1983
1714
1343
891
388
-136
-652
-1127
-1533
-1846
-2047
-2124
-2075
-1902
-1617
-1238
-788
-295
210
697
1138
1505
1776
1937
1979
1901
1708
1414
1038
604
140
-325
-764
-1149
-1459
-1674
-1783
-1782
-1673
-1463
-1168
-808
-406
11
417
788
1101
1336
1483
1532
1483
1342
1120
833
501
146
-207
-537
-823
-1048
-1198
-1266
-1250
-1154
-985
-759
-490
-199
93
369
609
798
926
985
974
895
756
570
350
113
-123
-343
-530
-673
-762
-792
-764
-681
-550
-383
-193
5
198
369
508
603
650
645
589
488
350
186
9
-167
-329
-466
-567
-624
-633
-595
-511
-389
-238
-69
104
270
416
531
607
637
621
559
455
318
157
-15
-188
-348
-485
-587
-649
-666
-636
-563
-451
-310
-147
22
190
343
471
564
618
629
596
523
415
280
128
-30
-185
-324
-440
-524
-572
-580
-550
-485
-389
-269
-136
2
136
257
356
428
468
475
450
395
315
216
105
-8
-118
-217
-298
-356
-389
-396
-376
-333
-270
-192
-104
-14
71
150
214
262
290
299
287
257
211
154
89
20
-47
-110
-164
-208
-238
-254
-255
-242
-217
-181
-136
-85
-31
23
76
124
165
198
221
233
232
220
196
160
115
61
2
-60
-123
-183
-237
-281
-312
-328
-326
-306
-267
-210
-138
-53
39
134
227
310
379
427
451
447
414
353
265
155
29
-105
-239
-365
-473
-556
-606
-619
-593
-526
-422
-287
-128
44
220
386
532
646
721
748
725
653
533
373
183
-24
-236
-438
-615
-755
-847
-883
-860
-778
-640
-456
-237
1
245
475
676
834
935
972
941
843
684
473
225
-43
-314
-568
-787
-954
-1057
-1088
-1042
-922
-736
-494
-214
85
384
660
894
1068
1169
1189
1125
979
762
486
170
-163
-492
-793
-1045
-1229
-1331
-1343
-1262
-1093
-846
-536
-184
185
549
881
1158
1361
1475
1490
1404
1221
954
617
234
-171
-572
-941
-1254
-1489
-1630
-1666
-1594
-1418
-1148
-801
-398
33
468
876
1232
1513
1699
1779
1746
1603
1357
1024
624
182
-274
-717
-1118
-1453
-1700
-1844
-1877
-1795
-1604
-1316
-947
-521
-62
399
838
1227
1543
1767
1885
1892
1786
1574
1269
890
458
0
-459
-892
-1273
-1580
-1795
-1908
-1911
-1805
-1595
-1296
-922
-497
-45
408
839
1221
1533
1759
1884
1903
1815
1624
1341
983
569
123
-330
-767
-1161
-1492
-1740
-1893
-1940
-1880
-1715
-1454
-1112
-708
-263
197
647
1063
1420
1699
1884
1963
1933
1793
1552
1222
822
373
-98
-567
-1007
-1392
-1700
-1914
-2020
-2013
-1892
-1663
-1339
-938
-482
2
488
946
1352
1681
1913
2036
2041
1928
1703
1379
974
512
19
-474
-942
-1355
-1689
-1925
-2049
-2054
-1938
-1710
-1383
-975
-512
-20
469
930
1334
1657
1881
1992
1984
1859
1625
1295
890
436
-41
-512
-950
-1328
-1624
-1821
-1908
-1882
-1744
-1504
-1178
-786
-352
96
533
932
1270
1527
1689
1747
1699
1550
1311
997
628
227
-180
-571
-921
-1210
-1422
-1546
-1575
-1510
-1357
-1126
-833
-497
-138
220
558
854
1093
1261
1350
1356
1280
1130
915
651
353
42
-264
-548
-793
-986
-1115
-1175
-1164
-1085
-944
-751
-519
-263
0
257
491
690
841
938
977
956
879
751
582
384
167
-52
-263
-453
-611
-728
-799
-820
-793
-719
-605
-460
-291
-111
69
239
390
511
597
644
650
616
545
443
317
175
28
-116
-249
-362
-449
-505
-529
-519
-477
-408
-316
-209
-93
22
132
228
305
358
386
387
363
316
250
170
83
-5
-90
-164
-224
-266
-288
-289
-270
-234
-183
-123
-57
7
69
121
161
185
194
186
163
127
82
30
-21
-71
-115
-148
-168
-174
-166
-143
-108
-63
-12
40
91
135
170
191
197
187
161
119
65
3
-63
-130
-192
-245
-283
-303
-303
-282
-241
-180
-103
-15
78
173
261
336
393
427
434
412
361
283
182
63
-67
-202
-331
-447
-541
-606
-636
-627
-578
-491
-367
-214
-40
145
330
504
654
769
842
865
833
747
610
426
207
-34
-286
-532
-756
-942
-1078
-1152
-1157
-1090
-952
-749
-491
-192
129
455
765
1037
1255
1401
1463
1436
1317
1111
827
483
96
-309
-708
-1075
-1387
-1621
-1760
-1794
-1716
-1529
-1242
-870
-434
38
520
980
1389
1719
1949
2061
2046
1902
1636
1262
802
283
-262
-801
-1299
-1724
-2048
-2248
-2312
-2231
-2011
-1662
-1206
-669
-85
508
1077
1583
1993
2282
2430
2426
2270
1971
1546
1021
430
-190
-802
-1366
-1846
-2211
-2439
-2515
-2433
-2200
-1828
-1343
-774
-158
464
1057
1580
2001
2293
2440
2431
2268
1963
1535
1013
431
-174
-764
-1300
-1749
-2084
-2283
-2335
-2238
-2000
-1638
-1175
-644
-78
484
1009
1462
1815
2046
2141
2098
1919
1619
1218
743
227
-296
-794
-1234
-1588
-1834
-1958
-1953
-1821
-1573
-1226
-804
-335
148
617
1039
1388
1641
1785
1809
1715
1508
1205
825
393
-60
-508
-920
-1270
-1536
-1701
-1754
-1694
-1524
-1256
-908
-501
-62
380
798
1165
1457
1657
1750
1732
1603
1370
1048
657
222
-230
-673
-1077
-1417
-1672
-1825
-1866
-1790
-1603
-1314
-940
-504
-31
448
906
1315
1647
1882
2004
2005
1882
1642
1297
867
377
-143
-663
-1151
-1576
-1912
-2138
-2236
-2200
-2030
-1734
-1328
-835
-285
290
856
1377
1822
2161
2373
2443
2365
2140
1783
1311
754
144
-481
-1085
-1629
-2080
-2408
-2593
-2621
-2490
-2206
-1786
-1254
-643
10
666
1284
1825
2257
2552
2691
2666
2477
2137
1666
1093
454
-211
-863
-1460
-1966
-2351
-2591
-2671
-2589
-2351
-1972
-1477
-897
-270
366
972
1511
1951
2266
2439
2462
2336
2072
1687
1209
668
99
-463
-986
-1437
-1792
-2031
-2145
-2128
-1988
-1735
-1389
-973
-515
-44
413
829
1182
1454
1632
1710
1688
1572
1374
1108
794
451
100
-239
-549
-815
-1025
-1172
-1251
-1264
-1213
-1107
-953
-762
-546
-316
-84
139
347
531
685
804
887
931
937
905
838
737
608
453
278
89
-106
-302
-491
-664
-813
-929
-1007
-1039
-1023
-955
-836
-670
-462
-222
38
307
570
811
1015
1169
1263
1287
1237
1115
923
671
372
42
-298
-631
-936
-1192
-1382
-1495
-1520
-1454
-1299
-1063
-758
-403
-19
372
745
1078
1349
1539
1638
1636
1535
1338
1057
709
315
-100
-513
-896
-1227
-1485
-1654
-1723
-1688
-1551
-1320
-1010
-638
-229
193
604
978
1293
1530
1675
1719
1662
1506
1261
942
567
160
-256
-657
-1020
-1324
-1552
-1690
-1732
-1675
-1523
-1284
-972
-605
-203
211
615
986
1303
1549
1709
1775
1741
1610
1387
1084
717
304
-131
-566
-976
-1339
-1634
-1842
-1951
-1953
-1845
-1631
-1319
-927
-473
18
520
1003
1441
1805
2074
2229
2258
2155
1923
1571
1117
585
4
-593
-1171
-1694
-2130
-2451
-2632
-2660
-2528
-2241
-1811
-1262
-623
68
770
1441
2038
2522
2862
3032
3018
2818
2440
1904
1239
487
-308
-1098
-1833
-2465
-2953
-3264
-3377
-3281
-2979
-2488
-1837
-1065
-219
647
1481
2227
2840
3278
3512
3527
3321
2904
2304
1556
709
-184
-1067
-1884
-2583
-3119
-3458
-3580
-3476
-3154
-2635
-1953
-1152
-284
595
1431
2170
2765
3180
3390
3384
3164
2747
2162
1448
652
-173
-976
-1705
-2315
-2768
-3040
-3116
-2994
-2686
-2216
-1616
-929
-199
525
1199
1780
2233
2534
2666
2627
2423
2072
1601
1043
437
-176
-758
-1273
-1691
-1987
-2148
-2169
-2053
-1812
-1469
-1047
-578
-94
373
797
1150
1415
1577
1633
1583
1436
1207
915
581
230
-115
-434
-708
-920
-1063
-1131
-1125
-1050
-916
-735
-523
-294
-66
148
336
487
595
657
674
648
585
493
380
257
131
12
-93
-182
-248
-293
-315
-317
-303
-275
-239
-199
-157
-118
-83
-53
-28
-8
8
23
38
55
74
96
119
144
168
188
202
208
202
184
152
107
50
-16
-88
-163
-234
-296
-345
-376
-385
-370
-331
-269
-186
-86
23
136
247
345
426
481
507
501
461
388
287
163
22
-124
-269
-401
-513
-595
-641
-647
-611
-535
-422
-278
-113
62
239
404
547
657
727
751
727
655
539
386
204
5
-197
-391
-564
-704
-802
-850
-846
-788
-680
-528
-342
-133
85
299
496
663
788
864
886
853
766
632
458
256
38
-180
-387
-570
-716
-817
-869
-867
-813
-711
-569
-395
-202
-1
194
373
524
640
715
745
730
674
581
458
314
159
2
-146
-280
-391
-475
-529
-553
-547
-515
-460
-389
-305
-215
-125
-37
43
115
177
228
268
299
322
337
345
346
341
327
305
272
226
168
96
11
-85
-190
-299
-406
-505
-589
-651
-684
-683
-643
-563
-443
-288
-103
101
316
527
722
886
1007
1074
1080
1020
893
704
462
178
-130
-447
-750
-1022
-1242
-1395
-1468
-1454
-1349
-1157
-888
-555
-177
221
618
987
1304
1547
1700
1750
1692
1527
1263
916
505
56
-404
-846
-1242
-1567
-1798
-1920
-1924
-1809
-1580
-1253
-845
-383
103
585
1032
1415
1710
1897
1967
1913
1739
1457
1085
647
170
-314
-776
-1186
-1520
-1755
-1879
-1884
-1772
-1551
-1236
-848
-413
40
483
888
1229
1487
1645
1696
1638
1478
1227
904
531
132
-264
-634
-955
-1206
-1373
-1448
-1428
-1317
-1124
-865
-559
-226
109
426
704
925
1077
1152
1147
1065
913
706
457
187
-86
-345
-570
-747
-866
-921
-909
-833
-700
-523
-314
-89
134
340
515
646
725
747
712
623
488
317
123
-77
-271
-444
-582
-676
-719
-708
-643
-529
-374
-190
9
212
401
563
687
762
783
747
657
516
335
126
-97
-320
-527
-704
-837
-916
-935
-893
-789
-630
-426
-189
64
320
561
769
932
1037
1077
1048
950
788
573
316
34
-255
-534
-784
-989
-1134
-1211
-1213
-1138
-992
-781
-519
-222
91
402
691
939
1129
1250
1293
1255
1138
949
699
404
82
-245
-559
