 -799743
 -885759
 -927231
 -924159
 -879615
 -798719
 -689151
 -559103
 -417279
 -275967
 -143359
  -29183
   60927
  121343
  151039
  151039
  123391
   71679
    1535
  -81919
 -172543
 -263167
 -349183
 -424447
 -485887
 -530943
 -556031
 -562175
 -550399
 -520703
 -477695
 -423935
 -365567
 -305151
 -247295
 -196095
 -154111
 -123903
 -105983
 -100351
 -105983
 -120831
 -142847
 -169983
 -199679
 -229375
 -258047
 -284671
 -305663
 -320511
 -327679
 -328703
 -323583
 -313855
 -300543
 -285695
 -269311
 -253439
 -239103
 -227327
 -218111
 -212479
 -210431
 -211455
 -216575
 -223231
 -233471
 -244223
 -254463
 -263679
 -272383
 -280063
 -285183
 -288255
 -290303
 -289791
 -287743
 -284671
 -280063
 -273919
 -267775
 -263167
 -258559
 -254975
 -252415
 -251391
 -251391
 -251903
 -253439
 -257023
 -261119
 -266239
 -272383
 -278015
 -283647
 -286207
 -288255
 -289279
 -287743
 -285695
 -283647
 -280575
 -277503
 -274943
 -273407
 -270847
 -268799
 -267775
 -266751
 -265727
 -264191
 -263167
 -262143
 -260095
 -258559
 -256511
 -254463
 -251903
 -250367
 -248831
 -248319
 -247295
 -248831
 -250367
 -251391
 -253439
 -255487
 -257023
 -258559
 -260095
 -259583
 -259071
 -257535
 -256511
 -255487
 -254463
 -252415
 -250367
 -247807
 -245759
 -241663
 -237567
 -233983
 -228863
 -224767
 -221183
 -220159
 -221183
 -223743
 -227839
 -234495
 -240639
 -248319
 -255487
 -262143
 -268287
 -272895
 -275967
 -277503
 -276991
 -276479
 -274431
 -271871
 -268799
 -265727
 -262143
 -259071
 -256511
 -253439
 -250367
 -247295
 -244735
 -242687
 -241663
 -241151
 -241151
 -242687
 -243711
 -245247
 -248319
 -250367
 -252927
 -254463
 -256511
 -257535
 -257023
 -255487
 -252415
 -248831
 -244735
 -241663
 -240127
 -238591
 -239103
 -240639
 -242687
 -245247
 -247807
 -250879
 -252927
 -253951
 -254463
 -253951
 -252415
 -250367
 -249343
 -248319
 -247295
 -246271
 -245759
 -245759
 -244735
 -242175
 -240639
 -238079
 -235007
 -232447
 -231935
 -231935
 -232959
 -236031
 -240639
 -247295
 -254463
 -261631
 -269823
 -277503
 -284159
 -289279
 -294399
 -296959
 -296959
 -295935
 -293375
 -288767
 -283647
 -277503
 -271871
 -266751
 -262143
 -259071
 -257023
 -257023
 -257023
 -260095
 -263167
 -267775
 -271871
 -276479
 -281087
 -284671
 -287231
 -289279
 -289279
 -288255
 -287743
 -286207
 -283647
 -280575
 -277503
 -272383
 -266751
 -261631
 -257535
 -254463
 -252927
 -252415
 -253439
 -256511
 -259071
 -263167
 -266751
 -270847
 -273919
 -277503
 -279551
 -281599
 -282111
 -281087
 -280063
 -278527
 -275967
 -272895
 -270847
 -268799
 -266751
 -265215
 -263679
 -263167
 -262655
 -263167
 -264191
 -265215
 -266239
 -266751
 -268799
 -270847
 -271871
 -273407
 -274431
 -274943
 -274943
 -274431
 -273407
 -272895
 -271871
 -270847
 -270847
 -270847
 -270847
 -271359
 -272895
 -272895
 -273919
 -274943
 -275967
 -276991
 -277503
 -278527
 -280063
 -279551
 -278527
 -275967
 -271871
 -266751
 -259583
 -252927
 -245759
 -238079
 -230911
 -226303
 -221183
 -218623
 -218111
 -219647
 -223743
 -228863
 -236543
 -245759
 -256511
 -266239
 -276479
 -285695
 -292351
 -296447
 -297983
 -297983
 -294399
 -286207
 -275455
 -261119
 -241663
 -216575
 -188415
 -157183
 -123903
  -90623
  -58879
  -33791
  -15359
   -5631
   -4095
  -11775
  -25087
  -44031
  -65535
  -89599
 -114687
 -138751
 -160767
 -179199
 -193535
 -202239
 -206847
 -207871
 -206847
 -203775
 -199167
 -194047
 -189439
 -186367
 -183295
 -182271
 -184319
 -187391
 -192511
 -198655
 -206335
 -214015
 -220671
 -227839
 -233983
 -237055
 -240639
 -241663
 -241663
 -239103
 -236543
 -232959
 -227839
 -223231
 -219135
 -214527
 -209919
 -204799
 -197631
 -190975
 -185343
 -182271
 -180223
 -180223
 -181759
 -185343
 -188415
 -191999
 -196607
 -200703
 -204799
 -208895
 -214015
 -219135
 -224255
 -228863
 -232959
 -236031
 -238079
 -239615
 -240639
 -240639
 -241151
 -241151
 -240639
 -240127
 -240639
 -241663
 -243199
 -245759
 -248319
 -251391
 -253951
 -257535
 -259583
 -261119
 -262143
 -262143
 -261631
 -259071
 -257023
 -254463
 -250367
 -247295
 -244735
 -242687
 -241663
 -240639
 -241663
 -241663
 -243711
 -246271
 -249855
 -253439
 -258047
 -262655
 -266751
 -270847
 -273919
 -277503
 -279039
 -279551
 -279551
 -278015
 -275967
 -272895
 -270335
 -266751
 -264703
 -262655
 -260607
 -259071
 -258559
 -260095
 -261631
 -264703
 -268799
 -272895
 -276991
 -281599
 -285183
 -287743
 -289279
 -290303
 -290303
 -288255
 -285183
 -282623
 -278527
 -274943
 -271871
 -268799
 -267263
 -266239
 -265727
 -265215
 -266239
 -267775
 -270335
 -273407
 -277503
 -282111
 -286207
 -290303
 -294399
 -296959
 -298495
 -300031
 -300031
 -299519
 -297983
 -296447
 -293887
 -290815
 -288255
 -285695
 -283647
 -281599
 -280575
 -279551
 -280575
 -281599
 -283135
 -284671
 -286719
 -289791
 -291839
 -294399
 -296959
 -299007
 -301055
 -302591
 -304127
 -304639
 -305151
 -304639
 -303103
 -302079
 -300543
 -299007
 -296959
 -293887
 -291327
 -287743
 -284671
 -282623
 -280063
 -278527
 -277503
 -276991
 -276991
 -277503
 -278527
 -280063
 -282111
 -284671
 -287231
 -290303
 -293375
 -296959
 -300031
 -303103
 -306175
 -308223
 -308735
 -308735
 -307711
 -305663
 -304127
 -302079
 -301055
 -299519
 -299519
 -300031
 -300543
 -301055
 -302591
 -303615
 -304127
 -305151
 -305663
 -305663
 -305663
 -305663
 -304127
 -302079
 -300031
 -298495
 -296447
 -294911
 -294399
 -293375
 -293375
 -294399
 -295423
 -296447
 -297471
 -300031
 -303103
 -306175
 -309759
 -313343
 -316415
 -318463
 -318463
 -319487
 -317951
 -315391
 -312831
 -308735
 -303103
 -297471
 -292351
 -286719
 -281599
 -276479
 -273919
 -270335
 -268287
 -268287
 -269823
 -271871
 -275967
 -280575
 -286207
 -291839
 -296959
 -303103
 -307711
 -311295
 -312831
 -313343
 -310783
 -307711
 -304127
 -299007
 -294911
 -291327
 -288255
 -286207
 -285695
 -285695
 -287231
 -289279
 -291839
 -295423
 -300031
 -304639
 -309247
 -314879
 -319487
 -323071
 -326143
 -329215
 -329727
 -329215
 -328191
 -327679
 -326143
 -323583
 -321535
 -318975
 -316415
 -312831
 -309247
 -305151
 -301055
 -296959
 -293375
 -290303
 -287231
 -285183
 -284671
 -284159
 -284671
 -286207
 -287743
 -289791
 -291839
 -295423
 -296959
 -299007
 -300031
 -301055
 -301055
 -301055
 -300031
 -300031
 -299007
 -297471
 -296959
 -296959
 -296959
 -297471
 -297983
 -300031
 -302079
 -304127
 -306687
 -309247
 -311807
 -313855
 -315391
 -317439
 -317951
 -317439
 -317951
 -317951
 -317439
 -315391
 -313855
 -311807
 -309247
 -306687
 -304127
 -302591
 -301055
 -299519
 -299519
 -300031
 -301055
 -302591
 -305151
 -307711
 -310271
 -313855
 -317439
 -319999
 -322559
 -324095
 -325631
 -326143
 -326143
 -325631
 -324607
 -322559
 -321535
 -320511
 -318975
 -316415
 -315391
 -314879
 -313855
 -312831
 -313343
 -313343
 -313855
 -313855
 -314367
 -313855
 -311807
 -308735
 -306687
 -302079
 -297983
 -294399
 -290815
 -288255
 -286207
 -285695
 -286207
 -287231
 -288767
 -292351
 -295423
 -299007
 -302079
 -305663
 -309247
 -312319
 -314367
 -315391
 -316415
 -315903
 -314879
 -313855
 -312319
 -310271
 -308735
 -308735
 -307711
 -307711
 -308735
 -309247
 -309759
 -309759
 -310783
 -311807
 -313343
 -313855
 -315903
 -317439
 -318463
 -319487
 -321535
 -322559
 -322559
 -322047
 -321535
 -321023
 -320511
 -319487
 -319487
 -320511
 -321535
 -322047
 -324607
 -325631
 -326143
 -326143
 -326655
 -326655
 -326143
 -325631
 -324607
 -323583
 -321535
 -319999
 -319487
 -318463
 -317439
 -316927
 -317439
 -318463
 -319487
 -321535
 -324607
 -328191
 -331263
 -334335
 -336895
 -339455
 -340991
 -341503
 -341503
 -340479
 -338431
 -335359
 -332287
 -328191
 -324607
 -320511
 -317439
 -314879
 -312831
 -312831
 -313855
 -315391
 -317951
 -321023
 -325119
 -328191
 -331263
 -333311
 -335871
 -338431
 -339967
 -340991
 -342527
 -343039
 -342527
 -342015
 -340479
 -338943
 -337407
 -335359
 -333311
 -331263
 -329215
 -327167
 -325631
 -324095
 -322559
 -321535
 -321023
 -321535
 -322047
 -323071
 -324607
 -327679
 -330239
 -333823
 -337407
 -342015
 -345599
 -348671
 -351743
 -353791
 -354303
 -353791
 -352767
 -350719
 -347135
 -343551
 -339455
 -335871
 -331263
 -327167
 -324607
 -322047
 -320511
 -320511
 -321535
 -323071
 -325631
 -328703
 -331263
 -334335
 -336895
 -338943
 -340991
 -343039
 -345087
 -345087
 -345599
 -345599
 -345087
 -344063
 -342527
 -340991
 -339967
 -337919
 -337407
 -337407
 -337407
 -337919
 -338943
 -339967
 -340991
 -341503
 -342015
 -341503
 -340479
 -339967
 -338943
 -337919
 -336895
 -335871
 -336383
 -336895
 -336895
 -338943
 -340479
 -342015
 -343551
 -345599
 -346623
 -347647
 -347647
 -348671
 -348159
 -346623
 -345599
 -345087
 -343039
 -341503
 -339967
 -338943
 -337407
 -336383
 -336383
 -336383
 -337407
 -338431
 -340991
 -343039
 -344575
 -346623
 -349695
 -351743
 -353791
 -355839
 -357375
 -358399
 -358399
 -358399
 -357375
 -355327
 -353791
 -352767
 -350719
 -348671
 -346623
 -345087
 -344063
 -343039
 -342527
 -343039
 -343039
 -344063
 -344063
 -345599
 -346623
 -347647
 -348671
 -350719
 -351743
 -352767
 -354815
 -355327
 -356863
 -356863
 -357375
 -356863
 -355839
 -353791
 -351743
 -349183
 -346111
 -344063
 -342527
 -340479
 -339455
 -338431
 -338943
 -339967
 -340991
 -342527
 -344575
 -346111
 -347647
 -348159
 -349695
 -349695
 -349183
 -349695
 -349695
 -348159
 -345599
 -344063
 -343039
 -343039
 -343551
 -345087
 -346623
 -349695
 -352767
 -355839
 -357887
 -359423
 -360447
 -361471
 -360447
 -359423
 -357375
 -355839
 -353279
 -350719
 -347135
 -344575
 -342015
 -339967
 -337919
 -336895
 -336895
 -336383
 -336895
 -338431
 -339455
 -340991
 -342015
 -344063
 -345087
 -345599
 -346111
 -346623
 -346623
 -346111
 -345599
 -345087
 -344063
 -343039
 -342015
 -340991
 -339967
 -338431
 -337919
 -336895
 -335871
 -334335
 -333311
 -332799
 -332287
 -332287
 -333311
 -334335
 -335359
 -335359
 -335871
 -337407
 -338431
 -339455
 -341503
 -343039
 -345087
 -346111
 -348671
 -350719
 -352255
 -353791
 -355327
 -356351
 -356351
 -355327
 -352767
 -348671
 -342015
 -333311
 -324607
 -312831
 -300031
 -286207
 -274431
 -263167
 -253951
 -246271
 -241663
 -240127
 -240639
 -244223
 -251391
 -259071
 -269311
 -281087
 -293375
 -306175
 -318463
 -330239
 -339967
 -345087
 -344575
 -341503
 -335871
 -329215
 -322047
 -315391
 -308223
 -303103
 -299007
 -296959
 -296447
 -296959
 -299519
 -303615
 -308735
 -313855
 -319487
 -325119
 -330239
 -334335
 -337919
 -341503
 -343039
 -343551
 -343039
 -342015
 -338943
 -335871
 -333311
 -330239
 -328191
 -325631
 -324607
 -323583
 -322559
 -322559
 -323071
 -324095
 -324095
 -325119
 -325631
 -326143
 -326143
 -326143
 -325119
 -323583
 -321535
 -319999
 -318975
 -319487
 -320511
 -322047
 -323583
 -324607
 -325631
 -326655
 -327679
 -328703
 -330239
 -332287
 -333823
 -335359
 -336383
 -336895
 -336895
 -336895
 -336383
 -334847
 -332287
 -330239
 -328191
 -326143
 -324607
 -323583
 -322559
 -322047
 -323071
 -324095
 -325631
 -326655
 -328703
 -330239
 -332287
 -334335
 -336895
 -338943
 -342015
 -344063
 -346623
 -348159
 -349183
 -350207
 -350207
 -349695
 -349695
 -349183
 -349183
 -348671
 -348159
 -347647
 -346111
 -344063
 -342015
 -339455
 -335871
 -332287
 -328703
 -323583
 -318463
 -311807
 -305663
 -300031
 -295423
 -291327
 -288255
 -286719
 -285183
 -284159
 -284671
 -284671
 -285183
 -284671
 -284671
 -283135
 -280063
 -277503
 -273407
 -268799
 -265215
 -261119
 -257023
 -253439
 -249343
 -246783
 -245759
 -245247
 -246271
 -250367
 -254463
 -259071
 -264703
 -271359
 -278015
 -284671
 -291327
 -297983
 -303615
 -308735
 -312831
 -315391
 -316415
 -315391
 -314879
 -312831
 -310783
 -307711
 -306687
 -305151
 -303615
 -302591
 -303103
 -303615
 -304639
 -306687
 -308735
 -311295
 -313855
 -316415
 -319487
 -321535
 -321535
 -322559
 -322559
 -321535
 -319999
 -317951
 -315391
 -311807
 -307711
 -304639
 -300543
 -296959
 -294911
 -294399
 -293887
 -294399
 -295935
 -297471
 -300031
 -302079
 -304127
 -305663
 -307199
 -308735
 -310783
 -312319
 -312831
 -314879
 -315391
 -315903
 -316415
 -317439
 -317439
 -317439
 -317439
 -317439
 -316415
 -315391
 -314367
 -311807
 -309759
 -306687
 -303615
 -300031
 -295423
 -292351
 -288255
 -284671
 -282623
 -282111
 -282623
 -284159
 -287743
 -292351
 -296959
 -303103
 -309247
 -315391
 -321535
 -326143
 -331263
 -334335
 -335359
 -335871
 -335871
 -334335
 -331775
 -329215
 -326655
 -323583
 -322047
 -319999
 -318463
 -317439
 -317439
 -317951
 -318463
 -320511
 -322559
 -324095
 -325631
 -327167
 -327167
 -327679
 -327167
 -327679
 -327167
 -326655
 -326655
 -326143
 -326143
 -326143
 -326655
 -326655
 -326655
 -328191
 -328703
 -330239
 -331263
 -332799
 -333311
 -334335
 -334847
 -334847
 -333823
 -332799
 -332287
 -331263
 -330239
 -330239
 -330239
 -330239
 -330239
 -330751
 -331263
 -331263
 -331263
 -331263
 -330751
 -330239
 -329727
 -329215
 -327679
 -327679
 -327679
 -327679
 -327679
 -329215
 -330239
 -330751
 -332287
 -332287
 -332287
 -330751
 -329215
 -327167
 -323583
 -320511
 -317439
 -313855
 -310783
 -308735
 -307199
 -306687
 -307711
 -310271
 -312319
 -315391
 -318463
 -321535
 -323071
 -325631
 -326655
 -327167
 -327679
 -328191
 -327167
 -326143
 -325631
 -324607
 -324095
 -323583
 -324095
 -324607
 -325631
 -327167
 -329727
 -331775
 -333311
 -335359
 -336895
 -337919
 -338943
 -339967
 -339967
 -339967
 -339967
 -338943
 -337919
 -336895
 -335871
 -334335
 -334335
 -334335
 -333823
 -333823
 -334335
 -333823
 -332799
 -331263
 -330239
 -328191
 -326143
 -323583
 -321535
 -319487
 -317439
 -316927
 -315903
 -315903
 -315391
 -315903
 -315391
 -315903
 -316415
 -317951
 -318463
 -320511
 -321535
 -322559
 -324095
 -325631
 -327167
 -327679
 -329215
 -330239
 -331263
 -331263
 -331775
 -332287
 -331263
 -330239
 -328191
 -325631
 -322559
 -320511
 -318463
 -316415
 -316415
 -315391
 -314879
 -314879
 -315903
 -317439
 -319487
 -322559
 -324607
 -328191
 -331775
 -335359
 -337919
 -340479
 -342015
 -343039
 -343039
 -343551
 -342527
 -340991
 -338943
 -336895
 -333823
 -332287
 -330751
 -330239
 -330239
 -331775
 -333311
 -334335
 -335871
 -337919
 -338943
 -340991
 -342015
 -343551
 -345087
 -346111
 -345599
 -345599
 -346623
 -346623
 -346111
 -346623
 -345599
 -345087
 -343551
 -342527
 -340479
 -338431
 -336895
 -335359
 -333311
 -332799
 -332287
 -331263
 -331263
 -332287
 -332287
 -332799
 -333823
 -334335
 -333823
 -332799
 -331263
 -329215
 -325631
 -322559
 -319487
 -317439
 -315903
 -315391
 -315903
 -316415
 -317951
 -319487
 -320511
 -321535
 -322047
 -322559
 -322047
 -321535
 -319999
 -317439
 -313855
 -310271
 -305663
 -301567
 -297471
 -294399
 -291327
 -290303
 -290303
 -292351
 -295935
 -301055
 -307711
 -313855
 -321535
 -328703
 -335359
 -340991
 -346111
 -349183
 -350719
 -350719
 -349695
 -346111
 -340479
 -334847
 -327167
 -318463
 -310271
 -302079
 -295423
 -289791
 -286719
 -285695
 -286207
 -289791
 -295423
 -301567
 -309247
 -317439
 -325631
 -333311
 -340991
 -347135
 -352255
 -354815
 -356351
 -355839
 -353791
 -351231
 -348159
 -344063
 -338943
 -334335
 -330239
 -326143
 -321535
 -317439
 -313855
 -309759
 -305663
 -302079
 -299007
 -295935
 -292863
 -291327
 -289279
 -288255
 -287231
 -288255
 -289279
 -291327
 -295935
 -301567
 -307711
 -314879
 -322559
 -329215
 -335871
 -342015
 -346623
 -350207
 -351743
 -351743
 -350719
 -347647
 -344063
 -340479
 -335871
 -332287
 -329215
 -326655
 -324095
 -321535
 -319487
 -316415
 -312831
 -309759
 -306687
 -304127
 -301055
 -300031
 -299007
 -299007
 -299519
 -302079
 -304127
 -307711
 -312831
 -317951
 -323583
 -329215
 -333823
 -337919
 -339967
 -342015
 -343039
 -342015
 -339967
 -336895
 -332287
 -327679
 -322559
 -319487
 -315903
 -314367
 -315391
 -316415
 -319487
 -323583
 -328703
 -334335
 -338943
 -345087
 -349695
 -353279
 -355839
 -356863
 -355839
 -353791
 -351231
 -347647
 -342015
 -336895
 -332287
 -327167
 -321535
 -317951
 -314879
 -312831
 -312831
 -314879
 -318463
 -322047
 -327167
 -333311
 -338943
 -344063
 -349183
 -353791
 -356351
 -358399
 -359935
 -359423
 -357375
 -354303
 -349695
 -344575
 -338943
 -334335
 -329215
 -325631
 -323583
 -322559
 -323583
 -326143
 -329727
 -333823
 -338943
 -343039
 -347647
 -352767
 -356351
 -359423
 -361471
 -362495
 -361471
 -359423
 -357375
 -353791
 -349695
 -345087
 -342527
 -339967
 -337919
 -336895
 -337919
 -337919
 -338431
 -339967
 -340991
 -342015
 -343551
 -344575
 -345599
 -345599
 -345599
 -345087
 -344575
 -343039
 -340991
 -339455
 -336895
 -335359
 -334335
 -334335
 -333823
 -335359
 -336895
 -338431
 -340991
 -344063
 -347135
 -349695
 -351743
 -354815
 -355839
 -356351
 -356863
 -356863
 -356351
 -354815
 -352767
 -348671
 -344063
 -337919
 -332287
 -326143
 -319487
 -313343
 -307711
 -302079
 -296959
 -290815
 -283135
 -274943
 -267775
 -262143
 -260095
 -260095
 -264703
 -272895
 -282623
 -294399
 -306175
 -317951
 -328191
 -336383
 -344063
 -349695
 -354303
 -357375
 -359935
 -360447
 -359935
 -360447
 -360447
 -357887
 -352767
 -346623
 -339455
 -332287
 -324095
 -314879
 -305151
 -293887
 -281087
 -267775
 -253439
 -238591
 -225279
 -214527
 -205823
 -199679
 -197631
 -201727
 -209407
 -220159
 -232959
 -247295
 -260095
 -271359
 -280575
 -287743
 -291839
 -292351
 -291327
 -288767
 -284671
 -279551
 -273919
 -268287
 -262143
 -256511
 -252415
 -250367
 -249855
 -250367
 -252415
 -254463
 -258047
 -262143
 -266751
 -271359
 -275967
 -279551
 -283135
 -285695
 -288255
 -289279
 -292351
 -293887
 -295935
 -297983
 -300543
 -302591
 -304127
 -305663
 -306687
 -307199
 -307199
 -307199
 -306687
 -306175
 -305151
 -305663
 -305151
 -305151
 -305663
 -306687
 -307199
 -307711
 -309247
 -311807
 -313855
 -315903
 -318975
 -320511
 -321535
 -322559
 -323583
 -323583
 -322047
 -321023
 -319487
 -317439
 -315391
 -313855
 -312319
 -310783
 -309759
 -310271
 -310783
 -311295
 -313855
 -316927
 -319487
 -323583
 -327167
 -329727
 -332287
 -334335
 -335359
 -334847
 -332287
 -330239
 -327167
 -323583
 -320511
 -317951
 -315391
 -313855
 -313343
 -313343
 -313855
 -314879
 -318463
 -321535
 -324607
 -328703
 -332799
 -335871
 -337919
 -340991
 -341503
 -341503
 -339967
 -338943
 -335871
 -333311
 -330239
 -328191
 -325119
 -322559
 -320511
 -317951
 -315903
 -314367
 -313855
 -313343
 -313855
 -314879
 -316415
 -318463
 -321535
 -324607
 -328191
 -331775
 -334847
 -336895
 -338943
 -338943
 -338943
 -337407
 -335359
 -332287
 -328703
 -325631
 -321535
 -318463
 -315391
 -313343
 -311807
 -311295
 -311295
 -313343
 -315903
 -319487
 -324095
 -328703
 -333823
 -337919
 -342015
 -345599
 -347135
 -348159
 -347647
 -345599
 -342015
 -338943
 -333823
 -329215
 -324607
 -321535
 -318463
 -316415
 -315903
 -316415
 -317439
 -320511
 -323583
 -326143
 -329215
 -332799
 -335871
 -337407
 -338943
 -339967
 -340991
 -340991
 -340991
 -340991
 -339967
 -338943
 -337407
 -335871
 -334335
 -332799
 -331263
 -330239
 -329215
 -329215
 -329727
 -330239
 -331263
 -332287
 -334847
 -335871
 -338431
 -340991
 -343039
 -344575
 -345087
 -345087
 -343039
 -338431
 -332287
 -324607
 -313855
 -302591
 -291327
 -280063
 -269823
 -261119
 -256511
 -253439
 -253439
 -256511
 -261631
 -268799
 -275967
 -284159
 -292351
 -298495
 -303615
 -305663
 -305663
 -302591
 -295935
 -287231
 -277503
 -266239
 -254975
 -245759
 -237567
 -231935
 -229375
 -230911
 -234495
 -241663
 -251903
 -264703
 -278527
 -293375
 -307711
 -320511
 -331263
 -340479
 -346623
 -349695
 -350207
 -347647
 -342015
 -334335
 -323583
 -312831
 -299519
 -285695
 -271871
 -259583
 -249343
 -240639
 -236031
 -234495
 -235007
 -238591
 -244735
 -252927
 -261119
 -270335
 -279039
 -286207
 -290815
 -294399
 -295423
 -294399
 -291327
 -288255
 -284671
 -279551
 -275967
 -272895
 -270847
 -270847
 -272895
 -276991
 -281599
 -288255
 -295423
 -303103
 -310783
 -316927
 -323071
 -327167
 -330239
 -330751
 -330239
 -327679
 -322559
 -316415
 -309759
 -302079
 -294399
 -287231
 -282111
 -277503
 -273407
 -271871
 -272895
 -274943
 -278527
 -284671
 -291327
 -297983
 -305151
 -311295
 -316415
 -318463
 -319487
 -318463
 -314879
 -307711
 -298495
 -288255
 -276479
 -264703
 -254463
 -245759
 -238591
 -235007
 -235007
 -238591
 -244223
 -253439
 -264191
 -276479
 -288255
 -300031
 -310783
 -319487
 -326143
 -332799
 -336895
 -338943
 -338943
 -338943
 -335871
 -331263
 -326143
 -319487
 -312831
 -306175
 -300543
 -295935
 -292351
 -290303
 -290303
 -291327
 -293375
 -295935
 -299519
 -303103
 -305663
 -307711
 -309759
 -309759
 -307711
 -305151
 -300031
 -293375
 -285695
 -276479
 -267775
 -259071
 -251391
 -246271
 -242687
 -241151
 -242687
 -246783
 -253439
 -261119
 -270847
 -281087
 -291327
 -302591
 -312831
 -321535
 -328191
 -333311
 -335871
 -334847
 -330239
 -323583
 -314879
 -303615
 -291327
 -278527
 -266751
 -255487
 -247295
 -241663
 -238591
 -238079
 -241151
 -245759
 -251391
 -258559
 -267775
 -276991
 -286207
 -296447
 -305663
 -312831
 -316927
 -318975
 -317439
 -312831
 -304127
 -294399
 -281599
 -267775
 -254975
 -243711
 -232959
 -225791
 -222207
 -222207
 -224767
 -230399
 -239615
 -251391
 -263679
 -277503
 -291839
 -305663
 -317439
 -327679
 -335359
 -339967
 -342015
 -340991
 -337919
 -332287
 -325631
 -317439
 -308735
 -300031
 -291839
 -284671
 -279039
 -274943
 -272895
 -271871
 -273407
 -275455
 -278527
 -282111
 -285695
 -288255
 -291327
 -294399
 -294911
 -293887
 -292863
 -290303
 -288255
 -286207
 -284671
 -284159
 -283647
 -284671
 -286207
 -289279
 -292351
 -295935
 -301055
 -305151
 -308735
 -312831
 -315391
 -316927
 -318463
 -318975
 -318463
 -317439
 -314879
 -312831
 -309247
 -305151
 -300031
 -295423
 -288767
 -281087
 -273407
 -265215
 -257535
 -250367
 -244223
 -237567
 -231935
 -226815
 -223743
 -222719
 -223231
 -226303
 -230911
 -236031
 -243199
 -250367
 -257023
 -263167
 -268799
 -272383
 -273919
 -272895
 -269823
 -265215
 -258559
 -251391
 -244223
 -236543
 -230911
 -224767
 -221183
 -220159
 -221183
 -224255
 -229375
 -236543
 -244735
 -253439
 -262143
 -271871
 -279551
 -286719
 -290303
 -289279
 -284671
 -274431
 -259071
 -240639
 -219647
 -197631
 -177151
 -160255
 -146943
 -138239
 -135679
 -138751
 -147455
 -160767
 -178175
 -197119
 -219135
 -239615
 -259071
 -275967
 -289279
 -298495
 -303103
 -304127
 -300031
 -290815
 -279551
 -265727
 -251391
 -238079
 -226815
 -218111
 -212991
 -211967
 -214015
 -219135
 -226815
 -236543
 -246783
 -258047
 -270335
 -281599
 -291327
 -299007
 -305663
 -307711
 -307711
 -304639
 -298495
 -290303
 -280063
 -269311
 -257023
 -245247
 -233983
 -224255
 -216575
 -209919
 -205823
 -202751
 -199679
 -197631
 -197631
 -198143
 -200703
 -203775
 -207871
 -211967
 -216063
 -221183
 -226303
 -231935
 -237567
 -243199
 -248319
 -253439
 -259071
 -264191
 -267775
 -271359
 -274943
 -276479
 -277503
 -278527
 -279551
 -280063
 -280063
 -280575
 -279551
 -278527
 -276479
 -274943
 -272895
 -270335
 -267775
 -266239
 -264703
 -263167
 -262655
 -261119
 -259583
 -259071
 -257023
 -253951
 -248319
 -241663
 -232959
 -222207
 -210431
 -198655
 -187391
 -176639
 -168447
 -163839
 -163839
 -167935
 -176639
 -188927
 -203263
 -220159
 -238591
 -255487
 -271871
 -285183
 -295935
 -302591
 -304639
 -303615
 -297983
 -289279
 -277503
 -264191
 -247807
 -230911
 -214527
 -200703
 -188415
 -180223
 -176639
 -176639
 -179711
 -184319
 -190463
 -198655
 -207359
 -216575
 -225279
 -231935
 -237567
 -243199
 -247807
 -250879
 -253951
 -255999
 -257023
 -258047
 -258559
 -258559
 -259071
 -260095
 -261631
 -263679
 -265727
 -268287
 -269823
 -270847
 -272383
 -271359
 -268799
 -264703
 -259583
 -253951
 -247295
 -241663
 -234495
 -226815
 -220159
 -214527
 -209919
 -206335
 -204799
 -205823
 -208383
 -212991
 -220159
 -227327
 -235007
 -242175
 -249343
 -255999
 -262143
 -266751
 -270847
 -273919
 -274943
 -275455
 -274431
 -272383
 -270335
 -268799
 -267263
 -266239
 -265215
 -264191
 -262655
 -260095
 -258047
 -254463
 -250367
 -246271
 -242175
 -237567
 -235007
 -233471
 -231935
 -230911
 -230399
 -231423
 -233471
 -237055
 -243199
 -249343
 -256511
 -264191
 -271871
 -280063
 -288767
 -296959
 -303103
 -307711
 -309247
 -307711
 -304127
 -298495
 -290815
 -282623
 -275455
 -268287
 -262143
 -258047
 -256511
 -255487
 -257023
 -260607
 -265215
 -269823
 -274943
 -279039
 -282111
 -282623
 -282623
 -279039
 -273919
 -266751
 -259583
 -251391
 -243711
 -238079
 -235007
 -232959
 -235007
 -237567
 -242175
 -248319
 -256511
 -265215
 -273919
 -283135
 -291327
 -298495
 -304127
 -308735
 -310783
 -310783
 -309247
 -305663
 -300543
 -294399
 -288767
 -282623
 -276479
 -271871
 -267775
 -264703
 -262143
 -261119
 -260095
 -261119
 -262143
 -264703
 -267775
 -270847
 -274431
 -277503
 -280063
 -281599
 -283647
 -285183
 -286719
 -288255
 -290303
 -292351
 -293887
 -295423
 -296447
 -296959
 -295935
 -296959
 -296447
 -296959
 -296447
 -297471
 -297983
 -299007
 -299007
 -300543
 -301567
 -302079
 -302591
 -303103
 -304127
 -303615
 -304127
 -304639
 -304127
 -304127
 -304127
 -303103
 -302079
 -301055
 -300031
 -298495
 -296959
 -295935
 -295935
 -296447
 -296959
 -297983
 -297983
 -297983
 -297471
 -296447
 -295423
 -293375
 -292863
 -291327
 -290303
 -289279
 -289279
 -287231
 -284159
 -279551
 -271871
 -262143
 -250367
 -238079
 -224255
 -211455
 -199679
 -190463
 -182783
 -178175
 -175615
 -176639
 -179199
 -184831
 -193023
 -202751
 -213503
 -224255
 -233983
 -241151
 -244735
 -246271
 -244223
 -239615
 -232959
 -224767
 -215551
 -204799
 -194047
 -183807
 -173567
 -163839
 -156671
 -151551
 -150015
 -152063
 -158719
 -167423
 -180223
 -195071
 -211967
 -227839
 -243711
 -259071
 -269823
 -278015
 -281599
 -283135
 -280575
 -276479
 -272383
 -267263
 -262143
 -257023
 -252415
 -248831
 -245759
 -244223
 -243711
 -245247
 -247295
 -251391
 -257023
 -262143
 -268799
 -275967
 -282111
 -287743
 -292351
 -295423
 -295935
 -295423
 -293375
 -290303
 -286207
 -280575
 -275455
 -269823
 -265215
 -260607
 -258047
 -257023
 -256511
 -258559
 -262143
 -266751
 -270847
 -276479
 -282623
 -289279
 -295935
 -302079
 -306687
 -308735
 -307711
 -303103
 -295935
 -285695
 -272383
 -257023
 -240639
 -223231
 -206847
 -191999
 -180223
 -171007
 -165375
 -164863
 -167423
 -173567
 -182783
 -196095
 -209919
 -224255
 -239615
 -255487
 -268799
 -281087
 -290815
 -298495
 -302591
 -302591
 -300543
 -295423
 -287231
 -277503
 -266239
 -253439
 -239615
 -226303
 -214015
 -203263
 -195071
 -189439
 -187903
 -189439
 -194047
 -201727
 -212479
 -223743
 -236031
 -248319
 -260607
 -271359
 -281087
 -289791
 -296447
 -301055
 -303103
 -304127
 -302079
 -298495
 -293375
 -287231
 -278015
 -264703
 -246271
 -220159
 -185343
 -144383
  -99327
  -53759
  -10751
   25599
   52735
   69631
   74239
   65535
   44543
   12287
  -28159
  -74239
 -123903
 -173055
 -219647
 -261119
 -295935
 -323583
 -343039
 -353791
 -355327
 -349695
 -336895
 -318975
 -296959
 -273407
 -249343
 -226303
 -205823
 -190975
 -181247
 -176639
 -178175
 -186367
 -197119
 -210943
 -226815
 -242687
 -257023
 -268799
 -277503
 -281599
 -281599
 -278527
 -271871
 -262143
 -251903
 -240639
 -229375
 -218111
 -209407
 -202239
 -197631
 -196095
 -197631
 -200703
 -205311
 -211967
 -219135
 -226815
 -235007
 -243199
 -250367
 -256511
 -262143
 -267263
 -270335
 -271871
 -272895
 -272383
 -270335
 -267775
 -266239
 -263679
 -261119
 -258047
 -255487
 -251391
 -248319
 -244735
 -242175
 -238591
 -237567
 -236543
 -236543
 -237567
 -240127
 -243199
 -246271
 -250367
 -254463
 -257535
 -260095
 -262143
 -263167
 -262143
 -261119
 -258559
 -255999
 -252415
 -249343
 -246271
 -243711
 -241663
 -241151
 -242175
 -243711
 -245759
 -250367
 -254975
 -259071
 -264191
 -268799
 -272895
 -275967
 -277503
 -278527
 -278527
 -277503
 -275455
 -273407
 -270335
 -266751
 -262655
 -259583
 -256511
 -253951
 -252415
 -252927
 -254463
 -256511
 -259583
 -264191
 -267775
 -271871
 -274943
 -278527
 -280575
 -280575
 -280063
 -278015
 -273919
 -268799
 -263167
 -257535
 -251903
 -246271
 -242687
 -240639
 -239615
 -240127
 -243711
 -248831
 -255487
 -262655
 -270847
 -279551
 -286207
 -291327
 -293375
 -293375
 -290815
 -285695
 -280575
 -273919
 -266751
 -260095
 -254975
 -250367
 -246783
 -245759
 -246271
 -248831
 -252415
 -257535
 -263167
 -268799
 -273919
 -279039
 -283647
 -286207
 -288767
 -290303
 -289791
 -288255
 -286207
 -283647
 -281087
 -279039
 -278015
 -277503
 -276991
 -277503
 -279551
 -280575
 -282111
 -284671
 -286719
 -288767
 -289791
 -291327
 -292351
 -293887
 -294399
 -295423
 -296959
 -296959
 -297471
 -297983
 -297471
 -296447
 -295935
 -294911
 -293887
 -292351
 -293375
 -295423
 -296959
 -299007
 -302079
 -304639
 -306175
 -307711
 -308735
 -308735
 -308223
 -307711
 -306687
 -305151
 -301567
 -299007
 -295423
 -291327
 -287231
 -284671
 -281599
 -278527
 -277503
 -277503
 -278527
 -280063
 -283647
 -286207
 -289279
 -291839
 -294911
 -296447
 -296959
 -298495
 -299007
 -298495
 -297471
 -296447
 -295423
 -293375
 -291839
 -290303
 -289279
 -288255
 -287231
 -288255
 -288255
 -289279
 -291327
 -293375
 -295423
 -297471
 -300543
 -303103
 -305663
 -307199
 -309759
 -311807
 -313855
 -313855
 -312831
 -310783
 -308223
 -305663
 -303615
 -301055
 -299007
 -298495
 -297983
 -296959
 -295423
 -292351
 -286207
 -278015
 -266239
 -250879
 -232447
 -211455
 -190463
 -169471
 -150527
 -134143
 -121855
 -115199
 -112127
 -115199
 -122879
 -134655
 -150527
 -169471
 -190975
 -212991
 -235007
 -257023
 -278015
 -295935
 -309759
 -320511
 -325119
 -325119
 -320511
 -313855
 -303103
 -290303
 -277503
 -264191
 -251903
 -241151
 -233471
 -228863
 -227839
 -228863
 -233983
 -239615
 -246271
 -253439
 -260095
 -265727
 -270847
 -274943
 -277503
 -279039
 -279551
 -279039
 -276991
 -274431
 -271871
 -269823
 -267775
 -265727
 -265215
 -264703
 -265215
 -265727
 -266751
 -266239
 -265215
 -263679
 -262655
 -260607
 -259071
 -258559
 -258559
 -258047
 -259071
 -262143
 -265727
 -270335
 -276479
 -283647
 -290303
 -296447
 -302079
 -306687
 -309759
 -310783
 -311807
 -310271
 -307711
 -303615
 -299007
 -294399
 -288255
 -283135
 -278527
 -273919
 -269823
 -266751
 -264703
 -263679
 -263167
 -264703
 -266751
 -269311
 -272383
 -276479
 -281599
 -286207
 -290303
 -294911
 -297983
 -300543
 -302079
 -303615
 -303103
 -303103
 -301567
 -300031
 -296447
 -293887
 -291327
 -288767
 -286719
 -284671
 -284671
 -284671
 -285183
 -286207
 -289279
 -292351
 -295423
 -298495
 -302079
 -305151
 -306687
 -308223
 -309759
 -309247
 -307711
 -306687
 -305151
 -302079
 -299519
 -298495
 -296959
 -296959
 -296959
 -298495
 -300031
 -302079
 -304127
 -306687
 -308735
 -310783
 -311807
 -312831
 -313343
 -312319
 -312319
 -311807
 -309759
 -308735
 -307711
 -305663
 -303615
 -301055
 -299007
 -295935
 -291327
 -287231
 -284159
 -279551
 -276479
 -273919
 -272895
 -272895
 -273919
 -275967
 -280063
 -284159
 -288767
 -295423
 -301055
 -305663
 -310783
 -315903
 -319487
 -322559
 -324607
 -326143
 -326143
 -325631
 -324095
 -323071
 -320511
 -318463
 -315903
 -313855
 -310783
 -308735
 -306687
 -304127
 -301055
 -299007
 -297471
 -295423
 -294399
 -294399
 -294911
 -294911
 -296447
 -298495
 -301055
 -303103
 -305663
 -307711
 -309759
 -310783
 -312831
 -313855
 -313343
 -312831
 -312831
 -310271
 -306687
 -302591
 -295935
 -287743
 -277503
 -267775
 -256511
 -245759
 -236031
 -228863
 -223231
 -220159
 -220159
 -223231
 -228863
 -236543
 -246271
 -258559
 -270847
 -283135
 -295423
 -307199
 -316927
 -325631
 -333311
 -336895
 -337407
 -335871
 -333311
 -328191
 -321535
 -314879
 -307199
 -298495
 -288255
 -276479
 -264191
 -251391
 -237567
 -224767
 -213503
 -203775
 -196607
 -193023
 -193023
 -195583
 -201215
 -210431
 -222207
 -234495
 -248319
 -262655
 -275967
 -288255
 -300543
 -309759
 -316927
 -320511
 -321535
 -319487
 -315391
 -308735
 -301055
 -292863
 -283135
 -273919
 -266239
 -258047
 -252415
 -247807
 -245759
 -244735
 -246271
 -249855
 -255487
 -261631
 -269823
 -278527
 -287231
 -296447
 -305663
 -312831
 -318975
 -323071
 -325119
 -323583
 -320511
 -315903
 -308735
 -299519
 -290815
 -281599
 -272895
 -264703
 -259071
 -254975
 -252415
 -252415
 -254975
 -259583
 -265215
 -271871
 -280575
 -288767
 -296959
 -304639
 -311295
 -316927
 -321535
 -324607
 -326143
 -326143
 -324607
 -322047
 -318463
 -313855
 -308735
 -304127
 -300031
 -295935
 -293375
 -291327
 -290815
 -290815
 -292351
 -294911
 -297983
 -301055
 -305663
 -308735
 -312319
 -314879
 -318463
 -319487
 -321023
 -321535
 -322047
 -321535
 -320511
 -319487
 -318975
 -317951
 -316927
 -316927
 -316415
 -316415
 -315903
 -316415
 -316415
 -316415
 -315903
 -315903
 -315903
 -315391
 -314879
 -314879
 -314879
 -314367
 -314367
 -314879
 -315391
 -315391
 -315391
 -316415
 -317439
 -317951
 -318463
 -319487
 -321023
 -322047
 -322047
 -323583
 -324095
 -325119
 -325631
 -326143
 -326655
 -326655
 -326143
 -325631
 -325631
 -325119
 -324095
 -323583
 -323583
 -322559
 -321535
 -321535
 -322047
 -322559
 -323071
 -323583
 -325119
 -326143
 -326655
 -327167
 -328191
 -328191
 -328191
 -327679
 -327679
 -327167
 -327167
 -327167
 -328191
 -329215
 -330239
 -331263
 -332287
 -333311
 -333823
 -333311
 -334335
 -334335
 -334335
 -333311
 -333311
 -332287
 -331263
 -330751
 -330751
 -330751
 -331263
 -331263
 -332287
 -332799
 -333311
 -333311
 -334335
 -334335
 -334335
 -333823
 -333823
 -332799
 -332287
 -332287
 -332287
 -333311
 -334335
 -335359
 -336895
 -337919
 -338943
 -338943
 -339455
 -339455
 -338943
 -338943
 -338431
 -337919
 -336383
 -334847
 -334335
 -333311
 -331775
 -330751
 -331263
 -331263
 -331263
 -332799
 -334335
 -335871
 -336895
 -338943
 -341503
 -343039
 -344575
 -345599
 -346111
 -345599
 -345599
 -345087
 -343551
 -342015
 -340479
 -338431
 -336895
 -335359
 -334335
 -334335
 -334335
 -334847
 -335359
 -335871
 -337919
 -338943
 -338943
 -339967
 -340991
 -341503
 -340991
 -340991
 -340991
 -339455
 -337919
 -336895
 -336895
 -335359
 -334847
 -334335
 -335359
 -335871
 -335871
 -336895
 -338943
 -339967
 -340479
 -341503
 -343039
 -343039
 -343039
 -343039
 -344063
 -344063
 -343039
 -343039
 -342527
 -342015
 -340991
 -340991
 -339967
 -338943
 -337919
 -337919
 -336895
 -335871
 -334847
 -333823
 -333311
 -332287
 -331263
 -330751
 -331263
 -332287
 -333823
 -336895
 -340479
 -344575
 -348159
 -352767
 -356351
 -358399
 -360447
 -361983
 -361983
 -361471
 -359423
 -358399
 -355839
 -353279
 -350207
 -348159
 -345599
 -343039
 -341503
 -339967
 -337919
 -336895
 -335359
 -334847
 -333311
 -332287
 -331263
 -330239
 -328703
 -328191
 -327679
 -327679
 -327679
 -328703
 -329727
 -331775
 -333311
 -335871
 -338431
 -340991
 -342527
 -344063
 -345087
 -345087
 -344575
 -344063
 -343551
 -342527
 -340991
 -339967
 -338943
 -337407
 -335359
 -334335
 -333311
 -332287
 -331775
 -332287
 -332799
 -334335
 -335359
 -336895
 -339967
 -342527
 -345087
 -347647
 -350207
 -352255
 -353791
 -354303
 -354815
 -354815
 -353791
 -352255
 -350719
 -349183
 -346623
 -345599
 -344575
 -343039
 -342015
 -342015
 -340991
 -340479
 -340479
 -340479
 -340991
 -340991
 -340991
 -342015
 -342527
 -343039
 -344063
 -345087
 -345087
 -345599
 -345599
 -346111
 -346111
 -346111
 -346623
 -346623
 -346623
 -346623
 -346623
 -346111
 -345087
 -344063
 -343039
 -341503
 -339967
 -339455
 -339455
 -338943
 -338943
 -339967
 -339967
 -339455
 -339967
 -340991
 -342015
 -343039
 -344063
 -346623
 -348159
 -349695
 -351743
 -353279
 -353791
 -352767
 -351231
 -348671
 -344575
 -338431
 -332799
 -327167
 -321023
 -314879
 -310271
 -307711
 -305663
 -305151
 -307711
 -310271
 -313855
 -318463
 -323583
 -329215
 -334335
 -339455
 -345087
 -348671
 -351743
 -353279
 -354815
 -354303
 -352767
 -350719
 -349183
 -346623
 -344063
 -341503
 -340479
 -338943
 -337407
 -336383
 -336895
 -337407
 -337919
 -339455
 -341503
 -343039
 -345087
 -346111
 -347647
 -349695
 -349695
 -350719
 -350207
 -349695
 -347647
 -346111
 -345087
 -344063
 -343039
 -342527
 -343039
 -344063
 -345087
 -346111
 -347647
 -349183
 -351231
 -352255
 -354303
 -356351
 -357375
 -357375
 -358399
 -358399
 -357375
 -355327
 -354303
 -352255
 -350207
 -348159
 -346623
 -345087
 -344063
 -343039
 -344063
 -344575
 -346623
 -348671
 -351743
 -354303
 -356351
 -357887
 -360447
 -361471
 -362495
 -362495
 -362495
 -360959
 -359423
 -357887
 -356863
 -355327
 -353791
 -352767
 -352767
 -352255
 -352255
 -353279
 -354303
 -354815
 -354815
 -355327
 -356351
 -355839
 -355839
 -356351
 -356863
 -356863
 -356863
 -357375
 -357887
 -357375
 -357375
 -357375
 -357375
 -356351
 -356351
 -355839
 -355327
 -355327
 -355327
 -355839
 -355839
 -355839
 -356351
 -356351
 -356351
 -355327
 -355327
 -355327
 -355327
 -354815
 -355327
 -356351
 -357375
 -358399
 -359423
 -359423
 -359423
 -358399
 -358399
 -357375
 -356351
 -355839
 -355839
 -355327
 -355327
 -355327
 -355839
 -355839
 -356351
 -356351
 -356863
 -357375
 -357375
 -358399
 -358399
 -358399
 -358399
 -359423
 -359423
 -359423
 -359423
 -359423
 -359423
 -358399
 -358399
 -358399
 -358399
 -358911
 -359423
 -359935
 -360447
 -361471
 -361983
 -361983
 -361471
 -362495
 -361471
 -361471
 -361471
 -361983
 -361983
 -361471
 -362495
 -362495
 -362495
 -361983
 -363007
 -362495
 -362495
 -361983
 -362495
 -362495
 -362495
 -363007
 -363519
 -364031
 -363519
 -364031
 -364031
 -364031
 -363007
 -363007
 -363007
 -362495
 -361983
 -361471
 -361471
 -361471
 -361471
 -362495
 -363519
 -364031
 -363519
 -363519
 -363519
 -363007
 -361983
 -362495
 -362495
 -363007
 -363519
 -365055
 -366079
 -367103
 -368127
 -369663
 -370175
 -370175
 -370175
 -369663
 -368639
 -367103
 -366079
 -365055
 -364031
 -362495
 -362495
 -362495
 -363519
 -364031
 -366079
 -367103
 -368639
 -369663
 -370687
 -371199
 -371199
 -371199
 -371199
 -371199
 -369151
 -368127
 -367103
 -365567
 -364031
 -362495
 -361983
 -361471
 -360959
 -361471
 -361983
 -362495
 -363007
 -364031
 -365055
 -365055
 -366079
 -367103
 -368127
 -369151
 -369663
 -371199
 -372223
 -372223
 -372223
 -372735
 -373247
 -372735
 -372223
 -371711
 -371199
 -370175
 -369151
 -369151
 -368127
 -367615
 -368127
 -367615
 -368127
 -368127
 -369151
 -369663
 -369663
 -369663
 -370175
 -370175
 -369151
 -370175
 -370175
 -369663
 -370175
 -370687
 -371711
 -372223
 -373247
 -374783
 -375295
 -375295
 -375295
 -374783
 -374271
 -373247
 -372223
 -371199
 -370175
 -369151
 -368639
 -368127
 -367615
 -367103
 -367615
 -368127
 -368127
 -369151
 -370687
 -371199
 -372735
 -374271
 -375807
 -376831
 -377343
 -377855
 -378879
 -377855
 -377855
 -376831
 -375807
 -373759
 -371711
 -371199
 -370175
 -369151
 -368639
 -369663
 -369663
 -369663
 -370175
 -371199
 -372223
 -372735
 -374271
 -374783
 -375295
 -375295
 -375807
 -376319
 -375807
 -375807
 -376319
 -375807
 -376319
 -375807
 -375807
 -375807
 -375295
 -375807
 -375295
 -374783
 -373759
 -373247
 -371711
 -369151
 -367615
 -366591
 -365567
 -365055
 -365055
 -367103
 -367615
 -368639
 -370175
 -372223
 -374271
 -374783
 -376831
 -377855
 -378879
 -379391
 -380415
 -381951
 -381951
 -381439
 -382463
 -381951
 -381439
 -380927
 -380415
 -379903
 -378367
 -377343
 -376831
 -376319
 -375807
 -374783
 -374783
 -374783
 -374783
 -374783
 -375807
 -376831
 -377855
 -378879
 -380927
 -382975
 -383487
 -384511
 -385535
 -386047
 -385535
 -385535
 -384511
 -383999
 -382463
 -380927
 -379903
 -378879
 -377343
 -375295
 -374783
 -373247
 -371711
 -370175
 -370175
 -370175
 -370175
 -371199
 -372735
 -373759
 -374783
 -375807
 -377343
 -378879
 -378879
 -379391
 -379903
 -380927
 -380927
 -381951
 -382975
 -383487
 -383487
 -383999
 -383999
 -383487
 -381951
 -380927
 -379391
 -377855
 -375807
 -375295
 -374783
 -374783
 -374783
 -375295
 -375807
 -375807
 -375807
 -375295
 -375807
 -375807
 -375807
 -376319
 -377343
 -377855
 -378367
 -379391
 -380927
 -380927
 -380927
 -381951
 -381951
 -381951
 -380927
 -380927
 -379903
 -378879
 -377855
 -377855
 -376831
 -377343
 -377855
 -378879
 -380415
 -380927
 -382463
 -383999
 -384511
 -383999
 -383999
 -383999
 -382975
 -382463
 -380927
 -380927
 -379391
 -377855
 -377343
 -376831
 -376319
 -375807
 -375807
 -376319
 -375807
 -376831
 -377855
 -378879
 -378879
 -380415
 -380927
 -381951
 -381951
 -382975
 -382975
 -382975
 -382975
 -383487
 -382975
 -382463
 -381951
 -381439
 -380927
 -379903
 -378879
 -378879
 -378879
 -378879
 -378879
 -378879
 -379391
 -379391
 -380927
 -381439
 -381951
 -382463
 -383487
 -383487
 -382975
 -381951
 -381951
 -381439
 -381439
 -380415
 -380927
 -379903
 -379391
 -378367
 -377855
 -377855
 -377855
 -377855
 -378367
 -379391
 -379903
 -380927
 -382975
 -384511
 -385535
 -387071
 -388095
 -388607
 -388095
 -388095
 -387071
 -385023
 -382975
 -381439
 -379391
 -376831
 -375807
 -375295
 -374783
 -375295
 -375807
 -377343
 -378879
 -380415
 -381951
 -383999
 -384511
 -385535
 -386559
 -386559
 -386559
 -387583
 -387071
 -386559
 -386559
 -386559
 -386047
 -385023
 -384511
 -384511
 -383487
 -382975
 -382463
 -381951
 -380927
 -381439
 -381439
 -381951
 -381951
 -382975
 -383487
 -383999
 -383999
 -384511
 -384511
 -384511
 -384511
 -385023
 -384511
 -383999
 -383999
 -383487
 -382975
 -381951
 -381951
 -381439
 -381439
 -380415
 -381439
 -381951
 -381951
 -382975
 -383999
 -385023
 -385535
 -385535
 -386559
 -386559
 -386559
 -386047
 -385535
 -385535
 -384511
 -383487
 -383487
 -382463
 -381951
 -381439
 -380927
 -379903
 -378879
 -378879
 -378879
 -378879
 -379391
 -380927
 -381951
 -382463
 -383999
 -385023
 -386047
 -387071
 -387583
 -388607
 -388607
 -388095
 -387583
 -387071
 -385535
 -384511
 -383999
 -382975
 -381439
 -380927
 -380927
 -380927
 -380927
 -380927
 -381951
 -381951
 -381951
 -382463
 -383487
 -383999
 -384511
 -385023
 -386047
 -386559
 -386559
 -386559
 -387583
 -386559
 -386047
 -385023
 -385023
 -383999
 -383487
 -382975
 -382975
 -382975
 -382975
 -382975
 -383999
 -384511
 -385535
 -385535
 -387583
 -389119
 -389631
 -390655
 -392703
 -393727
 -394239
 -394751
 -395263
 -394751
 -393727
 -391679
 -390143
 -387583
 -385535
 -382975
 -381951
 -379903
 -377855
 -376831
 -376831
 -376319
 -376319
 -377855
 -379391
 -381951
 -384511
 -387583
 -390655
 -393727
 -395263
 -397311
 -398335
 -398335
 -397823
 -397311
 -395263
 -392703
 -390655
 -387583
 -384511
 -381951
 -379391
 -377855
 -376319
 -374783
 -375295
 -375807
 -377343
 -378879
 -381439
 -383999
 -386559
 -389631
 -392191
 -394751
 -394751
 -395263
 -395263
 -393727
 -391679
 -389631
 -387071
 -384511
 -381951
 -379391
 -378879
 -377855
 -377343
 -377855
 -379903
 -380927
 -382975
 -384511
 -386559
 -388607
 -390143
 -391679
 -392703
 -392703
 -392191
 -391679
 -389631
 -387583
 -385535
 -383999
 -382463
 -381439
 -381439
 -381951
 -382975
 -384511
 -386559
 -388607
 -390655
 -391679
 -393727
 -395263
 -395263
 -394751
 -394751
 -392703
 -389631
 -386559
 -383999
 -380927
 -378367
 -375807
 -374783
 -374271
 -374783
 -375807
 -378879
 -381439
 -384511
 -387583
 -391679
 -394239
 -396287
 -397311
 -397823
 -397311
 -396287
 -394751
 -393215
 -389631
 -387071
 -383999
 -381951
 -379391
 -377855
 -376831
 -376831
 -378367
 -378879
 -381951
 -383999
 -386047
 -388607
 -390655
 -392703
 -394751
 -394751
 -395263
 -394751
 -393727
 -391679
 -390143
 -388095
 -385535
 -383487
 -381951
 -380415
 -379391
 -378367
 -378879
 -379903
 -380927
 -381951
 -383999
 -385535
 -387071
 -388095
 -389631
 -390655
 -390655
 -390143
 -390655
 -390655
 -389631
 -388607
 -388095
 -387583
 -386559
 -385535
 -385023
 -384511
 -384511
 -384511
 -384511
 -385535
 -385535
 -386047
 -387071
 -388095
 -389631
 -390143
 -391679
 -392703
 -393727
 -393215
 -393215
 -391679
 -390655
 -388607
 -387583
 -386559
 -385535
 -384511
 -385023
 -384511
 -384511
 -384511
 -384511
 -383999
 -383487
 -382975
 -381951
 -381439
 -380927
 -380927
 -380415
 -379903
 -379903
 -379903
 -379391
 -379391
 -379903
 -380415
 -380927
 -382463
 -383999
 -384511
 -385535
 -387583
 -388607
 -390143
 -390655
 -392191
 -392703
 -392703
 -392703
 -392703
 -391679
 -390655
 -389631
 -387583
 -386047
 -383999
 -382975
 -380927
 -379903
 -379391
 -378879
 -378879
 -378879
 -379903
 -380927
 -381439
 -382975
 -384511
 -385535
 -386559
 -388095
 -389119
 -389631
 -390655
 -391679
 -392703
 -393215
 -393727
 -393727
 -393727
 -392703
 -391167
 -389631
 -388607
 -386559
 -384511
 -383999
 -382975
 -382975
 -382975
 -383487
 -384511
 -385023
 -386559
 -388095
 -388607
 -390143
 -391679
 -392703
 -393727
 -393215
 -393215
 -393215
 -392703
 -391167
 -389631
 -388607
 -386559
 -384511
 -383487
 -382463
 -381439
 -380927
 -381951
 -382975
 -383999
 -385535
 -387583
 -388607
 -389631
 -389631
 -390655
 -390143
 -389631
 -389631
 -389119
 -388607
 -388607
 -388095
 -387583
 -387583
 -386559
 -386047
 -386559
 -386047
 -385535
 -385023
 -385023
 -385023
 -384511
 -384511
 -385023
 -385535
 -386047
 -386047
 -387583
 -387583
 -387583
 -388095
 -388095
 -388607
 -388607
 -389119
 -389119
 -389631
 -388607
 -389631
 -389631
 -389631
 -389119
 -389631
 -388607
 -387583
 -387071
 -387071
 -386559
 -386047
 -386559
 -386559
 -387583
 -388095
 -389119
 -390143
 -390655
 -390655
 -391167
 -391679
 -391679
 -391167
 -390655
 -389631
 -388095
 -386559
 -385535
 -384511
 -383999
 -382975
 -383487
 -383487
 -382975
 -384511
 -385023
 -386047
 -386559
 -388095
 -389631
 -390655
 -391167
 -392191
 -392191
 -391679
 -390655
 -390655
 -389631
 -388607
 -387583
 -386559
 -386047
 -385535
 -384511
 -385023
 -385023
 -385535
 -386559
 -387583
 -388095
 -388607
 -390143
 -390655
 -390655
 -391167
 -390655
 -390143
 -389631
 -389631
 -389119
 -388607
 -389631
 -389631
 -389119
 -388607
 -388607
 -388607
 -387583
 -388095
 -388095
 -388607
 -388607
 -388607
 -389631
 -390143
 -390143
 -390655
 -390655
 -390655
 -389631
 -389119
 -388095
 -386559
 -385535
 -384511
 -383999
 -382975
 -382463
 -382975
 -383487
 -383999
 -385535
 -387583
 -389631
 -391679
 -393727
 -395263
 -396287
 -396287
 -395775
 -394751
 -393727
 -391679
 -389119
 -387071
 -385535
 -383487
 -382463
 -382463
 -381951
 -382975
 -384511
 -386047
 -387583
 -389631
 -392191
 -393727
 -395263
 -397311
 -398335
 -399359
 -399359
 -398847
 -398335
 -397311
 -395263
 -393727
 -391679
 -390143
 -388607
 -387071
 -386047
 -385023
 -384511
 -383999
 -383999
 -384511
 -383999
 -384511
 -385535
 -387071
 -387583
 -389631
 -391167
 -392703
 -393727
 -394751
 -395263
 -395263
 -395263
 -394239
 -393727
 -392703
 -390655
 -388607
 -387071
 -385535
 -385023
 -383999
 -383999
 -385535
 -386559
 -388095
 -390655
 -392703
 -395263
 -396287
 -398335
 -400383
 -400383
 -400895
 -400895
 -400383
 -399359
 -397311
 -395263
 -393727
 -391167
 -388095
 -385023
 -382975
 -380415
 -378367
 -376831
 -376831
 -376831
 -377855
 -379391
 -381951
 -384511
 -387071
 -389631
 -392703
 -395263
 -396799
 -398335
 -399359
 -399359
 -398335
 -396799
 -395263
 -393215
 -389631
 -387071
 -384511
 -381439
 -378879
 -376831
 -375295
 -374783
 -374783
 -375807
 -377343
 -379391
 -381951
 -385023
 -388607
 -391679
 -394751
 -396799
 -399359
 -400383
 -400895
 -401407
 -400895
 -399359
 -397311
 -395775
 -393727
 -391679
 -389631
 -387583
 -386047
 -385535
 -383999
 -382975
 -382975
 -382975
 -382975
 -383999
 -385535
 -387071
 -388607
 -390655
 -392703
 -394751
 -396287
 -397311
 -397311
 -397823
 -397311
 -395263
 -394751
 -392703
 -390655
 -389631
 -388607
 -387583
 -387583
 -387583
 -388607
 -389631
 -390655
 -391167
 -391679
 -392191
 -392191
 -391167
 -391679
 -390655
 -389631
 -388095
 -387583
 -387071
 -386559
 -386559
 -387583
 -388607
 -389631
 -391167
 -393727
 -395775
 -397311
 -399871
 -401407
 -401407
 -401407
 -400383
 -399359
 -396799
 -393727
 -390655
 -387583
 -384511
 -382463
 -380927
 -381439
 -381951
 -382975
 -384511
 -387583
 -389631
 -392191
 -395263
 -397823
 -399871
 -400895
 -402431
 -402431
 -401407
 -400383
 -399359
 -397311
 -395263
 -392703
 -390655
 -388095
 -385535
 -382975
 -381951
 -379391
 -378367
 -377855
 -377343
 -377855
 -378367
 -380415
 -382975
 -385023
 -387583
 -390655
 -393215
 -395263
 -397311
 -399359
 -400383
 -401407
 -401407
 -400895
 -400383
 -398335
 -396287
 -394239
 -392191
 -390143
 -387583
 -386559
 -385023
 -383999
 -383487
 -383999
 -384511
 -385535
 -386559
 -388607
 -389631
 -390655
 -391679
 -392191
 -392191
 -391679
 -391679
 -391167
 -390143
 -389119
 -389631
 -389631
 -389631
 -390143
 -390655
 -391167
 -391167
 -391679
 -392191
 -392191
 -391167
 -390655
 -389631
 -389119
 -387583
 -385535
 -382463
 -376831
 -371199
 -367103
 -363519
 -360447
 -360447
 -361471
 -364543
 -368639
 -373759
 -379903
 -386047
 -391679
 -396287
 -400895
 -403455
 -404479
 -403455
 -402431
 -398847
 -394751
 -389631
 -382975
 -376319
 -368639
 -361471
 -355327
 -351231
 -348671
 -350719
 -353279
 -357375
 -362495
 -370175
 -376831
 -383999
 -391167
 -397823
 -403455
 -407039
 -409087
 -411135
 -410111
 -408063
 -404479
 -401407
 -396799
 -392191
 -387071
 -382975
 -379391
 -375295
 -372735
 -371199
 -370175
 -370175
 -371711
 -374271
 -376831
 -379903
 -382975
 -386047
 -388607
 -390143
 -391167
 -392191
 -391679
 -390655
 -389631
 -388607
 -386559
 -385023
 -383487
 -382463
 -382463
 -381951
 -381951
 -382463
 -382975
 -383999
 -383999
 -385535
 -386559
 -386559
 -386559
 -386559
 -386559
 -385535
 -383999
 -382463
 -381951
 -380927
 -379903
 -379903
 -380927
 -381439
 -382463
 -383999
 -385535
 -387071
 -387583
 -388607
 -389119
 -389631
 -389631
 -390143
 -390655
 -391167
 -391167
 -391167
 -390655
 -390143
 -388607
 -387583
 -385535
 -384511
 -382463
 -380927
 -380927
 -379903
 -379391
 -379391
 -380415
 -381951
 -383487
 -384511
 -386559
 -388607
 -389119
 -389631
 -390655
 -391167
 -391167
 -391679
 -392191
 -391679
 -391679
 -389631
 -385535
 -380927
 -375295
 -370175
 -367103
 -366079
 -366079
 -368127
 -371199
 -375807
 -380927
 -385535
 -390655
 -394751
 -397311
 -399871
 -402431
 -402943
 -403455
 -401919
 -400383
 -398335
 -396287
 -393727
 -391679
 -389631
 -387071
 -384511
 -382975
 -381951
 -379903
 -379903
 -379903
 -380415
 -380927
 -382463
 -384511
 -386559
 -387583
 -389119
 -390655
 -391679
 -392703
 -393215
 -394751
 -394751
 -395263
 -395263
 -395775
 -396287
 -395775
 -396287
 -395775
 -395263
 -394751
 -392703
 -391679
 -390143
 -388095
 -386559
 -385535
 -383999
 -382463
 -381439
 -380927
 -381951
 -381951
 -382463
 -384511
 -385535
 -386559
 -387583
 -389631
 -390143
 -390655
 -391679
 -392191
 -392191
 -392703
 -392191
 -391679
 -391679
 -390655
 -390143
 -390143
 -390143
 -389631
 -389119
 -389631
 -389119
 -389119
 -388607
 -388607
 -388095
 -386559
 -385535
 -384511
 -383999
 -381951
 -381951
 -381951
 -382463
 -382975
 -384511
 -385535
 -387071
 -388095
 -389631
 -390655
 -391167
 -391679
 -392191
 -392703
 -392191
 -391679
 -391679
 -390655
 -389631
 -388607
 -387583
 -386559
 -385535
 -385023
 -384511
 -384511
 -384511
 -385023
 -386047
 -386559
 -386047
 -386559
 -387071
 -387071
 -387071
 -387583
 -387071
 -386559
 -385535
 -385535
 -385023
 -384511
 -383999
 -385023
 -386559
 -388095
 -390143
 -392703
 -394751
 -395775
 -397311
 -397311
 -397311
 -395263
 -393727
 -391679
 -388095
 -384511
 -382975
 -380927
 -378879
 -377855
 -378879
 -379903
 -381951
 -383999
 -387071
 -389631
 -391679
 -393727
 -395263
 -396287
 -396287
 -396287
 -396287
 -395263
 -394239
 -393215
 -391679
 -389631
 -388095
 -386047
 -384511
 -381951
 -380415
 -378879
 -377855
 -377343
 -378367
 -379903
 -380415
 -381951
 -383487
 -383999
 -385535
 -386559
 -387583
 -388607
 -389631
 -389631
 -390655
 -390143
 -389119
 -388607
 -387583
 -386047
 -385023
 -382975
 -381951
 -380415
 -378879
 -377855
 -377343
 -377855
 -377855
 -379391
 -381951
 -383999
 -386559
 -389119
 -391679
 -393727
 -395263
 -395775
 -396287
 -395263
 -394239
 -392703
 -390655
 -389119
 -386559
 -385023
 -382975
 -382463
 -380927
 -379391
 -378367
 -377855
 -377855
 -376831
 -377343
 -378879
 -379903
 -380927
 -383487
 -385535
 -387583
 -388607
 -389631
 -391679
 -392191
 -392703
 -392191
 -392191
 -391679
 -389631
 -388095
 -386559
 -385535
 -383999
 -382463
 -381951
 -380927
 -379903
 -379903
 -379391
 -378879
 -378367
 -378879
 -379391
 -379903
 -380927
 -382463
 -383999
 -385535
 -387071
 -389119
 -390655
 -391167
 -391679
 -392191
 -391679
 -390655
 -388607
 -387071
 -385535
 -383487
 -381439
 -380927
 -379903
 -378879
 -378367
 -378879
 -379391
 -379903
 -381439
 -382975
 -383999
 -384511
 -384511
 -385535
 -384511
 -383999
 -383999
 -383487
 -382975
 -382975
 -382463
 -381439
 -379903
 -377855
 -375807
 -373247
 -371199
 -370175
 -369151
 -369151
 -369151
 -370175
 -371199
 -372735
 -375807
 -378879
 -381951
 -384511
 -388095
 -390655
 -392191
 -394239
 -394751
 -394751
 -393727
 -392703
 -389631
 -387071
 -383999
 -380927
 -377855
 -375295
 -373247
 -371711
 -370175
 -370175
 -371199
 -372223
 -373247
 -375807
 -377855
 -380415
 -381951
 -383999
 -385535
 -385535
 -385535
 -385535
 -384511
 -383999
 -382463
 -380927
 -379903
 -378879
 -377855
 -377855
 -377855
 -377855
 -378367
 -378879
 -379903
 -380927
 -381439
 -382975
 -383999
 -384511
 -385535
 -385535
 -386047
 -385535
 -385535
 -386047
 -385535
 -385023
 -385535
 -385535
 -385535
 -385023
 -385535
 -385535
 -385023
 -384511
 -384511
 -384511
 -384511
 -383999
 -383999
 -382975
 -382463
 -381951
 -381439
 -380927
 -380927
 -379391
 -378879
 -378879
 -377855
 -377343
 -377855
 -378367
 -378879
 -379903
 -381439
 -382975
 -383999
 -385023
 -386559
 -387583
 -388095
 -388607
 -388607
 -388607
 -387071
 -385535
 -383999
 -381951
 -379391
 -376831
 -375295
 -374783
 -374271
 -374271
 -375807
 -377343
 -379391
 -381439
 -384511
 -386559
 -387583
 -389631
 -390655
 -391167
 -390655
 -390143
 -389631
 -388607
 -387583
 -386559
 -385535
 -383999
 -382463
 -381951
 -380927
 -379903
 -378879
 -378879
 -377855
 -376831
 -376831
 -377855
 -378879
 -379903
 -381951
 -383487
 -384511
 -385535
 -387583
 -389119
 -390655
 -391679
 -392703
 -393727
 -393727
 -393727
 -392703
 -392191
 -390655
 -388607
 -387071
 -384511
 -381951
 -379391
 -376831
 -375807
 -375295
