    7863
    7044
    5792
    4093
    1988
    -519
   -3381
   -6491
   -9835
  -13429
  -17231
  -21137
  -25155
  -29184
  -33183
  -37110
  -40974
  -44706
  -48292
  -51748
  -55036
  -58145
  -61092
  -63843
  -66379
  -68729
  -70875
  -72766
  -74400
  -75794
  -76902
  -77713
  -78258
  -78541
  -78542
  -78261
  -77723
  -76896
  -75770
  -74390
  -72779
  -70914
  -68798
  -66465
  -63901
  -61163
  -58313
  -55367
  -52309
  -49214
  -46148
  -43084
  -40024
  -37013
  -34054
  -31107
  -28213
  -25456
  -22816
  -20300
  -17963
  -15864
  -13953
  -12236
  -10771
   -9558
   -8575
   -7853
   -7400
   -7170
   -7172
   -7448
   -7957
   -8691
   -9688
  -10875
  -12232
  -13793
  -15568
  -17528
  -19678
  -22012
  -24495
  -27073
  -29761
  -32570
  -35438
  -38343
  -41269
  -44149
  -46935
  -49643
  -52264
  -54743
  -57089
  -59321
  -61403
  -63303
  -65033
  -66584
  -67922
  -69026
  -69904
  -70512
  -70855
  -70965
  -70862
  -70543
  -70019
  -69329
  -68431
  -67291
  -65975
  -64469
  -62739
  -60821
  -58763
  -56546
  -54187
  -51762
  -49255
  -46670
  -44057
  -41423
  -38727
  -35948
  -33118
  -30233
  -27303
  -24429
  -21614
  -18898
  -16369
  -14059
  -11986
  -10178
   -8669
   -7423
   -6427
   -5724
   -5266
   -5020
   -5024
   -5294
   -5783
   -6519
   -7553
   -8840
  -10352
  -12096
  -14047
  -16185
  -18511
  -20984
  -23526
  -26099
  -28706
  -31293
  -33781
  -36149
  -38416
  -40529
  -42502
  -44407
  -46202
  -47864
  -49427
  -50905
  -52257
  -53524
  -54733
  -55851
  -56883
  -57842
  -58729
  -59495
  -60146
  -60728
  -61205
  -61559
  -61852
  -62046
  -62084
  -61971
  -61697
  -61198
  -60484
  -59630
  -58638
  -57508
  -56309
  -55084
  -53782
  -52407
  -50980
  -49492
  -47928
  -46316
  -44673
  -42989
  -41298
  -39649
  -38016
  -36403
  -34874
  -33453
  -32106
  -30822
  -29616
  -28479
  -27434
  -26547
  -25831
  -25252
  -24849
  -24606
  -24472
  -24448
  -24548
  -24754
  -25055
  -25499
  -26113
  -26850
  -27738
  -28797
  -30013
  -31363
  -32836
  -34357
  -35868
  -37386
  -38912
  -40444
  -42081
  -43870
  -45737
  -47592
  -49394
  -51098
  -52630
  -53984
  -55158
  -56087
  -56764
  -57260
  -57597
  -57740
  -57633
  -57281
  -56683
  -55851
  -54809
  -53495
  -51889
  -50133
  -48300
  -46411
  -44518
  -42682
  -40842
  -39054
  -37356
  -35724
  -34161
  -32721
  -31397
  -30149
  -29014
  -28041
  -27229
  -26582
  -26143
  -25888
  -25769
  -25815
  -26026
  -26380
  -26867
  -27531
  -28348
  -29286
  -30395
  -31642
  -32974
  -34384
  -35873
  -37440
  -39039
  -40669
  -42316
  -43969
  -45641
  -47317
  -48945
  -50494
  -51976
  -53366
  -54623
  -55801
  -56889
  -57814
  -58572
  -59194
  -59662
  -59980
  -60147
  -60139
  -59954
  -59648
  -59251
  -58681
  -57957
  -57167
  -56353
  -55516
  -54653
  -53723
  -52650
  -51493
  -50317
  -49081
  -47827
  -46608
  -45390
  -44156
  -42955
  -41796
  -40649
  -39535
  -38493
  -37535
  -36625
  -35778
  -35051
  -34440
  -33947
  -33572
  -33289
  -33099
  -33034
  -33102
  -33259
  -33523
  -33916
  -34380
  -34927
  -35583
  -36302
  -37079
  -37937
  -38881
  -39907
  -41027
  -42235
  -43455
  -44649
  -45850
  -47025
  -48135
  -49231
  -50305
  -51301
  -52235
  -53109
  -53915
  -54634
  -55282
  -55825
  -56218
  -56509
  -56744
  -56896
  -56980
  -57023
  -56977
  -56845
  -56657
  -56393
  -56031
  -55589
  -55087
  -54479
  -53780
  -53045
  -52257
  -51427
  -50634
  -49844
  -48994
  -48125
  -47274
  -46406
  -45541
  -44719
  -43944
  -43208
  -42560
  -41972
  -41406
  -40878
  -40392
  -39921
  -39473
  -39100
  -38828
  -38643
  -38557
  -38558
  -38604
  -38689
  -38870
  -39127
  -39406
  -39725
  -40120
  -40567
  -41082
  -41685
  -42349
  -43034
  -43759
  -44545
  -45341
  -46147
  -46989
  -47838
  -48666
  -49500
  -50351
  -51191
  -51989
  -52765
  -53501
  -54130
  -54665
  -55114
  -55446
  -55655
  -55800
  -55876
  -55866
  -55793
  -55678
  -55487
  -55192
  -54849
  -54428
  -53879
  -53202
  -52410
  -51490
  -50446
  -49305
  -48060
  -46708
  -45231
  -43613
  -41986
  -40441
  -39028
  -37708
  -36419
  -35235
  -34163
  -33164
  -32263
  -31489
  -30791
  -30174
  -29694
  -29336
  -29064
  -28944
  -28968
  -29091
  -29362
  -29812
  -30373
  -31057
  -31899
  -32859
  -33935
  -35160
  -36466
  -37824
  -39287
  -40816
  -42332
  -43852
  -45405
  -46932
  -48388
  -49773
  -51011
  -52046
  -52883
  -53468
  -53679
  -53517
  -53028
  -52226
  -51125
  -49784
  -48206
  -46344
  -44210
  -41823
  -39146
  -36204
  -33087
  -29792
  -26324
  -22727
  -19053
  -15361
  -11799
   -8513
   -5515
   -2804
    -389
    1839
    3888
    5732
    7359
    8731
    9725
   10243
   10339
   10048
    9338
    8226
    6723
    4797
    2413
    -347
   -3438
   -6863
  -10590
  -14597
  -18730
  -23033
  -27526
  -32054
  -36610
  -41195
  -45909
  -50719
  -55518
  -60142
  -64483
  -68561
  -72445
  -76086
  -79433
  -82478
  -85200
  -87593
  -89681
  -91452
  -92839
  -93849
  -94483
  -94692
  -94462
  -93869
  -92960
  -91697
  -90100
  -88212
  -86006
  -83522
  -80812
  -77853
  -74644
  -71256
  -67693
  -63935
  -60034
  -56071
  -52050
  -48006
  -44012
  -40069
  -36179
  -32398
  -28754
  -25253
  -21954
  -18900
  -16054
  -13441
  -11145
   -9124
   -7390
   -6003
   -4955
   -4206
   -3777
   -3703
   -4013
   -4735
   -5838
   -7225
   -8982
  -11071
  -13488
  -16115
  -18967
  -22079
  -25370
  -28801
  -32369
  -36010
  -39652
  -43244
  -46758
  -50171
  -53491
  -56755
  -59853
  -62731
  -65459
  -67993
  -70188
  -72045
  -73617
  -74795
  -75561
  -76021
  -76164
  -75962
  -75515
  -74807
  -73849
  -72690
  -71329
  -69786
  -68133
  -66428
  -64619
  -62711
  -60739
  -58650
  -56471
  -54320
  -52137
  -49797
  -47283
  -44584
  -41626
  -38475
  -35201
  -31809
  -28309
  -24817
  -21382
  -17881
  -14271
  -10608
   -6941
   -3291
     259
    3642
    6812
    9774
   12529
   14716
   16295
   17292
   17772
   17733
   17187
   16187
   14624
   12498
    9911
    6958
    3629
     -10
   -3827
   -7773
  -11934
  -16279
  -20768
  -25302
  -29804
  -34215
  -38498
  -42622
  -46561
  -50307
  -53815
  -57099
  -60172
  -63019
  -65632
  -68065
  -70268
  -72259
  -74129
  -75802
  -77179
  -78318
  -79152
  -79596
  -79678
  -79413
  -78751
  -77773
  -76494
  -74926
  -73054
  -70876
  -68478
  -65905
  -63152
  -60275
  -57280
  -54157
  -50991
  -47837
  -44728
  -41611
  -38483
  -35443
  -32536
  -29706
  -26987
  -24439
  -22053
  -19854
  -17923
  -16242
  -14767
  -13530
  -12568
  -11866
  -11406
  -11215
  -11265
  -11523
  -12018
  -12748
  -13646
  -14727
  -16082
  -17697
  -19529
  -21573
  -23776
  -26088
  -28508
  -31058
  -33698
  -36415
  -39146
  -41843
  -44467
  -47029
  -49521
  -51915
  -54253
  -56512
  -58658
  -60716
  -62665
  -64446
  -66085
  -67576
  -68876
  -70027
  -71021
  -71811
  -72378
  -72753
  -72961
  -73001
  -72895
  -72655
  -72202
  -71496
  -70590
  -69462
  -68079
  -66512
  -64729
  -62710
  -60549
  -58320
  -56025
  -53749
  -51562
  -49405
  -47295
  -45330
  -43413
  -41439
  -39517
  -37691
  -35953
  -34350
  -33057
  -32182
  -31611
  -31113
  -30395
  -29323
  -28336
  -27545
  -26860
  -26260
  -26010
  -26070
  -26270
  -26562
  -26879
  -27254
  -27784
  -28490
  -29464
  -30765
  -32340
  -34133
  -36123
  -38300
  -40577
  -42945
  -45413
  -47903
  -50337
  -52710
  -55031
  -57209
  -59233
  -61150
  -62968
  -64684
  -66284
  -67762
  -69088
  -70266
  -71307
  -72198
  -72874
  -73382
  -73722
  -73839
  -73682
  -73282
  -72663
  -71787
  -70722
  -69508
  -68128
  -66545
  -64799
  -62931
  -60971
  -58968
  -56964
  -54937
  -52832
  -50688
  -48543
  -46369
  -44234
  -42220
  -40328
  -38491
  -36747
  -35159
  -33727
  -32440
  -31297
  -30323
  -29463
  -28703
  -28078
  -27593
  -27231
  -27040
  -27080
  -27299
  -27679
  -28241
  -28948
  -29769
  -30721
  -31819
  -33008
  -34295
  -35754
  -37353
  -39041
  -40813
  -42647
  -44483
  -46307
  -48157
  -50012
  -51847
  -53653
  -55418
  -57085
  -58686
  -60255
  -61796
  -63274
  -64682
  -66023
  -67224
  -68258
  -69118
  -69776
  -70198
  -70424
  -70532
  -70520
  -70368
  -70090
  -69667
  -69075
  -68344
  -67500
  -66559
  -65528
  -64437
  -63234
  -61921
  -60518
  -59041
  -57486
  -55876
  -54225
  -52521
  -50782
  -49025
  -47264
  -45499
  -43774
  -42117
  -40492
  -38906
  -37402
  -35991
  -34689
  -33544
  -32595
  -31836
  -31239
  -30839
  -30628
  -30560
  -30691
  -31037
  -31549
  -32271
  -33205
  -34304
  -35513
  -36852
  -38334
  -39899
  -41500
  -43168
  -44872
  -46584
  -48330
  -50098
  -51843
  -53577
  -55314
  -56989
  -58600
  -60168
  -61689
  -63073
  -64335
  -65523
  -66604
  -67560
  -68399
  -69090
  -69567
  -69828
  -69921
  -69852
  -69633
  -69255
  -68727
  -68036
  -67237
  -66356
  -65373
  -64305
  -63179
  -61982
  -60735
  -59447
  -58141
  -56800
  -55438
  -54135
  -52900
  -51765
  -50815
  -50000
  -49238
  -48522
  -47874
  -47205
  -46443
  -45623
  -44674
  -43607
  -42514
  
  
  
  
 
  
  