-2068991
-2062335
-2052607
-2038783
-2020351
-1993215
-1953791
-1898495
-1830399
-1748479
-1654783
-1549311
-1433087
-1307135
-1172479
-1030143
 -881151
 -726527
 -568831
 -407039
 -243711
  -80895
   81407
  240639
  395775
  545791
  689151
  824831
  950783
 1066495
 1170943
 1259519
 1323007
 1359871
 1376255
 1378303
 1370623
 1356799
 1337855
 1315839
 1290751
 1262591
 1230335
 1191935
 1147391
 1094143
 1034751
  967679
  894463
  814591
  730623
  642047
  548863
  452607
  354303
  252927
  151039
   47615
  -54783
 -157183
 -258047
 -356351
 -453119
 -545279
 -633855
 -717823
 -796671
 -869375
 -935935
 -995327
-1048063
-1092607
-1129983
-1158655
-1180159
-1192959
-1197055
-1193471
-1181183
-1160191
-1131519
-1094655
-1050623
 -999423
 -941567
 -877567
 -807423
 -732159
 -653311
 -569855
 -483327
 -393727
 -303103
 -210431
 -118271
  -25599
   65023
  154111
  240639
  323583
  402943
  477183
  546815
  610303
  668159
  719359
  763903
  800767
  830975
  854527
  869375
  878079
  878591
  872447
  859135
  839167
  812543
  780287
  741887
  698367
  649215
  595967
  538111
  476671
  411647
  344575
  274431
  202239
  129535
   55807
  -18431
  -92159
 -165375
 -236543
 -306687
 -374783
 -440319
 -502271
 -560639
 -614399
 -665087
 -710143
 -750591
 -785407
 -815103
 -838655
 -856575
 -867839
 -872959
 -872959
 -866815
 -854015
 -835583
 -811007
 -782847
 -748543
 -710143
 -667135
 -619519
 -567807
 -513023
 -455167
 -395263
 -333311
 -268799
 -204799
 -139263
  -74751
   -9727
   53247
  114687
  174079
  230911
  284671
  335359
  381439
  424447
  462847
  496127
  525311
  548863
  568319
  582143
  590847
  594431
  592895
  586751
  574975
  559615
  538623
  514047
  484863
  452095
  415231
  375295
  333311
  287743
  240127
  189951
  139263
   86527
   33279
  -19455
  -73215
 -125951
 -178175
 -229375
 -278527
 -327167
 -372223
 -415743
 -456191
 -493567
 -527871
 -558079
 -584703
 -607231
 -626175
 -639999
 -649727
 -655359
 -656383
 -652799
 -645119
 -632831
 -616447
 -596479
 -572415
 -544767
 -514047
 -480255
 -443391
 -404479
 -362495
 -319487
 -274943
 -228863
 -181759
 -135167
  -88063
  -40959
    4607
   50175
   93183
  135167
  175103
  212991
  247807
  279551
  308223
  333823
  355839
  374783
  389119
  399871
  407551
  411135
  410623
  406527
  398847
  388095
  373759
  355839
  335359
  311807
  285695
  257023
  225791
  193535
  158719
  122879
   85503
   47103
    8191
  -30719
  -70143
 -109055
 -147967
 -185343
 -222207
 -257023
 -290815
 -322559
 -352255
 -379391
 -404991
 -427007
 -446975
 -464383
 -478207
 -488959
 -497151
 -501759
 -502783
 -502271
 -500735
 -495103
 -486911
 -475647
 -460287
 -442367
 -420863
 -396287
 -368639
 -338943
 -306175
 -271871
 -235519
 -198143
 -159743
 -120831
  -80895
  -41471
   -2047
   36351
   74239
  110591
  145919
  178687
  209919
  238079
  264191
  287231
  307199
  324095
  338431
  348671
  355839
  359935
  360447
  357887
  352255
  343039
  330751
  315903
  297983
  278015
  254975
  230399
  203263
  174079
  143871
  112127
   79359
   45567
   11263
  -23551
  -58367
  -92671
 -126975
 -160767
 -193535
 -225279
 -255999
 -285183
 -311807
 -337407
 -360959
 -381951
 -400383
 -416767
 -430591
 -441343
 -449535
 -454655
 -457215
 -457215
 -454655
 -447999
 -439807
 -428543
 -414719
 -398335
 -380415
 -359423
 -336895
 -312831
 -286719
 -259583
 -231423
 -202239
 -172031
 -141823
 -111103
  -80383
  -50175
  -20479
    9215
   37375
   64511
   90111
  113663
  136703
  156671
  175103
  191487
  205311
  217599
  226815
  233471
  237055
  239103
  238591
  235519
  230399
  222207
  212991
  200191
  186879
  171007
  153087
  134143
  113663
   92159
   69631
   45567
   21503
   -3071
  -28671
  -54271
  -79359
 -104447
 -129535
 -154111
 -177151
 -200191
 -222207
 -243199
 -263167
 -281087
 -297983
 -312831
 -326143
 -336895
 -345599
 -353791
 -358399
 -361471
 -362495
 -360447
 -357375
 -351743
 -344063
 -334847
 -323583
 -309759
 -295423
 -278527
 -261119
 -242175
 -222207
 -201215
 -179199
 -157183
 -134655
 -111615
  -89087
  -66559
  -44031
  -22527
   -1535
   19455
   38399
   56319
   73727
   89599
  103935
  116735
  127487
  136191
  143871
  149503
  153599
  155647
  156159
  154623
  151039
  146431
  139263
  131071
  121343
  109567
   97279
   83455
   68095
   52223
   35327
   17407
    -511
  -19455
  -38399
  -57343
  -76287
  -95743
 -114175
 -132607
 -150015
 -167423
 -183807
 -199167
 -213503
 -226815
 -238591
 -249343
 -259071
 -267775
 -273919
 -279039
 -282623
 -284671
 -284671
 -283647
 -280575
 -276479
 -270847
 -263679
 -255487
 -245247
 -234495
 -222207
 -209407
 -195071
 -180223
 -165375
 -148991
 -133631
 -116735
 -100351
  -83967
  -67583
  -51199
  -35327
  -19967
   -5631
    8191
   21503
   33279
   44543
   54783
   63999
   71167
   78335
   83455
   87551
   90111
   91135
   91135
   90111
   87551
   83455
   78847
   72703
   65535
   57343
   48639
   38399
   27135
   15359
    3071
   -9727
  -23551
  -37375
  -52223
  -66559
  -80895
  -95743
 -109567
 -123903
 -137727
 -150015
 -162815
 -174591
 -185343
 -196095
 -204799
 -213503
 -221183
 -227839
 -232959
 -236543
 -239615
 -240639
 -240639
 -239615
 -237055
 -233471
 -228863
 -223231
 -216063
 -208383
 -199679
 -189951
 -180223
 -169471
 -158207
 -146431
 -134143
 -121855
 -109055
  -96767
  -83967
  -71167
  -58879
  -46591
  -34303
  -23039
  -11775
   -2047
    8191
   16895
   25087
   32767
   39423
   45055
   49663
   53247
   55807
   57343
   58367
   57343
   55807
   53247
   49663
   44543
   38911
   31743
   24575
   16383
    7679
   -2047
  -12287
  -23039
  -34303
  -45055
  -56831
  -68607
  -79871
  -92159
 -103423
 -115199
 -126463
 -136703
 -146943
 -157183
 -165887
 -174079
 -181759
 -188927
 -195071
 -200191
 -204287
 -207871
 -210431
 -211967
 -212479
 -211967
 -210431
 -207871
 -204799
 -200703
 -195583
 -189951
 -183295
 -176639
 -168447
 -160767
 -151551
 -142335
 -133119
 -122879
 -113151
 -102399
  -92159
  -81919
  -71167
  -61439
  -51711
  -41983
  -32255
  -23551
  -14847
   -7679
       0
    6143
   11263
   16895
   20991
   25087
   27647
   29183
   30207
   30207
   29183
   27647
   25087
   20991
   16383
   10751
    3583
   -2559
  -10751
  -18431
  -26623
  -35839
  -44031
  -53759
  -62463
  -72703
  -81919
  -90623
  -99839
 -108543
 -117247
 -125439
 -133119
 -140287
 -147967
 -154111
 -160255
 -165887
 -170495
 -175103
 -179199
 -182271
 -184831
 -186367
 -187391
 -187903
 -187391
 -186367
 -184319
 -181247
 -178175
 -174079
 -169471
 -163839
 -157695
 -151039
 -144383
 -136703
 -128511
 -120831
 -112127
 -103423
  -94719
  -86015
  -76799
  -68607
  -59903
  -51711
  -45055
  -37375
  -31231
  -24575
  -18943
  -14335
   -9727
   -6143
   -3583
   -1023
       0
    1535
    1535
    1535
     511
   -1023
   -2559
   -5119
   -8703
  -11775
  -15871
  -20479
  -25087
  -30719
  -36351
  -41983
  -48127
  -54783
  -61439
  -68607
  -75263
  -81919
  -89087
  -95743
 -102399
 -108543
 -114687
 -120831
 -126463
 -131071
 -136191
 -140287
 -143359
 -147455
 -150015
 -152063
 -154111
 -155135
 -156159
 -156159
 -156159
 -155135
 -154111
 -152063
 -150015
 -147455
 -144383
 -141311
 -137727
 -133631
 -129023
 -124927
 -119807
 -115199
 -110079
 -104959
  -99839
  -94719
  -89599
  -83967
  -78847
  -74239
  -69119
  -64511
  -59903
  -55807
  -51711
  -48127
  -44031
  -40959
  -38399
  -35839
  -33791
  -31743
  -30719
  -30207
  -29695
  -29695
  -30207
  -31231
  -32255
  -34303
  -36351
  -38911
  -40959
  -45055
  -48127
  -51711
  -55807
  -59391
  -63487
  -68095
  -72191
  -77311
  -80895
  -86015
  -89599
  -94207
  -98303
 -102399
 -106495
 -110079
 -113663
 -116735
 -119295
 -121343
 -123903
 -125951
 -126975
 -128511
 -129535
 -130047
 -130559
 -130559
 -130047
 -129535
 -128511
 -126975
 -125951
 -123391
 -121343
 -118271
 -116223
 -113151
 -110079
 -106495
 -103423
  -99839
  -96255
  -92671
  -88575
  -84991
  -80895
  -77311
  -73727
  -70143
  -66559
  -63487
  -60415
  -57343
  -54271
  -51711
  -49151
  -47103
  -45567
  -44031
  -43007
  -42495
  -41983
  -41983
  -41983
  -43007
  -44031
  -45055
  -47103
  -48639
  -50687
  -52735
  -55807
  -58367
  -61439
  -64511
  -68095
  -71167
  -74751
  -78335
  -82431
  -86015
  -90111
  -93695
  -97279
 -100351
 -103423
 -107007
 -109567
 -112127
 -115199
 -117759
 -119295
 -120831
 -121855
 -123903
 -124927
 -125951
 -126463
 -126975
 -127487
 -126975
 -126975
 -126463
 -125439
 -123903
 -122879
 -121855
 -119295
 -117759
 -115199
 -112127
 -109055
 -105471
 -101375
  -97791
  -93695
  -89599
  -84991
  -80895
  -76287
  -71167
  -66559
  -60927
  -55295
  -49151
  -41983
  -34815
  -26111
  -16895
   -6143
    4607
   16383
   28671
   41471
   54783
   68095
   81407
   94719
  108031
  121343
  133119
  144895
  154623
  163327
  171007
  177151
  181247
  183807
  183807
  182271
  178687
  172543
  164863
  155647
  144895
  131583
  116735
  100863
   84479
   66047
   47103
   27135
    5631
  -14847
  -37375
  -59391
  -81407
 -103423
 -125439
 -146431
 -166911
 -187391
 -206847
 -225279
 -241663
 -257535
 -272383
 -285183
 -296447
 -306175
 -313855
 -320511
 -325631
 -328191
 -329215
 -328191
 -326143
 -322559
 -316415
 -309247
 -300543
 -289791
 -278527
 -265215
 -250879
 -236031
 -219647
 -202751
 -184831
 -166911
 -148479
 -129535
 -110591
  -91647
  -73215
  -54271
  -36351
  -18943
   -3071
   12287
   27135
   40447
   52735
   63999
   73215
   81407
   88575
   93695
   98303
  101375
  102911
  102911
  100863
   98303
   92671
   87551
   83967
   77823
   69631
   59391
   48127
   35327
   22015
    7679
   -7679
  -23039
  -39423
  -55807
  -72191
  -89087
 -105471
 -121855
 -138239
 -153599
 -168959
 -183807
 -197631
 -210943
 -223231
 -235007
 -245759
 -254463
 -262655
 -269311
 -274943
 -279551
 -281599
 -283135
 -283135
 -281599
 -278527
 -274943
 -269311
 -262143
 -254975
 -245759
 -236031
 -224255
 -212991
 -199679
 -186367
 -172543
 -158207
 -143359
 -128511
 -113151
  -98815
  -83967
  -68607
  -54783
  -40959
  -27647
  -14847
   -2559
    8703
   18943
   28159
   36351
   44031
   49663
   54271
   58367
   60927
   62463
   62975
   62463
   60927
   57855
   53759
   48639
   42495
   35327
   27647
   18431
    8703
   -1535
  -12799
  -24063
  -36351
  -48639
  -61439
  -73727
  -87039
  -99327
 -112127
 -124415
 -136703
 -147967
 -159231
 -169471
 -179199
 -188415
 -197119
 -204287
 -210943
 -217087
 -221695
 -225791
 -228351
 -230399
 -230911
 -230911
 -229887
 -227327
 -224255
 -220159
 -215039
 -208895
 -201727
 -194559
 -185855
 -176639
 -166911
 -156159
 -145407
 -134655
 -122879
 -111615
  -99839
  -88575
  -77311
  -66559
  -55807
  -45567
  -35839
  -26623
  -17919
   -9727
   -2047
    4607
    9727
   15359
   19455
   22015
   25087
   26111
   27135
   26623
   25087
   23039
   19967
   16383
   12287
    6655
    1023
   -6143
  -12799
  -20479
  -29183
  -37375
  -46591
  -55807
  -65535
  -74751
  -83967
  -93695
 -102911
 -112127
 -120831
 -129023
 -137727
 -145407
 -152575
 -159743
 -165887
 -171519
 -177151
 -182271
 -185855
 -189439
 -191487
 -193535
 -194047
 -194047
 -193023
 -191999
 -189439
 -186367
 -182271
 -177663
 -172543
 -166911
 -160255
 -153087
 -146431
 -138239
 -130047
 -121855
 -113151
 -104447
  -95743
  -87039
  -78335
  -70143
  -62463
  -54271
  -47103
  -39935
  -33791
  -27647
  -22015
  -16895
  -12799
   -8703
   -5631
   -3071
   -1535
    -511
    -511
   -1023
   -2559
   -4095
   -7167
  -10239
  -13823
  -17919
  -23039
  -28159
  -33791
  -39935
  -46079
  -53247
  -59903
  -66559
  -74239
  -81407
  -88575
  -96255
 -103423
 -110591
 -117759
 -124927
 -131583
 -137727
 -143871
 -148991
 -154111
 -158719
 -163327
 -166399
 -169471
 -171519
 -173055
 -174079
 -173567
 -173055
 -171519
 -169983
 -167423
 -164351
 -160767
 -156159
 -151551
 -146431
 -140287
 -134655
 -127999
 -121343
 -114175
 -106495
  -99327
  -91647
  -84991
  -77823
  -70143
  -63487
  -56831
  -50687
  -45055
  -39423
  -33791
  -28671
  -24575
  -20479
  -16895
  -13823
  -11775
   -9727
   -8703
   -8191
   -8191
   -8703
   -9215
  -10751
  -12799
  -15871
  -18943
  -22527
  -26623
  -30207
  -34815
  -39423
  -44031
  -49151
  -53759
  -58879
  -63999
  -69119
  -74751
  -79871
  -84991
  -90623
  -95743
 -100863
 -105983
 -110079
 -114687
 -118783
 -121855
 -125439
 -127999
 -130047
 -131583
 -133119
 -133631
 -133631
 -133119
 -132607
 -131071
 -129535
 -126975
 -123903
 -120831
 -117759
 -113663
 -109567
 -104447
  -99327
  -93183
  -86527
  -79871
  -73215
  -65535
  -57855
  -50175
  -41983
  -34303
  -26623
  -18943
  -11775
   -4095
    2559
    9727
   15871
   22015
   29695
   36351
   44031
   52735
   62975
   74751
   88063
  103935
  120831
  139775
  160255
  181759
  203263
  225791
  246783
  267775
  287231
  305663
  321535
  335871
  348159
  356863
  364031
  367615
  368639
  364031
  355327
  341503
  325631
  305151
  282111
  255999
  227839
  197631
  165375
  132607
   98815
   66047
   33279
    1535
  -28671
  -56831
  -83967
 -108543
 -131583
 -151551
 -168959
 -183807
 -196095
 -204799
 -210431
 -212479
 -211455
 -207359
 -200703
 -190463
 -177151
 -159743
 -139775
 -116223
  -90623
  -61951
  -32255
    -511
   31743
   65023
   98815
  132607
  166399
  198655
  230399
  261119
  290303
  316927
  342015
  365567
  386559
  405503
  422399
  436223
  446975
  454143
  458239
  458239
  455679
  449535
  440319
  428543
  414719
  397823
  379391
  358911
  335871
  311807
  286207
  259583
  232447
  204799
  176639
  148479
  119295
   90111
   60415
   30719
    1023
  -28671
  -57855
  -87551
 -116735
 -145407
 -173055
 -200703
 -226303
 -251391
 -274431
 -295935
 -314879
 -331775
 -346623
 -359423
 -370175
 -377855
 -383999
 -387583
 -389119
 -388607
 -385535
 -380927
 -374271
 -366079
 -355327
 -344063
 -329727
 -314367
 -296959
 -278527
 -259071
 -238591
 -216575
 -193535
 -169471
 -145407
 -120831
  -95743
  -71167
  -47103
  -23039
       0
   22015
   42495
   62975
   80895
   97791
  112639
  126463
  138751
  150015
  160767
  171007
  180735
  188415
  196095
  201215
  204287
  206335
  206335
  204799
  202239
  199167
  194559
  189439
  183807
  176127
  168959
  160767
  151551
  142335
  132095
  121343
  109567
   97791
   85503
   72703
   59391
   45567
   30719
   16383
    1535
  -12799
  -26111
  -39423
  -52223
  -64511
  -76799
  -88063
  -98815
 -108543
 -117759
 -124927
 -132607
 -138239
 -143359
 -146431
 -148991
 -149503
 -148991
 -147455
 -144895
 -141311
 -136703
 -130559
 -123391
 -115199
 -105983
  -96767
  -86527
  -76287
  -66047
  -54783
  -44031
  -32255
  -20479
   -7679
    5631
   18943
   33279
   47103
   60927
   75263
   88575
  101887
  114175
  125951
  136191
  145919
  153599
  160255
  165375
  168959
  171519
  173055
  173055
  172543
  171007
  167423
  163839
  158207
  152575
  144895
  136703
  126463
  116223
  104447
   92159
   78847
   65023
   51199
   36863
   22527
    8703
   -5631
  -19455
  -32255
  -44543
  -54783
  -64511
  -72703
  -80383
  -88063
  -95743
 -102399
 -109055
 -115711
 -120831
 -125951
 -129535
 -133631
 -136703
 -139263
 -141311
 -143871
 -145919
 -147455
 -147455
 -147455
 -146431
 -144383
 -140287
 -134655
 -126975
 -118271
 -107519
  -95743
  -81919
  -66559
  -50687
  -33791
  -16383
    1535
   18943
   36863
   54783
   71679
   89087
  105471
  120831
  135167
  148479
  160255
  171007
  179711
  187903
  193023
  196607
  199167
  199679
  198655
  195583
  190975
  184831
  177151
  167935
  158207
  146431
  134143
  120319
  107007
   92671
   78335
   61951
   45055
   26111
    4095
  -19967
  -46591
  -73215
 -101375
 -129023
 -156159
 -181759
 -206335
 -228351
 -248319
 -265215
 -278527
 -290303
 -297983
 -303103
 -305151
 -304127
 -300031
 -292351
 -282623
 -269823
 -254975
 -237567
 -218111
 -197119
 -173567
 -148991
 -123903
  -97791
  -72191
  -45567
  -18943
    7167
   32767
   58367
   82431
  105471
  127487
  147455
  166399
  183807
  198143
  211967
  222719
  232447
  238079
  243199
  245247
  245247
  242687
  237567
  230911
  222207
  211455
  198143
  183807
  167423
  150527
  131583
  111615
   91135
   69119
   47103
   24063
    1535
  -21503
  -44031
  -67071
  -89599
 -111103
 -132607
 -153087
 -172543
 -191999
 -209919
 -226303
 -241663
 -255487
 -267263
 -277503
 -285695
 -291839
 -295935
 -297983
 -297983
 -296447
 -292863
 -286719
 -279551
 -270335
 -259583
 -246783
 -233471
 -218111
 -201727
 -184319
 -166399
 -147455
 -127999
 -108031
  -87551
  -67583
  -47103
  -26623
   -6655
   13311
   32767
   50687
   68607
   85503
  100351
  114687
  127999
  139775
  149503
  158207
  164863
  169983
  174079
  176127
  176127
  174591
  172031
  166911
  161279
  153087
  144383
  134143
  122367
  109567
   95743
   80895
   66047
   49663
   32767
   15871
   -1535
  -18943
  -36863
  -54783
  -72191
  -89599
 -106495
 -122879
 -139263
 -154111
 -168447
 -181759
 -194047
 -204799
 -214527
 -223231
 -230399
 -236543
 -240639
 -243711
 -245759
 -245759
 -244735
 -241663
 -237567
 -232959
 -226303
 -219135
 -210431
 -201215
 -190975
 -180223
 -168447
 -156159
 -142847
 -129023
 -115199
 -100351
  -86015
  -71167
  -56319
  -41983
  -28159
  -13823
       0
   12287
   24575
   35839
   46591
   56319
   65535
   72703
   79871
   85503
   90111
   93183
   94719
   95231
   94719
   92671
   89599
   84991
   79359
   73215
   65535
   57343
   48127
   38399
   27135
   16383
    4607
   -8191
  -20479
  -33279
  -46079
  -59391
  -72191
  -85503
  -98303
 -111103
 -123903
 -136191
 -147967
 -158719
 -169471
 -179199
 -187903
 -196095
 -202751
 -208895
 -214527
 -218111
 -220671
 -222207
 -222719
 -222207
 -220159
 -217599
 -213503
 -208383
 -202239
 -195071
 -187903
 -178687
 -169471
 -159231
 -148991
 -138239
 -126463
 -114175
 -101375
  -89599
  -76799
  -64511
  -52223
  -40447
  -29183
  -17919
   -8191
    1535
   10751
   18943
   26111
   33279
   38911
   43519
   47615
   50175
   52223
   53247
   53247
   52223
   50175
   47615
   44031
   39423
   33791
   28159
   20991
   14335
    6143
   -2047
  -11775
  -20991
  -30719
  -40959
  -51711
  -61951
  -72191
  -82943
  -93695
 -103423
 -113663
 -123391
 -132607
 -140799
 -148479
 -156159
 -162815
 -168959
 -173567
 -178175
 -181759
 -184831
 -186879
 -187903
 -187903
 -187903
 -186367
 -184319
 -182271
 -178175
 -174591
 -169471
 -164351
 -158719
 -152063
 -144895
 -137727
 -129535
 -121855
 -114175
 -105471
  -96767
  -88063
  -79871
  -71167
  -63487
  -55295
  -47615
  -40447
  -33791
  -27135
  -20991
  -15871
  -10751
   -6143
   -2559
     511
    3071
    4607
    5631
    6655
    6655
    5631
    3583
    1535
   -1023
   -4095
   -8703
  -12799
  -17919
  -23551
  -29183
  -35327
  -42495
  -49151
  -56319
  -63487
  -70655
  -77823
  -84991
  -91647
  -98303
 -105471
 -112127
 -118271
 -123903
 -128511
 -133631
 -137727
 -141823
 -144895
 -147967
 -150015
 -151039
 -150015
 -147455
 -142335
 -135167
 -125951
 -113151
  -99327
  -82943
  -65535
  -45567
  -25599
   -4095
   18943
   41983
   66047
   89087
  112639
  135679
  157695
  179199
  200191
  219647
  237055
  253439
  268287
  280063
  290815
  298495
  304127
  306687
  307199
  305151
  300543
  293375
  284159
  271359
  257023
  240127
  221695
  200191
  178175
  153599
  128511
  101887
   73727
   45567
   16383
  -12799
  -41983
  -72191
 -100351
 -129535
 -157183
 -184319
 -209407
 -233983
 -257023
 -278015
 -296959
 -314879
 -329727
 -343039
 -353791
 -362495
 -368127
 -372735
 -374271
 -373247
 -370175
 -365055
 -357375
 -347647
 -336383
 -322559
 -307199
 -289791
 -270847
 -250879
 -229887
 -206847
 -183295
 -159231
 -134143
 -109055
  -83967
  -58879
  -33791
   -9215
   14847
   37887
   60415
   81407
  100863
  119295
  136191
  151551
  164351
  176127
  185855
  193535
  199167
  202751
  204287
  203775
  201215
  196607
  189951
  181247
  171007
  159231
  145919
  131071
  114687
   97791
   79359
   59903
   40447
   19455
   -1535
  -22527
  -44031
  -65535
  -87039
 -108031
 -128511
 -148991
 -167935
 -186367
 -204287
 -220159
 -236031
 -249343
 -262143
 -272895
 -282623
 -290303
 -296447
 -301055
 -303615
 -304639
 -304127
 -301055
 -296959
 -291327
 -283647
 -274943
 -264191
 -252415
 -239615
 -225279
 -210431
 -194559
 -177151
 -160255
 -142335
 -123903
 -105471
  -87039
  -68607
  -50687
  -33279
  -15359
    1023
   16895
   31743
   45567
   59391
   70655
   80895
   90111
   98303
  104447
  109055
  112639
  114175
  114687
  113663
  110591
  106495
  100863
   94207
   86015
   76287
   66047
   54271
   41983
   28159
   14335
       0
  -14847
  -30207
  -46079
  -61439
  -77311
  -92671
 -108543
 -123903
 -138751
 -153087
 -166911
 -180223
 -192511
 -203775
 -214527
 -224255
 -232447
 -239615
 -246271
 -250367
 -253951
 -256511
 -256511
 -256511
 -254463
 -251391
 -246783
 -241663
 -235007
 -227327
 -219135
 -209407
 -199167
 -187903
 -176639
 -164351
 -151039
 -138239
 -124927
 -111103
  -97791
  -83967
  -71167
  -58367
  -45567
  -33279
  -21503
  -10751
    -511
    8703
   17407
   25087
   31743
   36863
   41983
   45567
   47615
   49151
   49151
   48639
   46591
   43519
   39935
   34815
   29183
   23039
   15871
    7679
    -511
   -9727
  -18943
  -29183
  -39423
  -49663
  -59903
  -71167
  -81919
  -92671
 -103935
 -114687
 -125951
 -135679
 -146431
 -155135
 -164863
 -172543
 -180223
 -187391
 -193535
 -198655
 -203775
 -207359
 -209407
 -211455
 -212479
 -212991
 -211455
 -209407
 -206847
 -202751
 -198143
 -192511
 -186367
 -178687
 -171519
 -162815
 -154111
 -144383
 -135167
 -124927
 -114687
 -104447
  -94719
  -83967
  -74239
  -64511
  -54783
  -46079
  -36351
  -28159
  -20479
  -12799
   -5631
     511
    6655
   11263
   15359
   19455
   21503
   23551
   24575
   24575
   23551
   22015
   19967
   16895
   12799
    8703
    3071
   -3071
   -9727
  -16895
  -25087
  -33279
  -41983
  -51199
  -60415
  -70143
  -79359
  -88575
  -98303
 -107519
 -116223
 -124927
 -133119
 -140799
 -147967
 -155647
 -161791
 -167935
 -173055
 -177151
 -181759
 -184319
 -187391
 -188927
 -189951
 -190463
 -189951
 -188927
 -187391
 -184831
 -181759
 -177151
 -173055
 -167935
 -161791
 -156159
 -149503
 -143359
 -135679
 -128511
 -121343
 -113663
 -106495
  -98303
  -91135
  -82943
  -75263
  -68095
  -60415
  -53247
  -46591
  -39935
  -33279
  -28159
  -22527
  -17919
  -13823
   -9727
   -7167
   -4095
   -2047
   -1023
    -511
    -511
   -1535
   -3071
   -5119
   -8191
  -11775
  -15359
  -20479
  -25599
  -30719
  -36863
  -43007
  -49663
  -56831
  -64511
  -71679
  -79359
  -87551
  -94719
 -103423
 -110591
 -118271
 -125951
 -132607
 -139263
 -145407
 -150527
 -155647
 -159743
 -162815
 -166911
 -168447
 -170495
 -172031
 -173055
 -173055
 -172543
 -171519
 -169471
 -166911
 -164351
 -160767
 -156671
 -152063
 -147967
 -142335
 -136703
 -131071
 -124927
 -118783
 -112639
 -105471
  -99327
  -92159
  -85503
  -78847
  -71679
  -65535
  -59391
  -53759
  -48127
  -43519
  -38911
  -35327
  -31231
  -29183
  -26623
  -25087
  -23551
  -23039
  -23039
  -23551
  -24575
  -26111
  -28159
  -30719
  -33791
  -37375
  -40959
  -45055
  -49663
  -54271
  -58879
  -64511
  -69631
  -75263
  -80895
  -86527
  -91647
  -97791
 -103423
 -109055
 -114175
 -119295
 -124415
 -128511
 -133119
 -136703
 -140287
 -143359
 -145919
 -147967
 -149503
 -151039
 -152063
 -152063
 -152063
 -151039
 -150527
 -148991
 -146943
 -144383
 -141823
 -138751
 -135679
 -132095
 -127999
 -124415
 -120319
 -116223
 -111103
 -107007
 -102399
  -97791
  -92671
  -88063
  -83455
  -78335
  -74239
  -69119
  -65023
  -60415
  -56831
  -52735
  -49663
  -47103
  -45055
  -43007
  -41983
  -40959
  -40447
  -40447
  -40959
  -41983
  -43007
  -45055
  -47103
  -49151
  -51711
  -54783
  -58879
  -61951
  -66047
  -69631
  -74239
  -78335
  -82431
  -87039
  -91135
  -95743
  -99327
 -103423
 -107519
 -111103
 -114687
 -117759
 -120831
 -123903
 -126975
 -129023
 -131071
 -133119
 -134655
 -136703
 -137215
 -137727
 -138239
 -138239
 -138239
 -137727
 -137215
 -135679
 -134143
 -132607
 -130559
 -127999
 -125439
 -122879
 -119807
 -117247
 -114175
 -110591
 -107519
 -104447
 -100351
  -97791
  -93695
  -90623
  -87039
  -83967
  -80383
  -77311
  -74239
  -71167
  -68607
  -66047
  -63487
  -60927
  -58879
  -57855
  -55807
  -54783
  -53759
  -52735
  -52223
  -52223
  -51711
  -52735
  -53247
  -54783
  -56319
  -57855
  -59903
  -62463
  -65023
  -68095
  -70655
  -74239
  -77311
  -80895
  -83967
  -87551
  -90623
  -94207
  -97279
 -100351
 -103423
 -105983
 -109055
 -111103
 -113663
 -115711
 -118271
 -119807
 -122367
 -124415
 -126463
 -128511
 -130047
 -131583
 -132607
 -133631
 -133631
 -134655
 -134143
 -133631
 -132607
 -131583
 -129535
 -127999
 -125439
 -122879
 -120319
 -116735
 -113151
 -110079
 -106495
 -102399
  -98303
  -94719
  -90623
  -87039
  -82943
  -79871
  -76287
  -73215
  -70143
  -67583
  -64511
  -61951
  -59903
  -58367
  -56831
  -55295
  -54271
  -53759
  -53759
  -53759
  -53759
  -54271
  -55807
  -56831
  -58879
  -60415
  -62463
  -65535
  -68095
  -71167
  -74239
  -77311
  -79871
  -83967
  -87551
  -90623
  -94207
  -97791
 -101375
 -104447
 -107519
 -110591
 -114175
 -116735
 -119807
 -121855
 -124415
 -126975
 -128511
 -129535
 -131071
 -132095
 -133119
 -133119
 -133119
 -133119
 -132607
 -131071
 -130047
 -128511
 -126975
 -124927
 -122879
 -120319
 -117247
 -115199
 -111615
 -108543
 -105471
 -102399
  -99327
  -96255
  -93183
  -90111
  -87039
  -84991
  -81919
  -79871
  -78335
  -77311
  -76287
  -75775
  -75263
  -74751
  -74239
  -74751
  -75263
  -75775
  -76799
  -77311
  -78847
  -79871
  -81407
  -82943
  -84991
  -87039
  -88575
  -90623
  -92671
  -94207
  -96255
  -98303
  -99327
 -101375
 -102399
 -103935
 -105471
 -106495
 -108031
 -109055
 -110079
 -111103
 -111103
 -111615
 -112127
 -112127
 -112127
 -111615
 -110591
 -109567
 -108543
 -107519
 -105983
 -104959
 -103423
 -101375
 -100351
  -98303
  -97791
  -95743
  -94207
  -92671
  -91647
  -89599
  -88575
  -87039
  -85503
  -84479
  -82943
  -81919
  -80895
  -80383
  -79871
  -78847
  -78847
  -78335
  -78847
  -78847
  -78847
  -79359
  -79871
  -80383
  -80895
  -81407
  -82431
  -82943
  -84479
  -84991
  -86527
  -87551
  -88575
  -90111
  -91135
  -92671
  -94207
  -96255
  -97791
 -100351
 -103423
 -105471
 -108543
 -110591
 -113663
 -115199
 -117759
 -119807
 -121343
 -122879
 -123903
 -124927
 -125951
 -126463
 -126975
 -126975
 -126975
 -126975
 -125951
 -125439
 -124415
 -123391
 -121855
 -120319
 -118783
 -116735
 -114687
 -112127
 -110079
 -107519
 -105471
 -102399
  -99839
  -96767
  -94207
  -91135
  -88575
  -86015
  -83455
  -80895
  -78847
  -76799
  -75263
  -73215
  -72191
  -71167
  -69631
  -69119
  -68607
  -68095
  -68095
  -68095
  -68095
  -68607
  -69119
  -69631
  -70655
  -71679
  -73215
  -74239
  -75775
  -77823
  -79359
  -81407
  -83455
  -86015
  -88063
  -90623
  -92671
  -95231
  -97791
 -100351
 -102911
 -104959
 -107007
 -109055
 -111103
 -113151
 -115199
 -116735
 -118271
 -119295
 -119807
 -121343
 -121343
 -121855
 -122367
 -121855
 -121855
 -121343
 -120831
 -119295
 -118271
 -117247
 -115711
 -113663
 -112127
 -109567
 -108543
 -106495
 -104447
 -102399
 -100351
  -98303
  -96767
  -94719
  -92671
  -90111
  -87551
  -84991
  -82943
  -81407
  -80383
  -78847
  -78847
  -78335
  -77823
  -77823
  -77311
  -77311
  -76799
  -75775
  -73727
  -71167
  -67071
  -61951
  -56831
  -50175
  -43519
  -36351
  -28671
  -20479
  -12287
   -3583
    4607
   12799
   20991
   28671
   35839
   42495
   48127
   53247
   57855
   60927
   63487
   64511
   65023
   63999
   62463
   59903
   56319
   51199
   45567
   39423
   31743
   23039
   14335
    4607
   -5631
  -16895
  -28671
  -40447
  -52735
  -65535
  -78335
  -90623
 -103935
 -116223
 -129023
 -141311
 -153087
 -164863
 -175103
 -185343
 -195071
 -203263
 -210943
 -217599
 -223231
 -227839
 -231935
 -234495
 -236031
 -236543
 -236543
 -234495
 -232447
 -228863
 -224255
 -219135
 -212991
 -205823
 -197631
 -188927
 -180223
 -169983
 -159743
 -149503
 -138239
 -126975
 -115711
 -104447
  -93183
  -81919
  -70655
  -59903
  -50175
  -39935
  -30719
  -22527
  -14335
   -7167
   -1023
    4607
    9215
   12799
   15359
   17407
   17919
   17407
   16383
   13823
   10239
    6655
    2047
   -3583
   -9727
  -16383
  -24063
  -31743
  -39935
  -49151
  -57855
  -67071
  -76287
  -85503
  -95743
 -104447
 -114175
 -123391
 -132095
 -140287
 -148991
 -156671
 -164351
 -171007
 -177151
 -182271
 -186879
 -190463
 -194047
 -196095
 -197631
 -198143
 -198143
 -197119
 -195071
 -193023
 -189951
 -187391
 -182783
 -178175
 -172543
 -167423
 -160767
 -154111
 -147455
 -140287
 -133631
 -125951
 -118783
 -111103
 -103935
  -96767
  -89599
  -82431
  -75775
  -69119
  -62975
  -57343
  -51711
  -46079
  -40959
  -37375
  -32767
  -29183
  -26623
  -23551
  -21503
  -19967
  -19455
  -18943
  -18943
  -19455
  -20479
  -22527
  -24575
  -27135
  -30207
  -33279
  -37375
  -41471
  -46079
  -50687
  -55807
  -60927
  -66559
  -72703
  -78335
  -84991
  -90623
  -96767
 -103423
 -109055
 -115199
 -120831
 -126975
 -131583
 -137215
 -141311
 -146431
 -150015
 -154111
 -157183
 -159743
 -162303
 -163839
 -165887
 -166399
 -166911
 -166911
 -166911
 -165375
 -163839
 -161791
 -159231
 -156159
 -153087
 -149503
 -145407
 -141311
 -136703
 -131583
 -126975
 -121855
 -117247
 -112127
 -107519
 -102911
  -97279
  -92671
  -87551
  -82943
  -78335
  -73727
  -70143
  -65535
  -62463
  -58879
  -55295
  -52735
  -50175
  -48127
  -46079
  -44543
  -43007
  -41983
  -41471
  -40959
  -40959
  -41983
  -43007
  -44543
  -46079
  -48639
  -50687
  -53759
  -56831
  -59391
  -62975
  -67583
  -71167
  -75263
  -78847
  -83967
  -88063
  -92159
  -96767
 -100351
 -104447
 -109055
 -112127
 -115711
 -118783
 -121855
 -124927
 -127487
 -129535
 -131583
 -132607
 -134143
 -134655
 -135679
 -136191
 -136191
 -135679
 -135167
 -134655
 -133631
 -132607
 -130559
 -129023
 -127487
 -125439
 -123903
 -121855
 -119807
 -118271
 -116223
 -114687
 -112127
 -110591
 -108543
 -106495
 -103935
 -101375
  -98815
  -96767
  -93695
  -90623
  -88575
  -86015
  -83967
  -81407
  -78847
  -77311
  -75263
  -73215
  -71167
  -70143
  -68607
  -67583
  -66559
  -65023
  -64511
  -63999
  -63487
  -63999
  -64511
  -65023
  -66047
  -67071
  -68095
  -70143
  -71679
  -73727
  -76287
  -78335
  -81407
  -83967
  -87039
  -89599
  -92159
  -94207
  -96255
  -97791
  -99839
 -101375
 -102911
 -104447
 -105471
 -106495
 -108031
 -109055
 -109567
 -110591
 -111103
 -112127
 -112127
 -112639
 -112639
 -112639
 -112127
 -112127
 -111103
 -111103
 -110079
 -109055
 -109055
 -107519
 -107007
 -105471
 -104447
 -103423
 -101887
 -100863
  -99327
  -98303
  -96767
  -95743
  -94207
  -93183
  -91647
  -90623
  -89599
  -88063
  -87039
  -86015
  -84991
  -83967
  -83455
  -82431
  -81919
  -80895
  -80895
  -80895
  -80383
  -80895
  -80895
  -81407
  -81919
  -81919
  -82943
  -83455
  -83967
  -84991
  -86015
  -87039
  -88063
  -88575
  -90111
  -91135
  -92159
  -93695
  -94719
  -95743
  -97279
  -98815
  -99839
 -101375
 -102399
 -103935
 -104959
 -105983
 -106495
 -107519
 -108031
 -108543
 -109055
 -109567
 -110079
 -111103
 -111103
 -112127
 -112639
 -113151
 -114175
 -114175
 -114175
 -114175
 -114175
 -113151
 -113151
 -112127
 -111615
 -110079
 -109567
 -108543
 -107519
 -105983
 -104447
 -102911
 -101375
  -99839
  -98303
  -96767
  -94719
  -92671
  -91135
  -89599
  -88063
  -86015
  -84479
  -82943
  -81919
  -80383
  -78847
  -78335
  -77311
  -76287
  -75775
  -75263
  -75263
  -75263
  -75263
  -75263
  -75263
  -75775
  -76287
  -76799
  -77311
  -78335
  -78847
  -79871
  -80895
  -82431
  -83967
  -85503
  -87039
  -88575
  -90623
  -92159
  -93695
  -95743
  -97791
  -99839
 -101375
 -103423
 -104959
 -106495
 -108543
 -109567
 -111103
 -112127
 -113151
 -114175
 -114687
 -115199
 -115711
 -116223
 -116223
 -116223
 -115199
 -115199
 -114175
 -113663
 -112639
 -111615
 -110079
 -109055
 -108031
 -107007
 -105471
 -104447
 -103423
 -102399
 -100351
  -99327
  -97791
  -96767
  -95743
  -94719
  -93695
  -92671
  -92159
  -91647
  -91135
  -90623
  -90111
  -90111
  -89599
  -89599
  -89087
  -89087
  -89087
  -88575
  -89087
  -89087
  -89599
  -89087
  -89599
  -89599
  -89599
  -89599
  -89599
  -89599
  -89599
  -89599
  -90111
  -90111
  -90623
  -90623
  -91135
  -91647
  -91647
  -92159
  -92671
  -92671
  -92671
  -93695
  -93695
  -94207
  -94207
  -94719
  -94719
  -95231
  -95743
  -95743
  -96255
  -96767
  -97279
  -97791
  -98303
  -99327
 -100351
 -100351
 -101375
 -102399
 -102911
 -103935
 -104447
 -104959
 -105471
 -105983
 -106495
 -107007
 -107519
 -107519
 -108543
 -108543
 -109055
 -109055
 -109055
 -109055
 -109055
 -108543
 -107519
 -107519
 -106495
 -105471
 -104447
 -103423
 -102399
 -101375
 -100351
  -99327
  -98303
  -97279
  -95743
  -94719
  -93695
  -92671
  -91647
  -91135
  -89599
  -89087
  -88575
  -88063
  -87551
  -87039
  -86527
  -86015
  -86015
  -86015
  -84991
  -85503
  -85503
  -85503
  -86015
  -86015
  -86015
  -86527
  -87039
  -87551
  -88063
  -88575
  -89599
  -90623
  -90623
  -91647
  -92671
  -93695
  -94207
  -95231
  -95743
  -96767
  -97791
  -97791
  -98303
  -99327
  -99839
 -100351
 -100351
 -101375
 -101887
 -101887
 -102399
 -102911
 -103423
 -103935
 -103935
 -104447
 -104447
 -104447
 -104447
 -105471
 -105471
 -105471
 -104959
 -104959
 -104447
 -103935
 -103423
 -103423
 -102399
 -101887
 -101375
 -100351
  -99839
  -98815
  -98303
  -97791
  -96767
  -95743
  -94719
  -94207
  -93695
  -92671
  -92159
  -91647
  -90623
  -90111
  -89599
  -89599
  -88575
  -88575
  -88063
  -88063
  -88063
  -88063
  -88063
  -88063
  -88575
  -88575
  -88575
  -89599
  -89599
  -90623
  -90623
  -91135
  -91647
  -92671
  -93183
  -94207
  -94207
  -94207
  -94207
  -94207
  -94719
  -96767
  -98303
 -100351
 -103423
 -106495
 -109055
 -112127
 -116223
 -118783
 -121855
 -124927
 -126975
 -129535
 -131583
 -133631
 -134655
 -136191
 -136703
 -136703
 -136703
 -135679
 -134655
 -133119
 -131071
 -129023
 -126975
 -123903
 -120831
 -117247
 -114175
 -110079
 -107007
 -102911
  -99327
  -95743
  -92159
  -88063
  -84991
  -81407
  -78335
  -75263
  -72191
  -69119
  -66559
  -64511
  -61951
  -59903
  -57855
  -56831
  -55295
  -53759
  -53759
  -52735
  -52735
  -52735
  -53759
  -54783
  -55807
  -57855
  -58879
  -61439
  -63487
  -65535
  -68607
  -71167
  -74239
  -77311
  -80383
  -83967
  -88063
  -91647
  -95231
  -98815
 -102399
 -106495
 -110079
 -113151
 -116223
 -119295
 -121855
 -124927
 -126975
 -128511
 -130559
 -131583
 -133119
 -133631
 -133631
 -134655
 -134655
 -133631
 -133631
 -132095
 -130559
 -129023
 -126975
 -124415
 -121343
 -118783
 -116223
 -113151
 -109567
 -104447
  -99327
  -93695
  -88063
  -81919
  -76287
  -70143
  -65535
  -59391
  -54271
  -49151
  -44031
  -38399
  -33279
  -28159
  -23039
  -16895
  -10751
   -4095
    2559
    9727
   16383
   23039
   29183
   36351
   43519
   50175
   57343
   65023
   72191
   79359
   87551
   95231
  102911
  109567
  115711
  120831
  125439
  129535
  133119
  136191
  138239
  139775
  139775
  140287
  139263
  138239
  136191
  132607
  128511
  122879
  116735
  109055
  100863
   90111
   78335
   65023
   49663
   34815
   18431
    2559
  -14335
  -31743
  -49151
  -66559
  -83455
 -100351
 -117247
 -133119
 -148991
 -163327
 -177663
 -190975
 -202751
 -214527
 -224255
 -233983
 -241663
 -248319
 -253951
 -258559
 -262143
 -264191
 -265215
 -265727
 -265215
 -262655
 -259583
 -255487
 -249343
 -243199
 -235519
 -227327
 -218111
 -207871
 -197119
 -185855
 -174079
 -161791
 -148991
 -136703
 -123903
 -111615
  -99327
  -87039
  -74751
  -62975
  -51711
  -40959
  -30719
  -21503
  -12287
   -4607
    2559
    8191
   13311
   17407
   19967
   22527
   23551
   23039
   22527
   20479
   17919
   14335
    9727
    4607
   -2047
   -8703
  -15871
  -24063
  -32767
  -41983
  -51711
  -61439
  -71167
  -81919
  -92671
 -102911
 -113151
 -123903
 -133631
 -143359
 -152575
 -161791
 -169471
 -177663
 -184831
 -190975
 -196607
 -201727
 -205823
 -209407
 -211967
 -213503
 -214527
 -214527
 -214527
 -212479
 -210431
 -207359
 -204799
 -200191
 -196095
 -189951
 -184319
 -177151
 -171007
 -163327
 -155647
 -147455
 -139263
 -130559
 -121855
 -113663
 -104447
  -95743
  -87551
  -79359
  -71167
  -63487
  -56831
  -49663
  -44031
  -38399
  -33279
  -29183
  -25599
  -22015
  -19455
  -16383
  -14335
  -12799
  -11775
  -11775
  -12799
  -14847
  -16895
  -19455
  -22527
  -25599
  -28671
  -32255
  -35839
  -39423
  -42495
  -45055
  -47103
  -48639
  -49663
  -50175
  -50687
  -50687
  -49663
  -49151
  -47615
  -46079
  -44543
  -42495
  -40447
  -38399
  -35327
  -33279
  -30719
  -28671
  -26623
  -24575
  -22527
  -20991
  -19967
  -19455
  -19455
  -20479
  -20991
  -22527
  -24575
  -27647
  -30207
  -33791
  -38399
  -42495
  -47103
  -51711
  -57855
  -62463
  -68095
  -73215
  -78335
  -83967
  -88575
  -94207
  -98303
 -103423
 -108031
 -112127
 -116223
 -119807
 -123391
 -126975
 -129535
 -132095
 -134143
 -136191
 -137727
 -138239
 -139263
 -139263
 -138239
 -138239
 -136703
 -134655
 -133119
 -130559
 -128511
 -124927
 -122879
 -118783
 -115711
 -111615
 -107519
 -103423
  -99327
  -95231
  -91135
  -87039
  -82943
  -78847
  -74751
  -71167
  -67583
  -64511
  -61439
  -58367
  -55807
  -53759
  -52223
  -50687
  -49151
  -48639
  -48127
  -47615
  -47615
  -47615
  -48127
  -49151
  -49663
  -50687
  -51711
  -53759
  -55807
  -57855
  -59903
  -62463
  -65535
  -68095
  -71167
  -74239
  -77823
  -80895
  -83967
  -87551
  -90623
  -93695
  -96767
  -99839
 -103423
 -106495
 -109055
 -112127
 -115199
 -117247
 -119295
 -120831
 -122879
 -123903
 -125951
 -126463
 -126975
 -127487
 -127999
 -127487
 -126975
 -126463
 -125439
 -124415
 -122879
 -121343
 -119295
 -117247
 -115199
 -112639
 -110079
 -107519
 -104447
 -101887
  -98303
  -95743
  -92671
  -89599
  -87039
  -83967
  -80895
  -78847
  -76287
  -74239
  -72191
  -70655
  -69119
  -67583
  -66559
  -65535
  -64511
  -64511
  -63487
  -63487
  -63487
  -63487
  -63999
  -65023
  -66047
  -67071
  -68607
  -70143
  -72191
  -74239
  -76287
  -78335
  -80895
  -82943
  -85503
  -88063
  -90623
  -92671
  -94719
  -96767
  -98303
 -100351
 -102399
 -104447
 -106495
 -108031
 -109567
 -111103
 -113151
 -114175
 -115199
 -116223
 -116735
 -117247
 -117759
 -117247
 -117759
 -117247
 -117247
 -116735
 -115711
 -115199
 -114175
 -113151
 -112127
 -111103
 -110079
 -108543
 -107519
 -105983
 -104447
 -103423
 -101375
 -100351
  -98815
  -96767
  -94719
  -92671
  -90623
  -88063
  -85503
  -82943
  -80383
  -77823
  -75263
  -73215
  -71167
  -68607
  -66559
  -65023
  -63487
  -62463
  -60927
  -60415
  -59903
  -59391
  -59391
  -59903
  -59903
  -60415
  -61439
  -61951
  -63487
  -64511
  -65535
  -67583
  -69119
  -71679
  -74239
  -76799
  -79871
  -82431
  -85503
  -88575
  -91647
  -94719
  -97791
 -100351
 -103423
 -106495
 -108543
 -111103
 -113663
 -115711
 -118271
 -119807
 -121855
 -123903
 -124927
 -126463
 -127487
 -128511
 -129023
 -129023
 -129535
 -129535
 -128511
 -128511
 -127487
 -125951
 -124927
 -122879
 -120831
 -118783
 -116223
 -113663
 -110591
 -108031
 -104447
 -101887
  -98303
  -95231
  -92159
  -89087
  -86527
  -82943
  -80895
  -78335
  -75263
  -72703
  -70143
  -68095
  -66047
  -64511
  -62463
  -61439
  -59391
  -59391
  -57855
  -57855
  -57343
  -57855
  -57855
  -57855
  -58879
  -59903
  -60927
  -62463
  -63999
  -66047
  -68095
  -69631
  -71167
  -73727
  -76287
  -78335
  -80383
  -82943
  -85503
  -88063
  -90111
  -92671
  -95743
  -97791
 -100351
 -102399
 -104447
 -107007
 -109055
 -110591
 -112639
 -114175
 -115711
 -116735
 -118271
 -118783
 -119295
 -119807
 -119807
 -119807
 -119807
 -119295
 -118783
 -118271
 -116223
 -115199
 -113151
 -110591
 -108543
 -105471
 -102399
  -99839
  -96767
  -94207
  -92159
  -89599
  -87039
  -84479
  -81919
  -80383
  -78335
  -77311
  -76287
  -75263
  -75263
  -74751
  -74751
  -74239
  -74239
  -74751
  -74751
  -75263
  -75775
  -76287
  -76799
  -77823
  -78847
  -79359
  -79871
  -80895
  -81919
  -82943
  -83455
  -83967
  -84991
  -85503
  -86527
  -87039
  -88575
  -89087
  -90623
  -91647
  -93183
  -94719
  -95743
  -97279
  -98303
  -99327
 -100863
 -101375
 -102399
 -102399
 -103423
 -102911
 -103423
 -103423
 -103423
 -102399
 -102399
 -101375
 -100863
 -100351
  -99327
  -98303
  -97791
  -96767
  -95743
  -95231
  -94207
  -93695
  -93183
  -92671
  -91647
  -91647
  -90623
  -90111
  -89599
  -89599
  -88575
  -88063
  -88063
  -87039
  -87039
  -86527
  -86015
  -85503
  -85503
  -85503
  -84991
  -84991
  -84991
  -84991
  -84991
  -84991
  -84991
  -84991
  -84991
  -84991
  -85503
  -84991
  -86015
  -86015
  -86015
  -87039
  -86527
  -87039
  -87551
  -88063
  -88063
  -88575
  -88575
  -89599
  -90111
  -90623
  -91647
  -92159
  -92671
  -93695
  -94719
  -95743
  -96255
  -97279
  -97791
  -98303
  -99327
  -99839
 -100351
 -101375
 -101375
 -102399
 -102911
 -103423
 -103423
 -103935
 -103935
 -103935
 -103935
 -103423
 -103423
 -103423
 -102399
 -102399
 -101887
 -100863
  -99839
  -99327
  -97791
  -97279
  -95743
  -95231
  -93695
  -92671
  -91647
  -90623
  -89599
  -88575
  -88063
  -87039
  -86015
  -84991
  -83967
  -82943
  -82431
  -81919
  -80895
  -79871
  -79359
  -78335
  -78335
  -77311
  -76799
  -76799
  -76287
  -76799
  -76799
  -77311
  -77311
  -78335
  -78847
  -79871
  -80383
  -81407
  -81919
  -83455
  -83967
  -84991
  -86015
  -87039
  -88063
  -89087
  -90111
  -91135
  -92159
  -93695
  -94207
  -95743
  -96767
  -97791
  -98815
 -100351
 -101375
 -102399
 -102911
 -103423
 -104447
 -104959
 -105471
 -105983
 -106495
 -106495
 -106495
 -107007
 -106495
 -107007
 -107007
 -106495
 -106495
 -106495
 -106495
 -106495
 -106495
 -105471
 -104959
 -103935
 -102911
 -102399
 -101887
 -101375
 -101375
 -100863
 -101375
 -100863
 -100351
 -100351
  -99327
  -98815
  -98303
  -97791
  -96255
  -94719
  -94207
  -92671
  -91647
  -90111
  -88575
  -87551
  -86015
  -84991
  -82943
  -81919
  -80895
  -79871
  -78847
  -77823
  -77311
  -76287
  -75775
  -75263
  -74751
  -74239
  -74239
  -74239
  -74239
  -74239
  -75263
  -75263
  -75263
  -76287
  -76287
  -77311
  -77823
  -78335
  -78847
  -79871
  -80895
  -81919
  -82943
  -83967
  -85503
  -86015
  -88063
  -88575
  -90111
  -91135
  -92159
  -93695
  -94719
  -95743
  -96767
  -97791
  -98303
  -99327
 -100351
 -101375
 -102399
 -103423
 -104447
 -104959
 -105471
 -106495
 -107007
 -108031
 -108543
 -109055
 -109567
 -110079
 -110079
 -111103
 -110591
 -111103
 -110079
 -110079
 -109055
 -108543
 -107519
 -106495
 -105471
 -104447
 -102399
 -101375
  -99839
  -98303
  -97279
  -95231
  -93695
  -92159
  -90623
  -89087
  -87551
  -86015
  -84479
  -83455
  -81919
  -80895
  -79359
  -78847
  -78335
  -77311
  -76799
  -76287
  -76287
  -76799
  -76799
  -77311
  -77823
  -78335
  -78847
  -79871
  -79871
  -80895
  -81919
  -82431
  -82943
  -83967
  -84991
  -86015
  -87039
  -88063
  -88575
  -89599
  -90111
  -90623
  -91647
  -91647
  -91647
  -92159
  -92671
  -92671
  -93183
  -93695
  -93695
  -93695
  -94207
  -94719
  -95231
  -95743
  -96767
  -97279
  -97791
  -98303
  -99327
 -100351
 -100863
 -101375
 -102399
 -102911
 -103935
 -104447
 -105471
 -106495
 -107007
 -107519
 -108031
 -108543
 -109055
 -109567
 -109567
 -110079
 -110079
 -109055
 -109567
 -109055
 -108543
 -108543
 -108031
 -107519
 -106495
 -105983
 -105471
 -104447
 -103423
 -102911
 -101887
 -101375
 -100863
  -99839
  -99327
  -98303
  -97279
  -96255
  -94719
  -93695
  -92159
  -90623
  -89087
  -88063
  -86015
  -83967
  -82943
  -80895
  -79359
  -78335
  -76799
  -75263
  -73727
  -72191
  -71679
  -70143
  -69631
  -69119
  -68607
  -68607
  -68095
  -68607
  -68607
  -69119
  -70143
  -70655
  -71167
  -72191
  -73215
  -74239
  -75263
  -77311
  -78335
  -79871
  -81407
  -82943
  -84991
  -86527
  -88575
  -90623
  -92671
  -94719
  -96767
  -98815
 -100863
 -103423
 -104959
 -107519
 -109055
 -111103
 -113151
 -115199
 -116223
 -117759
 -118783
 -119807
 -120831
 -121343
 -121855
 -121343
 -121343
 -120831
 -119807
 -119807
 -118271
 -117247
 -116223
 -114175
 -112639
 -111103
 -108543
 -107007
 -104959
 -103423
 -100863
  -98303
  -96767
  -94719
  -92671
  -90623
  -88575
  -87039
  -86015
  -83967
  -82431
  -80895
  -79871
  -78847
  -77823
  -77311
  -76799
  -76287
  -76287
  -75775
  -76287
  -76287
  -76287
  -77311
  -77823
  -78335
  -78847
  -79871
  -80895
  -81919
  -82943
  -83967
  -86015
  -87039
  -88575
  -90623
  -91647
  -93695
  -95231
  -96767
  -98303
  -99839
 -101375
 -102399
 -103935
 -105471
 -105983
 -107519
 -108543
 -109055
 -110079
 -110591
 -111103
 -112127
 -112639
 -112639
 -112639
 -113151
 -112639
 -112639
 -112127
 -111615
 -111103
 -110591
 -110079
 -109055
 -108031
 -107007
 -105983
 -104959
 -103935
 -102399
 -101375
 -100351
  -99327
  -98303
  -96767
  -96255
  -94719
  -94207
  -92671
  -92159
  -91135
  -90111
  -89087
  -88575
  -87551
  -87039
  -86527
  -86015
  -85503
  -85503
  -84991
  -84991
  -84479
  -84991
  -84991
  -84991
  -85503
  -85503
  -86015
  -86527
  -87039
  -88063
  -88575
  -89599
  -90623
  -91647
  -92671
  -93695
  -94207
  -95743
  -96767
  -97791
  -98303
  -99327
 -100351
 -101375
 -101375
 -102399
 -103423
 -103423
 -103935
 -104959
 -104959
 -105471
 -105983
 -105983
 -106495
 -106495
 -106495
 -106495
 -105983
 -105471
 -104959
 -104447
 -103935
 -102911
 -102399
 -101887
 -100863
 -100351
  -99327
  -98303
  -97279
  -96767
  -95743
  -94719
  -93695
  -93183
  -91647
  -91647
  -90623
  -90623
  -89599
  -89599
  -89599
  -89087
  -89599
  -89599
  -89599
  -90111
  -90623
  -91135
  -92159
  -93183
  -93695
  -95231
  -96767
  -98303
  -99839
 -101375
 -102911
 -104447
 -106495
 -107519
 -109055
 -110591
 -112127
 -113151
 -114687
 -115711
 -116735
 -117759
 -118271
 -118783
 -118783
 -119807
 -119295
 -119295
 -118783
 -118783
 -118271
 -117247
 -116223
 -115199
 -114175
 -113151
 -112127
 -110591
 -109055
 -108543
 -107007
 -105471
 -103423
 -101887
 -100351
  -98815
  -97791
  -95743
  -94719
  -93183
  -91647
  -89087
  -88063
  -87039
  -84991
  -83967
  -82431
  -81919
  -80383
  -79871
  -78335
  -77311
  -76799
  -75775
  -75263
  -74751
  -75263
  -75263
  -75775
  -76799
  -77311
  -78335
  -79359
  -80895
  -81919
  -83455
  -84991
  -86527
  -88575
  -89599
  -91647
  -93183
  -94719
  -96767
  -97791
  -99327
 -101375
 -102911
 -104447
 -105983
 -107007
 -108543
 -109055
 -110079
 -111615
 -112639
 -113151
 -114175
 -114687
 -115199
 -115199
 -115711
 -115199
 -115711
 -115199
 -115199
 -115199
 -115199
 -114175
 -114175
 -113151
 -112127
 -111615
 -110591
 -109567
 -109055
 -108031
 -107519
 -105983
 -104959
 -102911
 -101375
  -99839
  -97791
  -96255
  -93695
  -91647
  -90111
  -88575
  -87039
  -85503
  -83967
  -82943
  -82431
  -80895
  -80895
  -80383
  -79871
  -80383
  -79871
  -80383
  -80895
  -80895
  -81919
  -82431
  -83455
  -83967
  -84991
  -86015
  -86527
  -87551
  -88063
  -88575
  -89599
  -90111
  -90623
  -91647
  -92671
  -93183
  -93695
  -94719
  -95743
  -95743
  -96767
  -97279
  -97791
  -98303
  -99327
  -99327
 -100351
 -101375
 -101375
 -101887
 -102399
 -102399
 -103423
 -103423
 -103423
 -104447
 -104447
 -104447
 -104959
 -104447
 -104447
 -104959
 -104447
 -104447
 -104447
 -104447
 -104447
 -104447
 -104959
 -104959
 -104959
 -105471
 -105471
 -105471
 -105471
 -105983
 -106495
 -105983
 -106495
 -105471
 -105983
 -105471
 -104959
 -104447
 -104447
 -103423
 -102911
 -102399
 -101375
 -100351
  -99327
  -98815
  -98303
  -97279
  -96255
  -95743
  -94719
  -94719
  -93695
  -93695
  -92671
  -92159
  -91647
  -91647
  -90623
  -90623
  -90623
  -90623
  -90111
  -90111
  -90111
  -90111
  -90623
  -90623
  -90623
  -90623
  -90623
  -90623
  -90623
  -90623
  -90623
  -91135
  -91647
  -92159
  -92671
  -92671
  -93695
  -94207
  -94719
  -95231
  -95743
  -96255
  -96767
  -97279
  -97791
  -98303
  -98815
  -99839
 -100351
 -100863
 -101375
 -102399
 -102911
 -103935
 -104447
 -104959
 -105471
 -105983
 -106495
 -106495
 -107007
 -107007
 -107007
 -106495
 -106495
 -106495
 -105983
 -105471
 -104959
 -104447
 -104447
 -103423
 -102911
 -102399
 -101375
 -101375
 -100351
  -99327
  -98815
  -98303
  -97791
  -96767
  -96255
  -95231
  -94719
  -94207
  -93695
  -92671
  -92671
  -92159
  -92159
  -91647
  -91647
  -91135
  -90623
  -90623
  -90623
  -90623
  -90623
  -90623
  -90623
  -91135
  -91135
  -91647
  -91647
  -92671
  -93183
  -93183
  -94207
  -94207
  -95231
  -95743
  -95743
  -96767
  -97279
  -97279
  -97791
  -97791
  -97791
  -97791
  -97791
  -97279
  -96767
  -96767
  -96767
  -96255
  -95743
  -95743
  -95743
  -95231
  -94719
  -94719
  -94719
  -94719
  -94207
  -93695
  -93695
  -93695
  -93695
  -93695
  -93695
  -93695
  -94207
  -93695
  -94207
  -94719
  -95231
  -95743
  -95743
  -96767
  -96767
  -97279
  -97791
  -98303
  -98303
  -98815
  -99327
  -99327
  -99839
  -99839
 -100351
 -100351
 -100351
 -100863
 -100351
 -100351
 -100351
 -100351
 -100351
 -100351
 -100351
  -99327
  -99327
  -99327
  -98815
  -98815
  -98303
  -97791
  -98303
  -97791
  -97791
  -97791
  -97279
  -96767
  -96255
  -95743
  -94719
  -94719
  -93695
  -93183
  -92159
  -91647
  -91135
  -90623
  -90111
  -89599
  -89599
  -89599
  -89599
  -89599
  -90111
  -90623
  -90623
  -90623
  -91647
  -91647
  -92159
  -92671
  -92671
  -93695
  -93695
  -94207
  -94719
  -94719
  -95231
  -95743
  -95743
  -96255
  -96767
  -96767
  -97279
  -97791
  -97791
  -98303
  -98303
  -98815
  -99327
  -99327
  -99839
 -100351
 -100863
 -101375
 -101887
 -101887
 -102399
 -103423
 -103423
 -103935
 -104447
 -104447
 -104447
 -104959
 -104447
 -104447
 -104447
 -104447
 -103423
 -103423
 -102911
 -102399
 -101375
 -101375
 -100351
 -100351
  -99327
  -99327
  -98815
  -98815
  -98303
  -98303
  -97791
  -97791
  -97279
  -96767
  -97279
  -96767
  -96767
  -96767
  -96767
  -96767
  -96767
  -96767
  -96767
  -96767
  -96767
  -97279
  -97279
  -97791
  -97791
  -98303
  -98303
  -98815
  -98815
  -99327
  -98815
  -99327
  -99327
  -99327
  -99839
 -100351
  -99839
 -100351
 -100351
 -100351
 -100863
 -100351
 -100351
 -101375
 -101375
 -101887
 -101887
 -102399
 -102399
 -102911
 -103423
 -103423
 -103935
 -103935
 -104447
 -104959
 -104959
 -105471
 -105471
 -105471
 -105983
 -105471
 -105471
 -104959
 -104447
 -103935
 -103423
 -103423
 -102911
 -102911
 -102399
 -101887
 -101375
 -100863
 -100351
 -100351
  -99327
  -99327
  -98815
  -98815
  -98303
  -97791
  -97791
  -96767
  -96767
  -96255
  -95743
  -95743
  -95231
  -95231
  -94719
  -94719
  -94719
  -94719
  -94719
  -94719
  -94719
  -94719
  -95231
  -96255
  -96767
  -96767
  -96767
  -97279
  -97279
  -97279
  -97279
  -96767
  -97279
  -96767
  -97279
  -97279
  -97279
  -97279
  -97279
  -97279
  -97791
  -97791
  -97791
  -97791
  -98303
  -98303
  -98815
  -99327
  -99839
 -100863
 -101887
 -102911
 -103423
 -104447
 -105471
 -105983
 -106495
 -107519
 -107519
 -108031
 -108543
 -109055
 -109567
 -109567
 -110079
 -110591
 -110591
 -111103
 -110591
 -111103
 -111103
 -110591
 -110079
 -110079
 -109567
 -109055
 -108543
 -108031
 -108031
 -107007
 -106495
 -105983
 -105471
 -104447
 -103423
 -102911
 -101887
 -100863
  -99839
  -98815
  -98303
  -97279
  -96255
  -95743
  -94719
  -94207
  -93695
  -92671
  -92159
  -92159
  -92159
  -92159
  -92159
  -92671
  -93183
  -93695
  -94207
  -93695
  -94719
  -94719
  -95743
  -96255
  -97279
  -97791
  -98815
  -99839
 -100863
 -102399
 -103423
 -104447
 -105471
 -106495
 -107519
 -108543
 -109567
 -110079
 -111103
 -111615
 -112127
 -113151
 -113151
 -114175
 -114687
 -114687
 -115199
 -115199
 -115199
 -115199
 -114687
 -114687
 -114175
 -113151
 -112639
 -111615
 -111103
 -110079
 -109055
 -108543
 -107519
 -106495
 -105983
 -104447
 -104447
 -103423
 -102399
 -101887
 -100863
  -99839
  -99327
  -98815
  -97791
  -96767
  -96767
  -95743
  -95231
  -94719
  -94207
  -93183
  -93183
  -92159
  -91647
  -91647
  -90623
  -90623
  -90111
  -89599
  -90111
  -89599
  -89599
  -89599
  -89599
  -89599
  -90111
  -90111
  -90623
  -90623
  -91135
  -91647
  -92159
  -93183
  -93695
  -94719
  -95743
  -97279
  -98303
  -99327
 -100863
 -102399
 -103423
 -104959
 -105983
 -107519
 -109055
 -110079
 -111103
 -112127
 -113151
 -114175
 -114687
 -115199
 -116223
 -116735
 -117247
 -117247
 -117247
 -117247
 -117247
 -117247
 -116735
 -116735
 -116223
 -115199
 -114175
 -113663
 -112127
 -111615
 -110079
 -109055
 -108543
 -107007
 -105983
 -104447
 -103423
 -101887
 -100351
  -99327
  -97791
  -96767
  -95743
  -94207
  -93183
  -92671
  -91647
  -91647
  -90623
  -90623
  -90111
  -90111
  -89599
  -90111
  -89599
  -90623
  -90623
  -91135
  -91647
  -92159
  -93183
  -94207
  -94719
  -95743
  -97279
  -98303
  -99327
 -100351
 -101887
 -102911
 -103935
 -104959
 -106495
 -107007
 -108031
 -109055
 -109055
 -110079
 -111103
 -111615
 -112127
 -112639
 -112639
 -113151
 -112639
 -113151
 -112639
 -112127
 -112127
 -111615
 -111615
 -111103
 -110591
 -110079
 -109567
 -109055
 -108543
 -108543
 -107519
 -107007
 -106495
 -105471
 -105471
 -104959
 -103935
 -103423
 -103423
 -102399
 -101887
 -101375
 -100351
 -100351
  -99327
  -98815
  -98303
  -98303
  -97791
  -97791
  -97279
  -96767
