  -84527
  -83938
  -83250
  -82497
  -81720
  -80931
  -80135
  -79352
  -78585
  -77869
  -77259
  -76622
  -75909
  -75179
  -74425
  -73656
  -72897
  -72152
  -71458
  -70839
  -70305
  -69641
  -68772
  -67801
  -66919
  -66257
  -65707
  -64976
  -63928
  -63356
  -63739
  -64644
  -65679
  -66480
  -66925
  -67273
  -67784
  -68516
  -69374
  -70478
  -71944
  -73427
  -74385
  -74849
  -75024
  -74845
  -74327
  -73685
  -73182
  -73012
  -73172
  -73704
  -74384
  -74798
  -74711
  -74207
  -73422
  -72968
  -74070
  -76751
  -79389
  -80919
  -81331
  -81206
  -81441
  -82601
  -84312
  -85928
  -87435
  -88958
  -90200
  -91287
  -92750
  -94426
  -95607
  -95871
  -95352
  -94409
  -93187
  -91816
  -90154
  -88076
  -85705
  -83465
  -81710
  -80395
  -79546
  -78950
  -78415
  -77921
  -77213
  -76233
  -74983
  -73357
  -71222
  -68699
  -65911
  -63103
  -60446
  -58088
  -56230
  -55082
  -54568
  -54539
  -54861
  -55365
  -55902
  -56343
  -56717
  -57001
  -57228
  -57594
  -58270
  -59330
  -60640
  -62041
  -63463
  -64910
  -66426
  -67873
  -69222
  -70544
  -71780
  -72929
  -73992
  -74966
  -75956
  -77117
  -78651
  -80651
  -83438
  -87359
  -92086
  -96525
 -100006
 -102616
 -104474
 -105940
 -107366
 -108662
 -109764
 -110682
 -111405
 -111943
 -112324
 -112570
 -112795
 -113118
 -113450
 -113398
 -112885
 -111984
 -110794
 -109402
 -107759
 -105967
 -104143
 -102206
 -100065
  -97679
  -95244
  -92789
  -90018
  -87049
  -84282
  -81704
  -79203
  -76837
  -74676
  -72726
  -70862
  -68819
  -66455
  -63892
  -61321
  -58800
  -56508
  -54494
  -52503
  -50092
  -47146
  -43793
  -40046
  -35740
  -31100
  -27004
  -23830
  -21560
  -19879
  -18261
  -16707
  -15384
  -14540
  -14344
  -14934
  -16323
  -18180
  -20125
  -22087
  -24303
  -26914
  -29498
  -31949
  -34474
  -37283
  -40518
  -43981
  -47539
  -51039
  -54254
  -57026
  -59455
  -61808
  -64293
  -67115
  -70327
  -73862
  -77585
  -81263
  -84881
  -88384
  -91678
  -94715
  -97529
 -100097
 -102400
 -104411
 -106143
 -107670
 -109177
 -110641
 -111981
 -113049
 -113667
 -113938
 -113926
 -113593
 -113009
 -112197
 -111298
 -110376
 -109377
 -108085
 -106417
 -104611
 -102997
 -101788
 -100885
 -100114
  -99325
  -98328
  -97146
  -95824
  -94390
  -92942
  -91402
  -89812
  -88190
  -86446
  -84608
  -82702
  -80779
  -78875
  -77001
  -75162
  -73417
  -71826
  -70247
  -68684
  -67173
  -65676
  -64159
  -62655
  -61243
  -59900
  -58661
  -57511
  -56350
  -55285
  -54317
  -53395
  -52544
  -51818
  -51195
  -50620
  -50148
  -49767
  -49284
  -48691
  -48110
  -47629
  -47342
  -47275
  -47375
  -47649
  -48129
  -48751
  -49402
  -50099
  -50884
  -51734
  -52643
  -53566
  -54491
  -55520
  -56695
  -57829
  -58918
  -60023
  -61136
  -62275
  -63404
  -64487
  -65544
  -66660
  -67895
  -69093
  -70256
  -71414
  -72532
  -73607
  -74645
  -75659
  -76705
  -77796
  -78870
  -79756
  -80584
  -81382
  -82181
  -83040
  -83873
  -84589
  -85202
  -85824
  -86391
  -86823
  -87226
  -87598
  -87843
  -87964
  -87963
  -87860
  -87764
  -87733
  -87643
  -87331
  -86897
  -86364
  -85756
  -85101
  -84365
  -83539
  -82701
  -81943
  -81152
  -80232
  -79237
  -78216
  -77193
  -76208
  -75347
  -74836
  -74801
  -75087
  -75406
  -75847
  -76517
  -77327
  -78047
  -78378
  -78231
  -77768
  -77184
  -76366
  -74951
  -72966
  -70567
  -67858
  -64798
  -61468
  -58326
  -56023
  -54866
  -54383
  -54042
  -53761
  -53470
  -52806
  -51675
  -50801
  -50441
  -50606
  -51569
  -53383
  -55775
  -58100
  -59877
  -61097
  -61601
  -60919
  -59306
  -57298
  -55362
  -53838
  -53086
  -53428
  -54606
  -55966
  -57205
  -58307
  -59379
  -60515
  -61844
  -63024
  -63755
  -64196
  -64502
  -64763
  -65197
  -65994
  -67239
  -68623
  -69742
  -70411
  -70720
  -70965
  -71452
  -72161
  -72741
  -72998
  -73142
  -73392
  -73724
  -73922
  -74182
  -74740
  -75441
  -76020
  -76561
  -77033
  -77422
  -77840
  -78167
  -78306
  -78275
  -78042
  -77723
  -77368
  -76936
  -76476
  -76068
  -75804
  -75506
  -75074
  -74567
  -74022
  -73449
  -72822
  -72142
  -71340
  -70444
  -69495
  -68423
  -67273
  -66068
  -64810
  -63516
  -62229
  -60954
  -59761
  -58732
  -57584
  -56262
  -54906
  -53528
  -52132
  -50736
  -49411
  -48217
  -47224
  -46324
  -45488
  -44818
  -44339
  -44111
  -44102
  -44304
  -44740
  -45371
  -46147
  -46785
  -47229
  -47698
  -48245
  -48998
  -50161
  -51722
  -53760
  -56268
  -58965
  -61891
  -65395
  -69847
  -75019
  -79950
  -83709
  -85981
  -87764
  -89592
  -90506
  -89772
  -88287
  -87362
  -87720
  -89987
  -94302
 -100359
 -107610
 -114653
 -120153
 -123242
 -123986
 -123310
 -122230
 -121682
 -121762
 -122472
 -123823
 -125554
 -127437
 -128902
 -129366
 -128455
 -126197
 -123102
 -119702
 -116125
 -112049
 -107202
 -101335
  -94059
  -85486
  -76808
  -69429
  -64079
  -60579
  -57804
  -54245
  -48815
  -41323
  -32808
  -24876
  -18884
  -15500
  -13620
  -11449
   -8542
   -5234
   -2199
     429
    3018
    6039
    9691
   13706
   17561
   20716
   22586
   23175
   22895
   21847
   20222
   18295
   16165
   13741
   10851
    7500
    3783
    -226
   -4470
   -8958
  -13928
  -19778
  -26787
  -34697
  -42467
  -49587
  -56591
  -63820
  -71012
  -77682
  -83610
  -88774
  -93342
  -97562
 -101483
 -105132
 -108625
 -111962
 -115122
