  -22842
  -36665
  -50549
  -64441
  -78265
  -92009
 -105618
 -118915
 -131856
 -144448
 -156740
 -168702
 -180211
 -191199
 -201623
 -211491
 -220790
 -229458
 -237424
 -244611
 -251046
 -256699
 -261546
 -265554
 -268723
 -271111
 -272671
 -273376
 -273247
 -272364
 -270737
 -268246
 -264856
 -260662
 -255706
 -249956
 -243421
 -236123
 -228118
 -219397
 -209995
 -199969
 -189411
 -178334
 -166730
 -154641
 -142200
 -129501
 -116550
 -103389
  -90106
  -76704
  -63222
  -49697
  -36240
  -22919
   -9738
    3286
   16056
   28494
   40583
   52279
   63506
   74262
   87103
  104794
  122472
  138527
  153028
  165906
  177102
  182186
  155544
  144968
  149473
  152245
  152965
  151882
  149207
  145061
  139226
  131732
  122771
  112540
  101267
   88621
   74556
   59538
   43869
   26809
    8886
   -9410
  -27957
  -46318
  -64440
  -82227
  -99289
 -115702
 -131506
 -146571
 -149895
  -68115
  -27932
  -34494
  -41488
  -48489
  -55421
  -62285
  -69120
  -75855
  -82462
  -88919
  -95280
 -101508
 -107533
 -113296
 -118829
 -124168
 -129266
 -134091
 -138567
 -142722
 -146540
 -149984
 -153044
 -155728
 -158031
 -159896
 -161329
 -162330
 -162966
 -163231
 -163071
 -162435
 -161384
 -160005
 -158226
 -156055
 -153474
 -150547
 -147267
 -143598
 -139538
 -135183
 -130553
 -125652
 -120462
 -114999
 -109346
 -103509
  -97504
  -91328
  -85034
  -78614
  -72080
  -65440
  -58745
  -52052
  -45381
  -38768
  -32253
  -25895
  -19686
  -13672
   -7877
   -2378
    2875
    7877
   12622
   17057
   21156
   24954
   28499
   31767
   34658
   37207
   39422
   41325
   42861
   44008
   44780
   45185
   45208
   44800
   44012
   42818
   41241
   39269
   36907
   34168
   31154
   27925
   24419
   20623
   16544
   12239
    7667
    2872
   -2154
   -7351
  -12723
  -18293
  -23995
  -29748
  -35534
  -41417
  -47330
  -53228
  -59098
  -64938
  -70689
  -76333
  -81853
  -87259
  -92525
  -97623
 -102515
 -107210
 -111728
 -115996
 -119956
 -123591
 -126910
 -129866
 -132417
 -134536
 -136262
 -137629
 -138606
 -139210
 -139392
 -139175
 -138576
 -137578
 -136186
 -134425
 -132393
 -130047
 -127412
 -124471
 -121247
 -117789
 -114070
 -110115
 -105923
 -101562
  -97087
  -92477
  -87729
  -82856
  -77931
  -72982
  -68010
  -63002
  -57974
  -53002
  -48073
  -43173
  -38308
  -33510
  -28851
  -24320
  -19924
  -15652
  -11570
   -7742
   -4132
    -719
    2504
    5465
    8142
   10580
   12830
   14823
   16485
   17865
   18958
   19802
   20313
   20474
   20331
   19946
   19400
   18646
   17650
   16316
   14587
   12513
   10165
    7560
    4726
    1686
   -1598
   -5125
   -8837
  -12626
  -16475
  -20506
  -24667
  -28871
  -33082
  -37355
  -41673
  -45940
  -50168
  -54349
  -58497
  -62524
  -66450
  -70180
  -73609
  -76835
  -79770
  -82500
  -85212
  -87963
  -90604
  -92805
  -94575
  -95647
  -95911
  -95444
  -94284
  -92469
  -89975
  -85654
  -78970
  -71138
  -62562
  -53352
  -43667
  -33584
  -23342
  -13103
   -2976
    6940
   16505
   25562
   34109
   42086
   49453
   56054
   61809
   66721
   70810
   74076
   76350
   77681
   78075
   77575
   76157
   73703
   70277
   65918
   60697
   54606
   47612
   39842
   31388
   22381
   12766
    2639
   -7848
  -18559
  -29506
  -40663
  -51869
  -62994
  -73960
  -84807
  -95387
 -105597
 -115282
 -124482
 -133230
 -141353
 -148686
 -155142
 -160774
 -165486
 -169305
 -172171
 -174073
 -175111
 -175287
 -174535
 -172869
 -170356
 -166982
 -162730
 -157595
 -151700
 -145134
 -137892
 -129959
 -121356
 -112300
 -102909
  -93199
  -83200
  -72985
  -62776
  -52644
  -42637
  -32731
  -23013
  -13736
   -4936
    3372
   11177
   18385
   24877
   30591
   35535
   39700
   43048
   45461
   46969
   47616
   47430
   46401
   44443
   41636
   38043
   33773
   28795
   23081
   16757
    9912
    2602
   -5221
  -13441
  -21926
  -30557
  -39342
  -48306
  -57337
  -66323
  -75146
  -83834
  -92385
 -100676
 -108556
 -115935
 -122900
 -129370
 -135256
 -140422
 -144848
 -148659
 -151764
 -154139
 -155763
 -156746
 -157070
 -156663
 -155446
 -153458
 -150824
 -147520
 -143530
 -138803
 -133408
 -127532
 -121149
 -114298
 -106985
  -99383
  -91600
  -83665
  -75525
  -67242
  -58991
  -50743
  -42522
  -34335
  -26385
  -18745
  -11073
   -3420
    3867
   10443
   12861
  -15116
  -30085
  -27959
  -25889
  -23924
  -22064
  -20347
  -18772
  -17338
  -15967
  -14765
  -13776
  -12930
  -12178
  -11548
  -11014
  -10568
  -10214
   -9999
   -9940
  -10002
  -10153
  -10397
  -10815
  -11406
  -12163
  -13054
  -14093
  -15328
  -16738
  -18290
  -19948
  -21730
  -23707
  -25825
  -28042
  -30357
  -32797
  -35381
  -38045
  -40745
  -43452
  -46212
  -49025
  -51842
  -54615
  -57322
  -60022
  -62715
  -65351
  -67893
  -70357
  -72805
  -75204
  -77552
  -79791
  -81938
  -84041
  -86031
  -87893
  -89570
  -91111
  -92564
  -93873
  -95014
  -95976
  -96821
  -97497
  -97990
  -98282
  -98390
  -98359
  -98157
  -97782
  -97213
  -96523
  -95702
  -94732
  -93590
  -92310
  -90940
  -89445
  -87818
  -86023
  -84153
  -82233
  -80231
  -78131
  -75936
  -73711
  -71439
  -69121
  -66748
  -64365
  -62017
  -59665
  -57305
  -54940
  -52644
  -50399
  -48200
  -46025
  -43917
  -41915
  -39994
  -38135
  -36341
  -34673
  -33127
  -31665
  -30259
  -28967
  -27841
  -26862
  -25996
  -25234
  -24645
  -24209
  -23922
  -23720
  -23628
  -23716
  -23981
  -24424
  -24983
  -25662
  -26492
  -27459
  -28553
  -29719
  -30870
  -31866
  -32872
  -33960
  -35199
  -36708
  -38544
  -40441
  -42333
  -44223
  -46088
  -47852
  -49508
  -51094
  -52427
  -53312
  -53826
  -53996
  -53692
  -52823
  -51426
  -49499
  -47033
  -44045
  -40637
  -36891
  -32851
  -28553
  -24100
  -19478
  -14712
   -9840
   -4979
    -126
    4688
    9432
   14043
   18446
   22633
   26584
   30318
   33767
   36871
   39633
   42068
   44120
   45783
   47050
   47908
   48328
   48333
   47905
   47040
   45712
   43981
   41877
   39432
   36590
   33383
   29847
   26036
   21941
   17511
   12823
    7911
    2811
   -2505
   -8027
  -13732
  -19568
  -25529
  -31657
  -37902
  -44207
  -50494
  -56784
  -63090
  -69361
  -75543
  -81609
  -87616
  -93516
  -99271
 -104841
 -110245
 -115479
 -120497
 -125230
 -129668
 -133823
 -137658
 -141160
 -144350
 -147266
 -149844
 -152058
 -153883
 -155369
 -156521
 -157293
 -157642
 -157559
 -157119
 -156340
 -155195
 -153634
 -151681
 -149410
 -146806
 -143863
 -140553
 -136935
 -133077
 -128947
 -124538
 -119857
 -114982
 -109959
 -104732
  -99272
  -93620
  -87871
  -82044
  -76120
  -70075
  -63971
  -57870
  -51793
  -45742
  -39746
  -33902
  -28210
  -22644
  -17192
  -11936
   -6938
   -2199
    2299
    6559
   10483
   14058
   17311
   20257
   22903
   25159
   27055
   28598
   29813
   30612
   31007
   31029
   30704
   29988
   28831
   27304
   25444
   23267
   20739
   17853
   14654
   11191
    7480
    3467
    -836
   -5361
  -10058
  -14906
  -19929
  -25085
  -30312
  -35505
  -40672
  -45863
  -50999
  -56051
  -61024
  -65923
  -70725
  -75406
  -79966
  -84423
  -88751
  -92919
  -96888
 -100710
 -104360
 -107808
 -111010
 -114001
 -116815
 -119403
 -121740
 -123808
 -125648
 -127230
 -128513
 -129461
 -130069
 -130429
 -130505
 -130264
 -129680
 -128813
 -127744
 -126403
 -124780
 -122876
 -120723
 -118391
 -115855
 -113116
 -110145
 -107015
 -103771
 -100359
  -96760
  -93001
  -89165
  -85279
  -81313
  -77254
  -73114
  -68969
  -64825
  -60654
  -56427
  -52192
  -48059
  -44016
  -40067
  -36200
  -32507
  -29015
  -25674
  -22463
  -19412
  -16574
  -13935
  -11465
   -9153
   -7072
   -5256
   -3682
   -2298
   -1115
    -211
     434
     846
    1047
    1017
     696
     137
    -635
   -1603
   -2816
   -4279
   -5907
   -7685
   -9655
  -11856
  -14231
  -16738
  -19343
  -22085
  -24925
  -27843
  -30793
  -33820
  -36943
  -40113
  -43293
  -46502
  -49765
  -53057
  -56328
  -59548
  -62786
  -66012
  -69181
  -72232
  -75193
  -78121
  -80956
  -83637
  -86134
  -88457
  -90608
  -92563
  -94297
  -95823
  -97185
  -98358
  -99328
 -100066
 -100637
 -101020
 -101194
 -101126
 -100831
 -100379
  -99793
  -99061
  -98140
  -97025
  -95785
  -94462
  -93014
  -91439
  -89706
  -87864
  -85944
  -83919
  -81765
  -79507
  -77192
  -74819
  -72411
  -69975
  -67577
  -65181
  -62780
  -60320
  -57848
  -55384
  -52876
  -50283
  -47592
  -44849
  -42068
  -39221
  -36280
  -33230
  -30151
  -27149
  -24197
  -21233
  -18344
  -15628
  -13053
  -10639
   -8352
   -6206
   -4268
   -2591
   -1163
      55
    1129
    2007
    2596
    2916
    2954
    2768
    2372
    1705
     839
    -232
   -1486
   -2951
   -4753
   -6828
   -9118
  -11566
  -14190
  -17047
  -20060
  -23189
  -26390
  -29699
  -33180
  -36767
  -40408
  -44129
  -49205
  -56324
  -63732
  -71004
  -78003
  -84706
  -91165
  -97298
 -103055
 -108328
 -113168
 -117573
 -121423
 -124669
 -127261
 -129310
 -130792
 -131665
 -131876
 -131431
 -130451
 -128892
 -126695
 -123837
 -120440
 -116597
 -112294
 -107517
 -102276
  -96742
  -90990
  -85041
  -78869
  -72541
  -66238
  -59962
  -53704
  -47440
  -41351
  -35564
  -30026
  -24724
  -19639
  -14973
  -10773
   -7022
   -3681
    -822
    1420
    3135
    4403
    5259
    5615
    5502
    4842
    3587
    1732
    -640
   -3491
   -6880
  -10685
  -14844
  -19293
  -24071
  -29197
  -34552
  -40006
  -45440
  -50917
  -56487
  -62051
  -67474
  -72654
  -77633
  -82352
  -86723
  -90692
  -94284
  -97654
 -100736
 -103447
 -105696
 -107576
 -109178
 -110419
 -111222
 -111549
 -111513
 -111148
 -110366
 -109093
 -107349
 -105276
 -102826
 -100002
  -96762
  -93216
  -89501
  -85586
  -81466
  -77131
  -72688
  -67983
  -59062
  -50441
  -45797
  -41527
  -37492
  -33667
  -29998
  -26537
  -23392
  -20520
  -17866
  -15393
  -13194
  -11389
   -9916
   -8728
   -7827
   -7385
   -7411
   -7817
   -8537
   -9591
  -11110
  -13047
  -15311
  -17795
  -20614
  -23757
  -27152
  -30715
  -34526
  -38556
  -42745
  -47068
  -51571
  -56185
  -60832
  -65439
  -70069
  -74632
  -79036
  -83184
  -87137
  -90935
  -94474
  -97645
 -100408
 -102900
 -105120
 -107011
 -108467
 -109524
 -110234
 -110566
 -110463
 -109956
 -109114
 -107761
 -105108
 -102581
 -100296
  -97723
  -94800
  -91541
  -88115
  -84522
  -80757
  -76788
  -72728
  -68643
  -64480
  -60199
  -55831
  -51560
  -47427
  -43377
  -39411
  -35558
  -31922
  -28627
  -25608
  -22815
  -20236
  -17993
  -16199
  -14763
  -13667
  -12853
  -12385
  -12384
  -12764
  -13457
  -14407
  -15684
  -17387
  -19441
  -21765
  -24263
  -27006
  -30071
  -33358
  -36778
  -40269
  -43963
  -47783
  -51640
  -55417
  -59167
  -62970
  -66698
  -67770
  -66946
  -70046
  -73534
  -76910
  -80061
  -83009
  -85831
  -88451
  -90792
  -92783
  -94557
  -96123
  -97411
  -98308
  -98811
  -99087
  -99092
  -98767
  -98050
  -97006
  -95752
  -94238
  -92450
  -90334
  -87976
  -85374
  -82595
  -79736
  -76917
  -74100
  -71219
  -68227
  -65156
  -62135
  -59119
  -56109
  -53070
  -50121
  -47363
  -44751
  -42261
  -39872
  -37669
  -35725
  -33998
  -32425
  -31000
  -29883
  -29119
  -28623
  -28340
  -28258
  -28511
  -29110
  -30017
  -31116
  -32385
  -33958
  -35767
  -37725
  -39737
  -41905
  -44287
  -46814
  -49386
  -51973
  -54681
  -57459
  -60257
  -62939
  -65537
  -68146
  -70679
  -73095
  -75299
  -77419
  -79485
  -81392
  -83048
  -84425
  -85637
  -86686
  -87530
  -88081
  -88301
  -88350
  -88174
  -87731
  -86941
  -85907
  -84740
  -83397
  -81810
  -79966
  -78007
  -76006
  -73907
  -71629
  -69211
  -66791
  -64364
  -61900
  -59335
  -56771
  -54285
  -51854
  -49457
  -47115
  -45000
  -43087
  -41295
  -39559
  -38010
  -36742
  -35710
  -34868
  -34203
  -33849
  -33748
  -33825
  -34008
  -34434
  -35135
  -36037
  -37047
  -38144
  -39469
  -41016
  -42696
  -44402
  -46190
  -48204
  -50341
  -52507
  -54638
  -56863
  -59149
  -61434
  -63592
  -65638
  -67727
  -69801
  -71789
  -73608
  -75334
  -76995
  -78515
  -79826
  -80925
  -81932
  -82796
  -83434
  -83778
  -83971
  -84058
  -83961
  -83629
  -83104
  -82519
  -81820
  -80971
  -79886
  -78625
  -77314
  -75897
  -74355
  -72658
  -70932
  -69212
  -67447
  -65595
  -63698
  -61897
  -60157
  -58437
  -56676
  -54969
  -53426
  -52000
  -50650
  -49396
  -48342
  -47461
  -46698
  -45978
  -45415
  -45030
  -44827
  -44667
  -44550
  -44667
  -44970
  -45402
  -45859
  -46379
  -47024
  -47712
  -48453
  -49279
  -50246
  -51320
  -52449
  -53705
  -55082
  -56546
  -58032
  -59623
  -61333
  -63053
  -64668
  -66169
  -67668
  -69133
  -70487
  -71619
  -72493
  -73261
  -73917
  -74405
  -74667
  -74736
  -74739
  -74611
  -74316
  -73757
  -73023
  -72297
  -71512
  -70611
  -69580
  -68570
  -67575
  -66551
  -65459
  -64392
  -63303
  -62168
  -60976
  -59857
  -58729
  -57587
  -56453
  -55469
  -54565
  -53656
  -52709
  -51832
  -51136
  -50516
  -49894
  -49259
  -48710
  -48354
  -48105
  -47873
  -47595
  -47403
  -47363
  -47428
  -47518
  -47681
  -47968
  -48313
  -48704
  -49251
  -49943
  -50767
  -51690
  -52798
  -54023
  -55291
  -56507
  -57662
  -58870
  -60166
  -61471
  -62683
  -63802
  -64942
  -66093
  -67187
  -68121
  -68917
  -69716
  -70471
  -71116
  -71568
  -71912
  -72203
  -72378
  -72395
  -72269
  -72030
  -71662
  -71091
  -70364
  -69565
  -68643
  -67553
