  237270
  246591
  253728
  258668
  261316
  260893
  255764
  248847
  240272
  229658
  216981
  202642
  187047
  170397
  152793
  134205
  114656
   94358
   73570
   52282
   30630
    8813
  -13004
  -34663
  -56035
  -76989
  -97342
 -116932
 -135583
 -153492
 -170634
 -186604
 -201238
 -214419
 -226021
 -235987
 -244303
 -250947
 -255828
 -258864
 -260050
 -259409
 -256954
 -252675
 -246594
 -238778
 -229304
 -218269
 -205727
 -191783
 -176649
 -160433
 -143247
 -125153
 -106274
  -86850
  -67093
  -47196
  -27304
   -7549
   11877
   30697
   48675
   65622
   81470
   96146
  109541
  121570
  132183
  141420
  149384
  156089
  161526
  165619
  168330
  169665
  169581
  168059
  165083
  160735
  155071
  148121
  139936
  130599
  120217
  108863
   96589
   83454
   69587
   55057
   39975
   24507
    8741
   -7246
  -23340
  -39369
  -55210
  -70725
  -85812
 -100278
 -114012
 -126974
 -139078
 -150202
 -160255
 -169200
 -177012
 -183678
 -189112
 -193256
 -196183
 -197855
 -198145
 -197020
 -194492
 -190622
 -185506
 -179209
 -171787
 -163261
 -153647
 -143034
 -131578
 -119359
 -106419
  -92880
  -78912
  -64666
  -50169
  -35474
  -20756
   -6178
    8137
   22127
   35674
   48642
   60933
   72483
   83262
   93142
  101966
  109743
  116484
  122144
  126647
  129937
  131999
  132898
  132642
  131185
  128520
  124684
  119740
  113681
  106445
   98120
   88834
   78732
   67889
   56449
   44608
   32502
   20195
    7697
   -4938
  -17607
  -30174
  -42557
  -54710
  -66555
  -78018
  -88956
  -99291
 -108985
 -118094
 -126548
 -134195
 -140900
 -146567
 -151197
 -154812
 -157416
 -158973
 -159459
 -158918
 -157427
 -155090
 -151887
 -147831
 -142980
 -137389
 -131061
 -123926
 -116006
 -107419
  -98334
  -88808
  -78934
  -68795
  -58442
  -47860
  -36985
  -25844
  -14607
   -3441
    7562
   18352
   28824
   38836
   48275
   57067
   65203
   72586
   79109
   84722
   89380
   93086
   95839
   97614
   98353
   98069
   96771
   94521
   91365
   87321
   82389
   76612
   70057
   62795
   54875
   46405
   37461
   28158
   18550
    8667
   -1451
  -11726
  -22033
  -32268
  -42402
  -52372
  -62076
  -71394
  -80282
  -88680
  -96527
 -103744
 -110240
 -115984
 -120957
 -125157
 -128572
 -131151
 -132810
 -133523
 -133374
 -132455
 -130824
 -128449
 -125212
 -121071
 -116132
 -110497
 -104253
  -97386
  -89952
  -82073
  -73877
  -65426
  -56728
  -47784
  -38749
  -29746
  -20840
  -12087
   -3524
    4824
   12865
   20497
   27642
   34286
   40435
   46060
   51092
   55465
   59147
   62178
   64525
   66117
   66897
   66854
   66001
   64311
   61789
   58466
   54413
   49710
   44470
   38727
   32508
   25893
   18972
   11813
    4432
   -3138
  -10866
  -18621
  -26366
  -34078
  -41743
  -49370
  -56864
  -64161
  -71161
  -77776
  -83964
  -89700
  -94973
  -99759
 -103948
 -107489
 -110381
 -112659
 -114289
 -115235
 -115443
 -114906
 -113663
 -111748
 -109160
 -105882
 -101940
  -97407
  -92374
  -86840
  -80815
  -74394
  -67672
  -60715
  -53541
  -46175
  -38679
  -31107
  -23488
  -15845
   -8297
    -919
    6216
   13096
   19673
   25906
   31727
   37074
   41912
   46206
   49961
   53164
   55765
   57728
   58994
   59543
   59377
   58567
   57154
   55121
   52554
   49438
   45738
   41435
   36554
   31204
   25425
   19262
   12774
    6005
    -936
   -7991
  -15145
  -22326
  -29439
  -36420
  -43238
  -49905
  -56407
  -62712
  -68723
  -74321
  -79479
  -84228
  -88573
  -92503
  -95938
  -98840
 -101207
 -103054
 -104366
 -105103
 -105213
 -104727
 -103721
 -102186
 -100137
  -97547
  -94439
  -90854
  -86840
  -82372
  -77453
  -72159
  -66543
  -60634
  -54434
  -48021
  -41469
  -34872
  -28264
  -21679
  -15129
   -8656
   -2351
    3694
    9437
   14812
   19807
   24430
   28596
   32255
   35384
   38035
   40200
   41807
   42828
   43269
   43174
   42570
   41428
   39754
   37583
   34970
   31975
   28571
   24726
   20498
   15965
   11192
    6182
     967
   -4420
   -9962
  -15566
  -21220
  -26892
  -32545
  -38088
  -43429
  -48539
  -53423
  -58088
  -62561
  -66788
  -70666
  -74157
  -77268
  -80033
  -82431
  -84396
  -85887
  -86950
  -87665
  -88027
  -87995
  -87553
  -86691
  -85416
  -83749
  -81675
  -79149
  -76197
  -72912
  -69335
  -65488
  -61304
  -56808
  -52101
  -47228
  -42242
  -37137
  -31969
  -26826
  -21756
  -16750
  -11827
   -7073
   -2542
    1903
    6209
   10247
   13740
   16682
   19170
   21330
   23145
   24427
   25233
   25597
   25478
   24908
   23892
   22452
   20594
   18351
   15741
   12803
    9602
    6189
    2594
   -1205
   -5210
   -9379
  -13614
  -17877
  -22169
  -26467
  -30722
  -34858
  -38890
  -42811
  -46593
  -50197
  -53636
  -56892
  -59944
  -62713
  -65183
  -67362
  -69229
  -70785
  -72013
  -72877
  -73360
  -73433
  -73059
  -72327
  -71286
  -69968
  -68331
  -66369
  -64127
  -61675
  -58999
  -56094
  -52995
  -49754
  -46394
  -42917
  -39392
  -35862
  -32341
  -28788
  -25236
  -21749
  -18328
  -14953
  -11627
   -8416
   -5367
   -2478
     271
    2833
    5158
    7174
    8895
   10316
   11401
   12127
   12523
   12667
   12480
   11901
   10894
    9527
    7840
    5830
    3438
     656
   -2424
   -5775
   -9387
  -13214
  -17192
  -21234
  -25309
  -29374
  -33415
  -37386
  -41215
  -44914
  -48480
  -51882
  -55031
  -57921
  -60601
  -63073
  -65367
  -67409
  -69173
  -70688
  -71927
  -72860
  -73422
  -73633
  -73519
  -73068
  -72227
  -70974
  -69350
  -67376
  -65123
  -62613
  -59856
  -56795
  -53434
  -49853
  -46066
  -42283
  -38551
  -34755
  -30906
  -27064
  -23095
  -18589
  -13970
  -10098
   -6876
   -3959
   -1233
    1295
    3582
    5627
    7448
    8992
   10255
   11195
   11873
   12300
   12406
   12200
   11670
   10872
    9794
    8378
    6578
    4379
    1795
   -1106
   -4292
   -7732
  -11390
  -15235
  -19192
  -23223
  -27330
  -31497
  -35704
  -39837
  -43861
  -47772
  -51558
  -55154
  -58473
  -61578
  -64468
  -67156
  -69594
  -71669
  -73397
  -74805
  -75879
  -76550
  -76831
  -76744
  -76322
  -75584
  -74542
  -73174
  -71488
  -69513
  -67327
  -64958
  -62392
  -59607
  -56610
  -53464
  -50212
  -46853
  -43360
  -39765
  -36149
  -32558
  -29026
  -25538
  -22141
  -18887
  -15809
  -12881
  -10076
   -7423
   -4985
   -2801
    -849
     873
    2317
    3467
    4299
    4855
    5176
    5252
    5067
    4575
    3783
    2694
    1380
    -170
   -2007
   -4136
   -6530
   -9140
  -11897
  -14804
  -17850
  -20978
  -24114
  -27193
  -30236
  -33244
  -36205
  -39044
  -41756
  -44364
  -46874
  -49249
  -51403
  -53314
  -55011
  -56525
  -57833
  -58943
  -59783
  -60341
  -60651
  -60742
  -60601
  -60155
  -59408
  -58418
  -57214
  -55789
  -54119
  -52226
  -50156
  -47964
  -45679
  -43271
  -40728
  -38091
  -35421
  -32785
  -30203
  -27627
  -25071
  -22575
  -20196
  -17923
  -15752
  -13742
  -11893
  -10237
   -8765
   -7456
   -6345
   -5524
   -4992
   -4753
   -4732
   -4899
   -5268
   -5863
   -6666
   -7677
   -8816
  -10086
  -11521
  -13118
  -14898
  -16809
  -18852
  -21020
  -23301
  -25654
  -28034
  -30456
  -32949
  -35499
  -38005
  -40491
  -42942
  -45324
  -47597
  -49726
  -51715
  -53591
  -55315
  -56820
  -58127
  -59259
  -60181
  -60862
  -61247
  -61364
  -61259
  -60991
  -60551
  -59917
  -59044
  -57957
  -56696
  -55291
  -53758
  -52064
  -50159
  -48045
  -45787
  -43383
  -40858
  -38186
  -35375
  -32516
  -29666
  -26861
  -24071
  -21301
  -18584
  -15943
  -13358
  -10861
   -8511
   -6313
   -4307
   -2466
    -809
     615
    1796
    2728
    3432
    3914
    4134
    4094
    3789
    3242
    2470
    1438
     131
   -1468
   -3329
   -5386
   -7654
  -10103
  -12739
  -15517
  -18378
  -21336
  -24397
  -27510
  -30652
  -33762
  -36838
  -39886
  -42899
  -45896
  -48775
  -51511
  -54141
  -56643
  -59011
  -61195
  -63174
  -64937
  -66478
  -67782
  -68753
  -69367
  -69633
  -69571
  -69211
  -68520
  -67554
  -66347
  -64946
  -63376
  -61636
  -59694
  -57545
  -55240
  -52817
  -50299
  -47712
  -45043
  -42310
  -39570
  -36817
  -34057
  -31266
  -28463
  -25711
  -23058
  -20528
  -18097
  -15809
  -13686
  -11746
   -9963
   -8319
   -6854
   -5605
   -4563
   -3714
   -3073
   -2657
   -2490
   -2586
   -2907
   -3461
   -4275
   -5352
   -6639
   -8063
   -9621
  -11305
  -13118
  -15028
  -17024
  -19136
  -21374
  -23739
  -26181
  -28642
  -31136
  -33664
  -36172
  -38555
  -40783
  -42900
  -44912
  -46827
  -48606
  -50186
  -51588
  -52836
  -53950
  -54901
  -55665
  -56281
  -56741
  -57040
  -57123
  -56995
  -56687
  -56257
  -55727
  -55082
  -54270
  -53278
  -52152
  -50905
  -49531
  -47992
  -46323
  -44574
  -42772
  -40946
  -39058
  -37134
  -35224
  -33378
  -31624
  -29937
  -28302
  -26755
  -25312
  -23977
  -22727
  -21553
  -20493
  -19576
  -18796
  -18132
  -17593
  -17190
  -16902
  -16727
  -16630
  -16624
  -16728
  -16948
  -17266
  -17701
  -18255
  -18931
  -19707
  -20574
  -21571
  -22718
  -24005
  -25359
  -26731
  -28152
  -29645
  -31198
  -32824
  -34497
  -36158
  -37770
  -39350
  -40899
  -42361
  -43668
  -44855
  -45936
  -46912
  -47763
  -48479
  -49095
  -49584
  -49924
  -50096
  -50142
  -50069
  -49882
  -49584
  -49195
  -48703
  -48114
  -47397
  -46560
  -45624
  -44608
  -43465
  -42166
  -40754
  -39266
  -37734
  -36175
  -34614
  -33023
  -31391
  -29777
  -28190
  -26661
  -25169
  -23706
  -22304
  -20984
  -19786
  -18726
  -17784
  -17011
  -16428
  -16015
  -15727
  -15552
  -15507
  -15567
  -15691
  -15887
  -16215
  -16714
  -17379
  -18175
  -19046
  -20021
  -21130
  -22358
  -23687
  -25106
  -26631
  -28279
  -30001
  -31786
  -33547
  -35258
  -36928
  -38557
  -40166
  -41745
  -43243
  -44698
  -46112
  -47471
  -48776
  -49994
  -51061
  -51979
  -52774
  -53464
  -54023
  -54396
  -54568
  -54545
  -54306
  -53839
  -53110
  -52186
  -51155
  -50092
  -49013
  -47899
  -46719
  -45479
  -44151
  -42709
  -41182
  -39601
  -37994
  -36320
  -34564
  -32744
  -30951
  -29201
  -27491
  -25836
  -24218
  -22628
  -21084
  -19628
  -18265
  -16991
  -15786
  -14685
  -13716
  -12901
  -12230
  -11661
  -11187
  -10860
  -10713
  -10749
  -10955
  -11308
  -11838
  -12562
  -13458
  -14500
  -15648
  -16906
  -18287
  -19777
  -21330
  -22916
  -24546
  -26217
  -27923
  -29627
  -31317
  -32969
  -34592
  -36257
  -37966
  -39648
  -41256
  -42795
  -44250
  -45608
  -46880
  -48094
  -49189
  -50113
  -50904
  -51580
  -52154
  -52593
  -52908
  -53118
  -53234
  -53279
  -53234
  -53056
  -52744
  -52318
  -51791
  -51151
  -50390
  -49537
  -48566
  -47479
  -46255
  -44920
  -43532
  -42097
  -40612
  -39052
  -37467
  -35909
  -34385
  -32882
  -31425
  -30027
  -28713
  -27474
  -26312
  -25261
  -24333
  -23560
  -22877
  -22272
  -21754
  -21322
  -20967
  -20727
  -20610
  -20575
  -20620
  -20791
  -21101
  -21530
  -22095
  -22761
  -23548
  -24461
  -25493
  -26569
  -27696
  -28877
  -30099
  -31342
  -32575
  -33791
  -34996
  -36185
  -37332
  -38407
  -39427
  -40387
  -41294
  -42103
  -42826
  -43481
  -44082
  -44604
  -45026
  -45356
  -45598
  -45763
  -45866
  -45894
  -45872
  -45786
  -45659
  -45451
  -45161
  -44798
  -44349
  -43807
  -43139
  -42359
  -41508
  -40599
  -39666
  -38701
  -37705
  -36662
  -35597
  -34539
  -33480
  -32400
  -31300
  -30243
  -29233
  -28292
  -27396
  -26554
  -25789
  -25111
  -24517
  -23963
  -23468
  -23053
  -22717
  -22503
  -22387
  -22349
  -22412
  -22633
  -23021
  -23515
  -24057
  -24673
  -25386
  -26184
  -27048
  -27920
  -28833
  -29798
  -30822
  -31852
  -32858
  -33861
  -34904
  -36036
  -37231
  -38411
  -39542
  -40631
  -41702
  -42757
  -43772
  -44707
  -45565
  -46326
  -46980
  -47550
  -47989
  -48253
  -48414
  -48502
  -48520
  -48446
  -48242
  -47940
  -47582
  -47140
  -46658
  -46087
  -45413
  -44663
  -43865
  -43035
  -42168
  -41227
  -40211
  -39151
  -38092
  -37062
  -36047
  -35014
  -33977
  -32952
  -31937
  -30893
  -29841
  -28846
  -27930
  -27084
  -26296
  -25600
  -25020
  -24574
  -24247
  -24009
  -23874
  -23840
  -23881
  -23945
  -24069
  -24271
  -24591
  -24996
  -25463
  -26020
  -26646
  -27332
  -28033
  -28757
  -29528
  -30338
  -31186
  -32083
  -33055
  -34036
  -35006
  -35975
  -36967
  -37932
  -38856
  -39728
  -40545
  -41299
  -41986
  -42573
  -43060
  -43386
  -43556
  -43650
  -43716
  -43760
  -43739
  -43625
  -43455
  -43251
  -43018
  -42715
  -42367
  -42000
  -41604
  -41203
  -40745
  -40235
  -39698
  -39117
  -38519
  -37884
  -37243
  -36585
  -35920
  -35224
  -34527
  -33856
  -33212
  -32611
  -32037
  -31475
  -30953
  -30469
  -30036
  -29615
  -29199
  -28803
  -28455
  -28127
  -27850
  -27623
  -27498
  -27519
  -27701
  -28000
  -28309
  -28589
  -28919
  -29352
  -29880
  -30450
  -31086
  -31772
  -32494
  -33213
  -33888
  -34540
  -35182
  -35822
  -36446
  -37078
  -37710
  -38309
  -38860
  -39257
  -39532
  -39782
  -40018
  -40199
  -40352
  -40453
  -40520
  -40524
  -40446
  -40283
  -40016
  -39680
  -39258
  -38753
  -38243
  -37766
  -37304
  -36847
  -36380
  -35899
  -35430
  -34983
  -34548
  -34074
  -33496
  -32838
  -32131
  -31412
  -30654
  -29896
  -29184
  -28522
  -27915
  -27368
  -26888
  -26484
  -26168
  -25904
  -25724
  -25642
  -25673
  -25791
  -25995
  -26325
