-10162
-10903
-11598
-12246
-12845
-13392
-13887
-14328
-14714
-15043
-15316
-15531
-15689
-15788
-15831
-15816
-15744
-15617
-15434
-15198
-14909
-14570
-14181
-13745
-13263
-12739
-12173
-11569
-10930
-10257
-9554
-8824
-8070
-7294
-6500
-5690
-4869
-4039
-3204
-2366
-1529
-696
129
945
1748
2534
3302
4048
4769
5464
6129
6763
7363
7927
8454
8941
9387
9792
10153
10469
10740
10966
11145
11278
11364
11403
11397
11345
11248
11108
10924
10699
10435
10131
9792
9417
9010
8573
8108
7618
7104
6571
6020
5454
4876
4290
3697
3102
2506
1913
1325
746
179
-374
-911
-1429
-1925
-2398
-2844
-3262
-3649
-4005
-4327
-4615
-4867
-5081
-5258
-5396
-5496
-5556
-5577
-5560
-5504
-5411
-5280
-5114
-4913
-4679
-4414
-4119
-3796
-3448
-3077
-2685
-2276
-1850
-1413
-966
-511
-54
404
860
1310
1752
2183
2599
2998
3376
3732
4062
4365
4637
4876
5081
5249
5379
5470
5520
5529
5495
5418
5298
5135
4929
4681
4391
4061
3692
3286
2844
2368
1861
1325
764
179
-425
-1046
-1681
-2326
-2976
-3629
-4280
-4926
-5563
-6186
-6793
-7378
-7939
-8471
-8971
-9435
-9861
-10245
-10584
-10875
-11115
-11304
-11438
-11515
-11535
-11496
-11397
-11238
-11018
-10739
-10399
-10000
-9544
-9031
-8463
-7842
-7171
-6453
-5690
-4885
-4042
-3165
-2257
-1323
-366
607
1595
2591
3592
4592
5586
6571
7540
8491
9418
10316
11182
12012
12801
13546
14244
14891
15484
16022
16501
16919
17275
17568
17796
17960
18057
18090
18057
17961
17801
17579
17297
16958
16562
16114
15615
15069
14478
13848
13180
12480
11750
10994
10217
9423
8616
7798
6976
6152
5330
4514
3707
2914
2136
1377
641
-70
-755
-1411
-2036
-2629
-3188
-3711
-4199
-4651
-5066
-5444
-5785
-6090
-6359
-6594
-6794
-6962
-7099
-7205
-7283
-7334
-7360
-7363
-7344
-7306
-7251
-7179
-7094
-6996
-6888
-6771
-6647
-6517
-6382
-6244
-6104
-5963
-5821
-5680
-5540
-5401
-5263
-5128
-4994
-4862
-4732
-4603
-4475
-4347
-4219
-4090
-3960
-3828
-3694
-3556
-3414
-3268
-3116
-2959
-2795
-2625
-2447
-2263
-2071
-1872
-1666
-1453
-1232
-1006
-774
-536
-294
-48
200
451
703
954
1204
1452
1696
1935
2167
2393
2609
2817
3013
3197
3369
3527
3672
3801
3915
4013
4096
4162
4213
4249
4269
4275
4267
4247
4215
4172
4120
4061
3995
3924
3851
3777
3704
3633
3566
3506
3455
3413
3384
3368
3367
3383
3417
3471
3544
3639
3756
3895
4057
4241
4448
4677
4927
5198
5488
5796
6121
6459
6811
7172
7541
7916
8292
8668
9040
9406
9761
10103
10428
10734
11016
11272
11498
11692
11850
11970
12049
12085
12075
12018
11912
11756
11548
11287
10974
10609
10190
9720
9199
8627
8008
7342
6633
5881
5091
4266
3408
2522
1612
680
-266
-1226
-2193
-3163
-4131
-5092
-6042
-6976
-7889
-8777
-9635
-10458
-11243
-11986
-12682
-13328
-13921
-14458
-14935
-15351
-15703
-15990
-16209
-16361
-16443
-16457
-16400
-16275
-16081
-15820
-15492
-15100
-14646
-14131
-13559
-12931
-12252
-11524
-10751
-9936
-9083
-8197
-7281
-6340
-5377
-4397
-3404
-2403
-1398
-393
607
1599
2580
3543
4487
5407
6300
7162
7991
8783
9537
10249
10917
11539
12114
12640
13115
13539
13910
14229
14495
14708
14867
14974
15029
15033
14986
14891
14748
14559
14325
14050
13735
13381
12992
12571
12118
11638
11133
10606
10060
9498
8923
8337
7745
7149
6552
5957
5367
4786
4215
3659
3119
2599
2101
1628
1181
763
377
23
-294
-577
-822
-1027
-1194
-1319
-1404
-1447
-1448
-1408
-1327
-1206
-1045
-845
-608
-336
-30
308
676
1071
1491
1933
2394
2871
3361
3861
4366
4874
5381
5884
6377
6859
7326
7773
8197
8595
8964
9301
9602
9864
10086
10265
10398
10483
10520
10507
10442
10326
10157
9936
9663
9338
8963
8539
8068
7551
6991
6390
5752
5080
4377
3647
2894
2122
1335
539
-262
-1065
-1864
-2653
-3430
-4187
-4922
-5629
-6303
-6941
-7539
-8091
-8596
-9048
-9446
-9787
-10067
-10285
-10438
-10527
-10549
-10504
-10393
-10214
-9970
-9660
-9287
-8852
-8358
-7806
-7201
-6545
-5842
-5096
-4311
-3490
-2640
-1763
-866
46
969
1899
2829
3754
4670
5572
6454
7312
8142
8939
9698
10417
11092
11719
12295
12818
13284
13693
14042
14331
14557
14721
14822
14860
14836
14751
14604
14399
14136
13818
13446
13024
12554
12039
11482
10887
10257
9596
8908
8195
7463
6716
5956
5189
4418
3647
2880
2121
1373
640
-74
-767
-1436
-2078
-2690
-3269
-3814
-4322
-4792
-5222
-5611
-5958
-6262
-6522
-6738
-6910
-7038
-7122
-7163
-7161
-7118
-7034
-6911
-6751
-6554
-6323
-6059
-5765
-5442
-5093
-4720
-4325
-3911
-3480
-3034
-2577
-2110
-1636
-1157
-676
-196
281
754
1219
1676
2121
2553
2970
3370
3751
4112
4451
4768
5060
5327
5568
5783
5969
6127
6257
6358
6430
6473
6488
6474
6432
6363
6267
6145
5999
5829
5636
5422
5189
4937
4669
4385
4089
3781
3464
3140
2811
2478
2144
1812
1482
1158
841
534
239
-42
-308
-556
-784
-991
-1174
-1333
-1466
-1570
-1646
-1692
-1707
-1690
-1640
-1558
-1442
-1293
-1111
-895
-647
-366
-54
287
659
1059
1485
1936
2411
2907
3422
3953
4500
5059
5627
6202
6782
7363
7943
8520
9089
9649
10196
10728
11243
11736
12207
12652
13069
13456
13810
14129
14412
14657
14862
15025
15146
15223
15256
15243
15185
15080
14929
14732
14489
14200
13867
13489
13068
12605
12101
11557
10976
10359
9707
9023
8309
7567
6799
6007
5195
4364
3517
2657
1786
906
21
-866
-1754
-2640
-3520
-4393
-5256
-6106
-6941
-7758
-8555
-9329
-10079
-10801
-11495
-12158
-12788
-13383
-13942
-14462
-14943
-15382
-15779
-16132
-16440
-16701
-16916
-17083
-17201
-17269
-17288
-17257
-17175
-17043
-16859
-16625
-16341
-16006
-15621
-15188
-14706
-14176
-13600
-12978
-12313
-11605
-10855
-10067
-9241
-8379
-7484
-6559
-5605
-4625
-3622
-2599
-1559
-504
560
1633
2710
3788
4863
5931
6989
8033
9060
10065
11046
11997
12917
13801
14646
15448
16204
16912
17567
18168
18712
19196
19617
19976
20268
20493
20650
20737
20754
20700
20576
20381
20116
19781
19378
18908
18373
17774
17115
16396
15622
14795
13918
12995
12030
11027
9989
8921
7828
6713
5582
4439
3290
2138
989
-152
-1280
-2392
-3482
-4545
-5577
-6573
-7529
-8442
-9307
-10120
-10879
-11579
-12217
-12792
-13300
-13739
-14108
-14403
-14625
-14772
-14843
-14838
-14755
-14597
-14362
-14052
-13667
-13209
-12679
-12079
-11412
-10679
-9884
-9029
-8117
-7151
-6136
-5075
-3972
-2831
-1656
-452
775
2024
3288
4562
5842
7122
8398
9665
10918
12151
13361
14542
15689
16798
17865
18884
19853
20766
21620
22411
23136
23791
24373
24881
25311
25660
25928
26112
26212
26225
26152
25991
25744
25409
24989
24483
23893
23221
22468
21637
20730
19751
18703
17588
16411
15175
13886
12547
11163
9738
8279
6790
5277
3744
2197
643
-913
-2467
-4011
-5542
-7053
-8538
-9992
-11411
-12789
-14121
-15403
-16629
-17796
-18900
-19936
-20902
-21794
-22609
-23345
-23999
-24570
-25055
-25455
-25767
-25992
-26129
-26179
-26142
-26020
-25813
-25523
-25153
-24705
-24181
-23584
-22919
-22187
-21394
-20542
-19637
-18683
-17684
-16645
-15571
-14467
-13337
-12188
-11024
-9850
-8671
-7491
-6317
-5153
-4003
-2871
-1763
-681
368
1385
2363
3301
4195
5043
5843
6593
7291
7938
8531
9070
9556
9988
10367
10694
10970
11196
11374
11506
11595
11643
11652
11626
11567
11480
11366
11230
11075
10904
10722
10532
10337
10142
9949
9761
9583
9418
9268
9135
9024
8936
8873
8838
8832
8856
8911
8999
9121
9275
9463
9683
9936
10221
10536
10880
11251
11647
12067
12506
12964
13436
13921
14413
14910
15409
15905
16395
16875
17341
17789
18214
18614
18984
19320
19618
19875
20088
20252
20365
20424
20426
20369
20250
20067
19819
19504
19121
18669
18149
17559
16901
16174
15380
14521
13597
12611
11565
10463
9306
8098
6844
5547
4211
2840
1440
16
-1427
-2885
-4352
-5822
-7290
-8749
-10194
-11619
-13018
-14386
-15717
-17006
-18246
-19433
-20562
-21627
-22625
-23549
-24398
-25166
-25850
-26447
-26955
-27370
-27690
-27914
-28041
-28069
-27999
-27830
-27562
-27196
-26734
-26177
-25527
-24786
-23957
-23044
-22049
-20978
-19833
-18619
-17342
-16006
-14616
-13179
-11699
-10182
-8635
-7064
-5475
-3874
-2268
-662
936
2521
4087
5627
7136
8607
10036
11418
12746
14016
15225
16367
17439
18437
19358
20200
20959
21635
22225
22728
23144
23471
23711
23863
23928
23907
23803
23616
23349
23005
22587
22097
21539
20917
20234
19495
18704
17865
16983
16062
15107
14122
13113
12083
11038
9982
8919
7855
6792
5736
4690
3658
2644
1650
681
-260
-1172
-2052
-2897
-3705
-4474
-5204
-5892
-6537
-7138
-7696
-8209
-8677
-9100
-9478
-9812
-10102
-10348
-10552
-10714
-10834
-10915
-10956
-10959
-10926
-10856
-10752
-10615
-10446
-10245
-10015
-9756
-9469
-9156
-8817
-8453
-8066
-7655
-7223
-6770
-6296
-5802
-5290
-4759
-4210
-3645
-3063
-2465
-1852
-1225
-583
70
737
1416
2105
2804
3513
4230
4953
5683
6417
7155
7895
8635
9374
10109
10841
11565
12282
12988
13681
14359
15020
15662
16283
16879
17449
17990
18500
18977
19417
19820
20183
20503
20779
21009
21192
21325
21406
21436
21413
21335
21202
21014
20771
20471
20116
19706
19242
18724
18154
17533
16863
16147
15385
14581
13738
12857
11943
10999
10027
9033
8019
6989
5948
4900
3848
2798
1754
719
-301
-1303
-2283
-3236
-4159
-5047
-5897
-6707
-7471
-8188
-8854
-9467
-10025
-10526
-10967
-11348
-11668
-11924
-12118
-12249
-12316
-12321
-12265
-12147
-11970
-11735
-11444
-11100
-10704
-10260
-9770
-9237
-8665
-8057
-7417
-6747
-6053
-5337
-4603
-3856
-3099
-2337
-1572
-808
-50
699
1436
2159
2862
3545
4204
4836
5439
6011
6550
7055
7523
7954
8347
8701
9015
9289
9524
9718
9873
9989
10066
10106
10109
10077
10011
9912
9781
9621
9434
9219
8981
8720
8438
8137
7819
7487
7141
6784
6417
6043
5663
5279
4892
4505
4118
3732
3350
2972
2600
2234
1876
1527
1187
856
537
229
-67
-351
-622
-879
-1123
-1353
-1569
-1770
-1956
-2126
-2281
-2420
-2542
-2648
-2737
-2809
-2863
-2898
-2916
-2914
-2893
-2852
-2790
-2708
-2605
-2480
-2332
-2163
-1971
-1755
-1517
-1255
-970
-661
-329
25
402
802
1223
1665
2126
2607
3105
3619
4148
4689
5242
5804
6373
6946
7521
8096
8668
9234
9791
10336
10866
11378
11869
12335
12774
13184
13559
13899
14199
14458
14673
14841
14961
15031
15048
15012
14922
14776
14574
14317
14004
13636
13214
12740
12214
11638
11016
10350
9642
8896
8116
7306
6469
5610
4733
3844
2947
2048
1150
261
-616
-1475
-2312
-3120
-3896
-4634
-5330
-5980
-6579
-7123
-7609
-8035
-8396
-8691
-8918
-9074
-9160
-9174
-9115
-8985
-8783
-8512
-8171
-7764
-7293
-6761
-6171
-5526
-4831
-4090
-3308
-2488
-1637
-760
138
1052
1975
2903
3830
4749
5656
6545
7411
8250
9055
9824
10550
11232
11865
12446
12973
13443
13854
14205
14495
14723
14889
14994
15038
15024
14951
14823
14641
14410
14131
13809
13446
13048
12618
12161
11681
11183
10672
10151
9627
9104
8585
8076
7582
7105
6649
6219
5818
5448
5112
4812
4550
4328
4146
4006
3906
3848
3831
3852
3912
4009
4139
4301
4492
4709
4948
5206
5478
5762
6052
6344
6635
6919
7193
7452
7692
7908
8098
8256
8380
8467
8513
8516
8473
8383
8243
8054
7814
7522
7179
6786
6343
5851
5313
4731
4107
3444
2745
2015
1257
476
-324
-1139
-1964
-2793
-3621
-4444
-5255
-6049
-6821
-7566
-8279
-8954
-9588
-10174
-10709
-11189
-11609
-11967
-12259
-12482
-12634
-12713
-12718
-12646
-12498
-12273
-11971
-11593
-11140
-10613
-10015
-9348
-8614
-7816
-6958
-6044
-5078
-4064
-3006
-1910
-781
375
1554
2751
3959
5173
6387
7596
8793
9973
11131
12261
13358
14417
15433
16401
17317
18177
18977
19713
20382
20981
21508
21960
22335
22632
22850
22988
23045
23022
22919
22737
22476
22139
21728
21243
20688
20066
19380
18632
17828
16969
16061
15107
14113
13082
12020
10931
9819
8691
7551
6404
5255
4109
2971
1846
738
-347
-1407
-2436
-3431
-4387
-5301
-6170
-6990
-7758
-8473
-9131
-9730
-10270
-10748
-11164
-11516
-11804
-12029
-12189
-12286
-12321
-12293
-12206
-12059
-11856
-11597
-11286
-10925
-10516
-10063
-9568
-9035
-8466
-7866
-7237
-6584
-5909
-5216
-4510
-3793
-3069
-2341
-1613
-888
-170
539
1236
1919
2584
3230
3854
4454
5028
5576
6095
6584
7043
7471
7868
8233
8567
8869
9141
9383
9597
9782
9941
10074
10184
10272
10340
10389
10422
10441
10448
10445
10433
10416
10394
10370
10347
10325
10307
10294
10287
10289
10300
10322
10355
10401
10459
10531
10617
10716
10829
10956
11096
11249
11414
11590
11777
11972
12175
12385
12600
12819
13040
13261
13481
13699
13911
14117
14315
14502
14678
14841
14989
15120
15232
15326
15399
15449
15477
15481
15460
15413
15339
15240
15112
14958
14776
14566
14329
14064
13773
13455
13110
12740
12346
11927
11485
11021
10535
10029
9503
8959
8399
7822
7230
6626
6009
5381
4743
4097
3444
2785
2121
1455
786
117
-550
-1216
-1879
-2537
-3188
-3833
-4468
-5093
-5707
-6307
-6893
-7464
-8017
-8552
-9067
-9560
-10031
-10477
-10899
-11293
-11659
-11996
-12302
-12576
-12817
-13024
-13196
-13331
-13430
-13490
-13513
-13495
-13439
-13342
-13206
-13029
-12811
-12554
-12258
-11922
-11548
-11136
-10688
-10204
-9686
-9136
-8555
-7946
-7309
-6647
-5963
-5259
-4537
-3800
-3051
-2292
-1527
-758
11
779
1541
2296
3039
3768
4481
5174
5845
6492
7111
7701
8260
8786
9276
9730
10146
10523
10860
11156
11411
11624
11796
11926
12015
12064
12073
12043
11977
11874
11737
11567
11366
11138
10882
10603
10302
9981
9645
9294
8931
8560
8183
7802
7421
7041
6664
6294
5933
5582
5244
4920
4612
4321
4050
3798
3568
3359
3173
3010
2869
2752
2658
2587
2537
2509
2502
2515
2547
2596
2662
2742
2836
2941
3057
3181
3312
3449
3588
3729
3871
4010
4146
4278
4403
4521
4630
4729
4817
4894
4957
5007
5043
5065
5073
5065
5042
5005
4952
4886
4805
4710
4602
4481
4348
4204
4049
3884
3710
3529
3340
3144
2944
2739
2530
2318
2105
1891
1677
1464
1252
1043
837
634
436
244
57
-123
-297
-464
-623
-774
-917
-1050
-1175
-1291
-1396
-1492
-1578
-1654
-1719
-1775
-1820
-1854
-1879
-1893
-1897
-1892
-1877
-1853
-1820
-1779
-1731
-1675
-1613
-1545
-1472
-1395
-1315
-1233
-1149
-1066
-984
-904
-828
-758
-693
-636
-588
-551
-525
-513
-515
-532
-566
-618
-689
-780
-891
-1023
-1176
-1351
-1548
-1766
-2005
-2265
-2545
-2843
-3159
-3491
-3837
-4196
-4565
-4942
-5324
-5708
-6091
-6470
-6841
-7202
-7547
-7874
-8178
-8455
-8702
-8914
-9087
-9217
-9300
-9333
-9311
-9232
-9092
-8887
-8616
-8275
-7862
-7377
-6816
-6180
-5467
-4678
-3812
-2871
-1857
-770
387
1611
2899
4247
5651
7106
8606
10147
11721
13323
14946
16582
18224
19864
21495
23108
24695
26247
27757
29216
30615
31947
33204
34377
35460
36446
37326
38096
38749
39280
39684
39957
40094
40094
39953
39670
39244
38675
37962
37108
36114
34983
33719
32324
30805
29166
27413
25554
23594
21544
19409
17199
14924
12592
10214
7799
5358
2900
437
-2020
-4463
-6881
-9264
-11601
-13883
-16101
-18246
-20309
-22281
-24157
-25928
-27588
-29131
-30552
-31846
-33010
-34040
-34933
-35689
-36306
-36782
-37120
-37319
-37382
-37311
-37107
-36777
-36322
-35748
-35060
-34263
-33364
-32368
-31284
-30116
-28874
-27564
-26193
-24770
-23303
-21798
-20264
-18708
-17138
-15562
-13985
-12416
-10861
-9325
-7817
-6339
-4899
-3501
-2150
-849
397
1586
2715
3782
4785
5722
6592
7394
8129
8797
9397
9932
10402
10808
11153
11438
11667
11840
11961
12032
12058
12039
11980
11884
11753
11592
11402
11188
10951
10696
10424
10139
9843
9538
9227
8912
8596
8278
7963
7650
7342
7039
6742
6453
6172
5899
5636
5382
5137
4903
4677
4462
4255
4058
3869
3689
3517
3353
3196
3045
2901
2763
2630
2501
2378
2258
2142
2029
1920
1813
1708
1606
1506
1407
1311
1215
1122
1029
938
848
759
672
585
499
415
331
248
166
85
4
-75
-154
-233
-312
-391
-470
-548
-628
-708
-788
-870
-952
-1036
-1120
-1207
-1295
-1384
-1475
-1568
-1662
-1759
-1856
-1955
-2056
-2157
-2259
-2362
-2465
-2568
-2670
-2771
-2871
-2969
-3064
-3156
-3245
-3329
-3408
-3481
-3549
-3609
-3662
-3707
-3743
-3770
-3788
-3795
-3791
-3777
-3751
-3714
-3665
-3604
-3532
-3447
-3351
-3244
-3125
-2996
-2856
-2706
-2547
-2379
-2203
-2020
-1831
-1636
-1436
-1233
-1027
-820
-612
-405
-198
4
204
400
590
774
950
1118
1277
1427
1565
1693
1808
1911
2001
2078
2142
2192
2228
2250
2259
2253
2235
2203
2158
2102
2033
1953
1863
1763
1655
1538
1414
1284
1149
1010
868
724
579
433
290
148
10
-123
-252
-375
-490
-598
-697
-786
-865
-933
-991
-1036
-1070
-1091
-1100
-1096
-1080
-1052
-1011
-959
-895
-820
-734
-639
-534
-421
-300
-172
-39
99
241
386
533
680
827
972
1114
1253
1387
1514
1635
1747
1851
1945
2028
2100
2160
2207
2241
2262
2268
2260
2239
2202
2152
2087
2008
1916
1811
1693
1563
1422
1271
1110
941
764
581
392
200
4
-192
-389
-585
-779
-969
-1155
-1334
-1505
-1668
-1822
-1964
-2094
-2212
-2316
-2406
-2480
-2539
-2581
-2607
-2615
-2607
-2582
-2540
-2481
-2405
-2313
-2206
-2084
-1948
-1799
-1638
-1465
-1282
-1091
-891
-686
-476
-263
-48
167
381
592
799
1000
1193
1378
1552
1715
1864
2000
2120
2223
2309
2377
2426
2455
2463
2451
2418
2364
2288
2191
2073
1935
1777
1599
1402
1188
956
708
446
169
-118
-417
-726
-1043
-1366
-1693
-2024
-2356
-2687
-3017
-3342
-3663
-3976
-4280
-4574
-4856
-5125
-5379
-5617
-5838
-6040
-6223
-6385
-6527
-6646
-6743
-6817
-6868
-6895
-6898
-6878
-6834
-6767
-6677
-6564
-6429
-6273
-6097
-5900
-5685
-5452
-5202
-4937
-4658
-4365
-4061
-3747
-3423
-3092
-2755
-2414
-2069
-1723
-1377
-1032
-690
-352
-19
305
623
931
1229
1515
1789
2049
2295
2525
2739
2937
3117
3279
3423
3549
3655
3743
3812
3862
3893
3906
3900
3876
3835
3777
3703
3612
3507
3388
3256
3112
2956
2790
2615
2432
2243
2048
1848
1645
1440
1235
1030
826
626
429
238
53
-123
-292
-452
-601
-740
-867
-981
-1083
-1171
-1245
-1306
-1352
-1383
-1401
-1404
-1393
-1368
-1331
-1281
-1219
-1146
-1062
-969
-868
-760
-646
-527
-404
-280
-155
-31
90
208
320
425
521
608
683
744
792
823
838
835
812
769
705
620
512
382
228
52
-147
-369
-615
-882
-1170
-1479
-1808
-2155
-2519
-2899
-3293
-3699
-4115
-4540
-4970
-5405
-5842
-6278
-6711
-7138
-7557
-7966
-8362
-8742
-9104
-9446
-9765
-10058
-10325
-10562
-10768
-10940
-11078
-11180
-11243
-11269
-11254
-11199
-11103
-10966
-10787
-10567
-10307
-10005
-9665
-9285
-8869
-8416
-7929
-7410
-6860
-6282
-5677
-5050
-4401
-3734
-3052
-2358
-1654
-944
-230
483
1193
1898
2594
3278
3947
4598
5228
5835
6417
6970
7494
7984
8441
8862
9245
9590
9895
10159
10381
10562
10701
10797
10851
10863
10834
10765
10656
10508
10324
10103
9848
9560
9242
8894
8520
8121
7699
7257
6797
6321
5831
5330
4820
4304
3783
3259
2736
2214
1697
1185
681
186
-297
-768
-1225
-1667
-2093
-2501
-2891
-3262
-3612
-3943
-4252
-4540
-4806
-5051
-5274
-5476
-5656
-5814
-5952
-6070
-6167
-6245
-6303
-6344
-6367
-6373
-6363
-6337
-6297
-6243
-6177
-6098
-6009
-5909
-5799
-5681
-5556
-5423
-5285
-5141
-4993
-4842
-4688
-4532
-4374
-4217
-4059
-3903
-3748
-3596
-3446
-3300
-3158
-3021
-2889
-2763
-2644
-2531
-2425
-2327
-2236
-2154
-2080
-2015
-1958
-1911
-1873
-1844
-1824
-1813
-1811
-1818
-1834
-1858
-1890
-1930
-1977
-2030
-2090
-2155
-2226
-2300
-2378
-2459
-2542
-2626
-2711
-2795
-2878
-2958
-3035
-3108
-3176
-3238
-3293
-3341
-3381
-3411
-3432
-3442
-3441
-3429
-3405
-3368
-3319
-3256
-3180
-3091
-2989
-2873
-2745
-2603
-2448
-2281
-2102
-1911
-1710
-1498
-1276
-1046
-807
-561
-309
-51
210
476
744
1014
1284
1554
1822
2087
2349
2606
2857
3101
3338
3566
3785
3993
4191
4376
4550
4710
4856
4988
5106
5209
5296
5368
5423
5463
5487
5495
5487
5463
5424
5369
5299
5213
5113
4999
4871
4729
4574
4407
4227
4036
3833
3619
3395
3162
2919
2667
2406
2138
1863
1580
1291
996
695
390
79
-234
-553
-874
-1199
-1525
-1854
-2184
-2516
-2847
-3179
-3510
-3840
-4169
-4495
-4819
-5140
-5456
-5768
-6074
-6375
-6669
-6956
-7235
-7504
-7765
-8015
-8254
-8481
-8695
-8896
-9083
-9256
-9412
-9552
-9676
-9782
-9869
-9938
-9988
-10018
-10027
-10017
-9986
-9934
-9861
-9766
-9651
-9516
-9359
-9182
-8985
-8769
-8533
-8279
-8008
-7720
-7416
-7097
-6765
-6419
-6062
-5695
-5319
-4935
-4545
-4150
-3752
-3352
-2952
-2552
-2156
-1763
-1377
-997
-625
-264
86
424
749
1059
1354
1632
1893
2136
2360
2566
2752
2918
3064
3190
3296
3383
3450
3497
3526
3537
3530
3507
3467
3412
3343
3261
3166
3060
2944
2819
2685
2545
2399
2249
2094
1937
1779
1620
1461
1303
1148
995
845
699
558
422
291
165
45
-69
-177
-280
-377
-469
-556
-638
-716
-790
-860
-927
-991
-1054
-1114
-1174
-1233
-1292
-1351
-1410
-1471
-1533
-1597
-1662
-1729
-1799
-1870
-1944
-2019
-2096
-2174
-2254
-2334
-2413
-2493
-2571
-2647
-2720
-2790
-2856
-2916
-2970
-3018
-3057
-3087
-3107
-3116
-3114
-3099
-3070
-3027
-2969
-2896
-2806
-2700
-2576
-2435
-2276
-2100
-1906
-1695
-1466
-1221
-959
-682
-390
-84
233
564
904
1254
1611
1974
2341
2711
3081
3450
3815
4175
4528
4871
5203
5521
5824
6109
6374
6618
6839
7034
7203
7343
7453
7532
7578
7591
7568
7511
7417
7286
7118
6913
6671
6392
6076
5724
5336
4913
4457
3969
3449
2899
2322
1718
1090
439
-231
-919
-1623
-2341
-3068
-3804
-4545
-5289
-6033
-6774
-7510
-8237
-8954
-9656
-10343
-11010
-11656
-12278
-12874
-13441
-13977
-14480
-14948
-15379
-15772
-16124
-16435
-16703
-16927
-17106
-17239
-17325
-17364
-17356
-17300
-17197
-17046
-16848
-16604
-16314
-15979
-15600
-15178
-14715
-14213
-13672
-13094
-12482
-11838
-11163
-10460
-9732
-8980
-8208
-7417
-6612
-5793
-4965
-4129
-3289
-2448
-1608
-772
56
875
1682
2475
3249
4004
4737
5444
6125
6777
7398
7986
8539
9056
9535
9975
10375
10734
11050
11324
11554
11739
11881
11978
12031
12039
12003
11924
11802
11638
11433
11188
10904
10583
10226
9834
9410
8955
8472
7961
7426
6869
6292
5697
5087
4465
3833
3193
2548
1901
1255
612
-24
-653
-1271
-1876
-2465
-3035
-3585
-4111
-4613
-5087
-5533
-5948
-6330
-6679
-6992
-7269
-7509
-7710
-7872
-7995
-8079
-8123
-8127
-8091
-8017
-7905
-7755
-7569
-7348
-7093
-6807
-6489
-6144
-5771
-5375
-4956
-4518
-4062
-3592
-3110
-2619
-2121
-1620
-1118
-618
-123
364
841
1305
1753
2183
2593
2979
3341
3675
3980
4254
4496
4704
4877
5014
5114
5177
5202
5190
5139
5051
4925
4763
4566
4334
4068
3771
3443
3087
2704
2296
1866
1416
948
465
-30
-537
-1050
-1569
-2090
-2611
-3129
-3641
-4146
-4639
-5121
-5587
-6036
-6466
-6875
-7261
-7624
-7961
-8271
-8553
-8807
-9032
-9228
-9393
-9529
-9635
-9711
-9759
-9778
-9770
-9735
-9676
-9592
-9485
-9358
-9211
-9047
-8867
-8673
-8467
-8250
-8026
-7796
-7562
-7325
-7088
-6853
-6621
-6394
-6174
-5962
-5760
-5568
-5389
-5222
-5069
-4930
-4806
-4697
-4603
-4525
-4462
-4415
-4381
-4362
-4355
-4361
-4378
-4406
-4442
-4486
-4536
-4590
-4648
-4707
-4767
-4824
-4879
-4929
-4972
-5008
-5034
-5049
-5052
-5042
-5017
-4976
-4919
-4844
-4752
-4640
-4510
-4360
-4190
-4001
-3792
-3564
-3318
-3053
-2771
-2472
-2158
-1829
-1486
-1132
-767
-392
-10
378
770
1166
1563
1960
2354
2744
3128
3505
3874
4231
4577
4910
5227
5529
5813
6080
6326
6553
6759
6943
7105
7245
7361
7455
7525
7571
7594
7594
7571
7526
7458
7368
7257
7125
6974
6803
6613
6406
6182
5942
5686
5416
5132
4836
4528
4209
3881
3542
3196
2842
2482
2116
1744
1368
989
607
223
-162
-548
-934
-1320
-1704
-2087
-2467
-2844
-3217
-3586
-3950
-4309
-4661
-5006
-5344
-5675
-5996
-6308
-6611
-6903
-7184
-7454
-7711
-7955
-8186
-8403
-8606
-8793
-8965
-9121
-9260
-9382
-9487
-9575
-9645
-9697
-9730
-9745
-9742
-9721
-9681
-9624
-9548
-9455
-9345
-9219
-9076
-8918
-8745
-8557
-8356
-8142
-7916
-7679
-7432
-7176
-6911
-6639
-6360
-6076
-5788
-5496
-5202
-4907
-4611
-4315
-4021
-3728
-3439
-3154
-2872
-2596
-2325
-2061
-1803
-1552
-1308
-1072
-844
-623
-410
-205
-8
180
361
536
702
862
1016
1162
1303
1438
1567
1691
1811
1925
2035
2140
2241
2338
2431
2520
2605
2685
2761
2832
2898
2959
3014
3064
3107
3144
3173
3194
3207
3211
3206
3191
3165
3129
3082
3023
2951
2868
2772
2663
2541
2407
2259
2099
1926
1741
1544
1335
1115
886
646
398
141
-121
-390
-664
-942
-1223
-1505
-1788
-2069
-2348
-2623
-2894
-3159
-3416
-3665
-3905
-4134
-4351
-4556
-4749
-4927
-5091
-5241
-5375
-5494
-5598
-5687
-5761
-5820
-5865
-5896
-5914
-5920
-5916
-5901
-5877
-5846
-5808
-5765
-5718
-5670
-5621
-5572
-5526
-5484
-5447
-5416
-5394
-5380
-5377
-5385
-5406
-5439
-5486
-5548
-5624
-5714
-5820
-5940
-6074
-6223
-6384
-6557
-6742
-6937
-7141
-7351
-7567
-7787
-8009
-8231
-8450
-8665
-8873
-9072
-9260
-9435
-9594
-9734
-9854
-9952
-10025
-10072
