9054
8714
8068
7146
5985
4630
3135
1556
-48
-1620
-3104
-4448
-5605
-6539
-7220
-7630
-7759
-7609
-7193
-6530
-5651
-4593
-3398
-2112
-785
535
1802
2971
4002
4862
5525
5973
6196
6191
5967
5538
4925
4157
3266
2287
1260
224
-784
-1729
-2579
-3305
-3886
-4306
-4554
-4629
-4534
-4279
-3878
-3353
-2728
-2029
-1285
-526
218
923
1563
2116
2565
2898
3108
3191
3150
2991
2727
2372
1944
1463
950
426
-87
-569
-1004
-1375
-1670
-1881
-2004
-2037
-1982
-1847
-1641
-1374
-1062
-718
-360
-4
336
645
912
1125
1278
1365
1385
1338
1229
1064
852
603
329
43
-241
-514
-760
-971
-1136
-1248
-1303
-1298
-1233
-1111
-936
-716
-460
-177
119
419
708
976
1211
1403
1544
1627
1647
1604
1498
1330
1107
836
526
188
-165
-523
-872
-1199
-1491
-1737
-1929
-2057
-2116
-2101
-2013
-1853
-1624
-1332
-986
-597
-178
259
699
1128
1530
1891
2197
2438
2602
2683
2675
2576
2388
2113
1759
1335
855
333
-214
-770
-1314
-1827
-2292
-2690
-3007
-3228
-3343
-3345
-3231
-3001
-2660
-2218
-1685
-1080
-420
270
970
1653
2296
2872
3362
3743
4000
4120
4095
3922
3604
3148
2568
1882
1111
284
-572
-1426
-2246
-3002
-3663
-4203
-4600
-4835
-4897
-4779
-4481
-4012
-3385
-2620
-1743
-785
220
1236
2225
3148
3972
4661
5190
5534
5678
5612
5337
4859
4192
3358
2387
1313
173
-988
-2129
-3207
-4181
-5012
-5668
-6121
-6352
-6350
-6112
-5645
-4962
-4087
-3051
-1891
-648
631
1900
3112
4221
5185
5966
6535
6869
6953
6783
6364
5709
4841
3790
2595
1298
-53
-1410
-2723
-3944
-5029
-5937
-6635
-7097
-7306
-7253
-6940
-6378
-5586
-4592
-3432
-2146
-781
615
1994
3305
4504
5547
6397
7026
7412
7540
7407
7017
6385
5531
4487
3288
1976
595
-807
-2182
-3485
-4670
-5698
-6534
-7150
-7526
-7650
-7516
-7131
-6507
-5664
-4632
-3442
-2136
-756
651
2042
3369
4589
5663
6553
7232
7676
7870
7807
7488
6923
6129
5130
3958
2651
1250
-199
-1650
-3057
-4372
-5552
-6558
-7356
-7919
-8225
-8264
-8031
-7532
-6782
-5802
-4623
-3282
-1822
-289
1264
2790
4236
5553
6697
7627
8311
8724
8849
8679
8218
7478
6482
5260
3853
2306
670
-999
-2646
-4215
-5652
-6905
-7932
-8696
-9168
-9330
-9175
-8705
-7936
-6890
-5604
-4119
-2487
-763
994
2724
4366
5862
7161
8216
8989
9454
9593
9400
8882
8056
6951
5606
4066
2387
627
-1151
-2887
-4518
-5987
-7243
-8242
-8950
-9343
-9408
-9144
-8561
-7683
-6541
-5178
-3642
-1990
-281
1424
3066
4587
5934
7060
7928
8510
8789
8757
8419
7792
6900
5779
4471
3025
1494
-65
-1599
-3053
-4376
-5525
-6461
-7156
-7587
-7746
-7632
-7253
-6629
-5786
-4758
-3586
-2314
-989
339
1626
2826
3900
4811
5532
6043
6331
6392
6229
5855
5289
4556
3688
2720
1688
631
-411
-1405
-2315
-3111
-3771
-4275
-4611
-4773
-4762
-4585
-4254
-3789
-3211
-2545
-1819
-1063
-304
429
1112
1721
2239
2649
2944
3116
3168
3103
2930
2661
2313
1904
1452
978
503
44
-380
-755
-1070
-1315
-1486
-1580
-1600
-1550
-1438
-1275
-1072
-842
-600
-358
-130
73
242
371
454
489
477
422
330
208
66
-84
-233
-369
-482
-561
-600
-594
-538
-434
-283
-92
133
382
642
901
1146
1362
1537
1659
1718
1706
1621
1459
1225
922
560
152
-287
-742
-1194
-1625
-2013
-2343
-2598
-2763
-2829
-2788
-2637
-2378
-2016
-1563
-1033
-444
183
825
1458
2056
2595
3052
3408
3646
3753
3722
3551
3244
2808
2258
1612
894
129
-653
-1424
-2154
-2814
-3378
-3822
-4129
-4284
-4279
-4114
-3792
-3323
-2726
-2020
-1233
-394
465
1313
2116
2842
3465
3959
4305
4490
4506
4352
4033
3563
2958
2244
1446
596
-271
-1124
-1930
-2657
-3278
-3768
-4110
-4292
-4306
-4155
-3845
-3389
-2808
-2125
-1368
-568
242
1032
1770
2427
2978
3404
3688
3821
3801
3632
3322
2888
2349
1729
1056
358
-334
-994
-1594
-2109
-2521
-2815
-2981
-3015
-2920
-2702
-2376
-1957
-1468
-930
-371
184
711
1186
1590
1904
2118
2222
2217
2103
1890
1590
1220
798
348
-107
-546
-946
-1288
-1553
-1730
-1809
-1787
-1665
-1450
-1151
-784
-368
75
526
959
1352
1684
1937
2097
2153
2099
1936
1669
1308
867
366
-172
-724
-1263
-1764
-2202
-2554
-2801
-2929
-2927
-2793
-2527
-2138
-1639
-1050
-393
302
1010
1697
2333
2890
3340
3661
3836
3854
3709
3405
2950
2359
1656
866
23
-839
-1684
-2477
-3182
-3768
-4207
-4478
-4567
-4466
-4176
-3705
-3071
-2298
-1416
-460
529
1513
2447
3291
4009
4568
4942
5112
5067
4806
4338
3679
2856
1899
850
-248
-1349
-2406
-3372
-4203
-4864
-5321
-5552
-5544
-5294
-4809
-4106
-3212
-2163
-1003
220
1455
2647
3744
4696
5460
5999
6285
6301
6042
5514
4734
3731
2544
1221
-183
-1611
-3001
-4292
-5428
-6356
-7033
-7424
-7506
-7270
-6718
-5868
-4748
-3401
-1877
-237
1452
3123
4706
6131
7338
8272
8889
9157
9057
8588
7759
6599
5148
3458
1594
-372
-2364
-4302
-6108
-7707
-9032
-10026
-10645
-10857
-10647
-10019
-8990
-7595
-5883
-3918
-1771
474
2733
4919
6946
8733
10211
11317
12008
12252
12036
11365
10261
8763
6926
4816
2513
102
-2325
-4679
-6870
-8815
-10441
-11685
-12501
-12858
-12743
-12159
-11129
-9691
-7900
-5822
-3535
-1125
1317
3705
5948
7966
9684
11042
11993
12504
12561
12164
11334
10103
8522
6651
4561
2332
46
-2212
-4363
-6329
-8041
-9441
-10484
-11136
-11382
-11218
-10658
-9729
-8471
-6936
-5184
-3282
-1302
682
2602
4388
5980
7325
8380
9115
9512
9563
9276
8671
7777
6633
5287
3793
2209
593
-994
-2499
-3870
-5062
-6037
-6769
-7237
-7435
-7364
-7036
-6471
-5698
-4751
-3672
-2503
-1290
-78
1088
2170
3131
3941
4577
5024
5272
5321
5179
4857
4378
3764
3046
2254
1422
583
-231
-992
-1672
-2251
-2710
-3040
-3234
-3292
-3220
-3028
-2731
-2348
-1900
-1409
-899
-394
85
519
891
1188
1402
1526
1562
1514
1389
1199
959
685
396
108
-158
-390
-572
-692
-744
-724
-632
-472
-253
12
310
623
933
1220
1464
1649
1760
1784
1712
1542
1273
913
472
-34
-587
-1162
-1736
-2280
-2769
-3175
-3477
-3652
-3686
-3567
-3293
-2865
-2292
-1591
-782
104
1038
1982
2899
3749
4496
5103
5540
5783
5812
5617
5196
4557
3717
2700
1540
277
-1042
-2371
-3655
-4845
-5890
-6745
-7372
-7738
-7821
-7611
-7107
-6319
-5271
-3996
-2537
-945
722
2402
4030
5544
6883
7992
8824
9341
9517
9340
8809
7939
6756
5301
3624
1786
-144
-2098
-3999
-5775
-7356
-8680
-9693
-10354
-10633
-10516
-10003
-9109
-7864
-6314
-4514
-2531
-438
1685
3759
5704
7446
8917
10060
10830
11196
11143
10670
9795
8550
6981
5147
3117
968
-1217
-3357
-5369
-7177
-8713
-9917
-10745
-11165
-11161
-10734
-9902
-8697
-7166
-5367
-3371
-1254
902
3016
5007
6799
8325
9528
10363
10800
10824
10437
9656
8512
7051
5332
3421
1392
-675
-2702
-4613
-6334
-7801
-8959
-9768
-10197
-10234
-9881
-9153
-8081
-6710
-5093
-3294
-1384
563
2474
4275
5899
7285
8381
9150
9564
9610
9291
8621
7629
6355
4851
3176
1396
-421
-2207
-3894
-5417
-6722
-7760
-8496
-8903
-8970
-8697
-8099
-7200
-6038
-4659
-3117
-1472
212
1875
3452
4886
6124
7122
7845
8270
8385
8187
7689
6912
5888
4658
3271
1779
238
-1292
-2758
-4106
-5287
-6262
-6995
-7466
-7659
-7571
-7211
-6595
-5749
-4707
-3511
-2206
-841
534
1869
3118
4235
5185
5935
6463
6754
6801
6609
6188
5559
4747
3786
2713
1567
393
-769
-1879
-2898
-3792
-4534
-5102
-5480
-5660
-5641
-5430
-5040
-4489
-3801
-3004
-2130
-1211
-280
629
1488
2268
2945
3499
3917
4190
4314
4292
4129
3839
3436
2940
2372
1755
1111
465
-162
-750
-1282
-1743
-2122
-2412
-2609
-2713
-2727
-2657
-2513
-2305
-2046
-1748
-1424
-1088
-752
-426
-120
159
407
620
796
937
1045
1123
1175
1205
1219
1220
1213
1200
1183
1163
1139
1109
1071
1021
955
870
761
626
463
271
51
-193
-459
-740
-1027
-1312
-1582
-1828
-2038
-2200
-2304
-2341
-2303
-2187
-1990
-1714
-1362
-944
-469
46
588
1137
1672
2174
2622
2996
3280
3458
3519
3456
3268
2955
2524
1989
1366
675
-59
-810
-1551
-2252
-2886
-3426
-3849
-4136
-4273
-4251
-4067
-3726
-3236
-2614
-1882
-1067
-198
690
1565
2389
3131
3760
4249
4576
4727
4693
4474
4075
3512
2805
1981
1073
116
-849
-1787
-2656
-3421
-4050
-4516
-4799
-4885
-4771
-4459
-3961
-3297
-2494
-1584
-604
403
1398
2339
3184
3900
4455
4825
4995
4955
4708
4264
3639
2861
1961
978
-47
-1072
-2053
-2949
-3721
-4338
-4772
-5006
-5030
-4843
-4452
-3876
-3137
-2267
-1304
-288
738
1733
2654
3462
4125
4616
4915
5012
4903
4595
4102
3447
2658
1770
820
-150
-1103
-1997
-2797
-3471
-3994
-4347
-4518
-4504
-4309
-3946
-3433
-2794
-2060
-1263
-437
381
1160
1867
2477
2967
3321
3529
3589
3504
3284
2944
2503
1987
1420
829
242
-316
-823
-1259
-1610
-1865
-2020
-2074
-2033
-1906
-1706
-1450
-1154
-840
-524
-224
43
266
435
545
594
584
523
417
280
125
-34
-183
-309
-400
-446
-441
-382
-269
-107
96
332
587
847
1095
1317
1498
1625
1687
1677
1590
1426
1188
885
527
128
-294
-725
-1143
-1531
-1870
-2145
-2344
-2456
-2475
-2400
-2232
-1979
-1649
-1257
-819
-351
126
594
1035
1433
1771
2040
2230
2337
2360
2301
2168
1968
1714
1418
1095
760
425
104
-191
-454
-676
-856
-991
-1084
-1139
-1161
-1158
-1137
-1107
-1073
-1043
-1020
-1007
-1003
-1007
-1014
-1018
-1010
-983
-927
-833
-695
-508
-268
23
363
743
1153
1579
2002
2405
2765
3063
3277
3390
3387
3255
2989
2588
2058
1410
662
-160
-1032
-1917
-2782
-3590
-4303
-4888
-5313
-5554
-5590
-5411
-5014
-4405
-3601
-2626
-1512
-300
964
2232
3452
4573
5547
6331
6886
7184
7207
6948
6409
5606
4568
3330
1941
453
-1073
-2577
-3996
-5272
-6349
-7180
-7728
-7968
-7886
-7481
-6769
-5775
-4539
-3110
-1546
86
1722
3290
4727
5969
6964
7669
8053
8100
7805
7181
6254
5064
3660
2102
459
-1199
-2801
-4278
-5565
-6605
-7354
-7779
-7862
-7597
-6997
-6089
-4911
-3517
-1966
-329
1323
2917
4381
5651
6669
7389
7779
7820
7509
6860
5899
4669
3223
1626
-52
-1738
-3355
-4830
-6097
-7099
-7788
-8132
-8113
-7728
-6993
-5937
-4604
-3051
-1344
442
2231
3943
5503
6840
7895
8619
8977
8950
8535
7747
6615
5186
3517
1677
-255
-2200
-4075
-5800
-7300
-8510
-9376
-9860
-9937
-9602
-8864
-7751
-6307
-4588
-2664
-612
1483
3537
5466
7189
8636
9745
10471
10783
10664
10120
9170
7851
6215
4327
2261
100
-2069
-4162
-6093
-7788
-9178
-10208
-10837
-11043
-10815
-10166
-9120
-7720
-6021
-4093
-2010
143
2285
4329
6197
7817
9126
10075
10629
10769
10493
9813
8760
7377
5721
3859
1865
-180
-2200
-4113
-5846
-7333
-8519
-9361
-9828
-9907
-9599
-8920
-7901
-6586
-5030
-3296
-1454
420
2254
3977
5521
6828
7849
8547
8900
8896
8540
7851
6860
5610
4154
2551
868
-827
-2468
-3990
-5332
-6444
-7283
-7818
-8032
-7919
-7486
-6754
-5754
-4530
-3132
-1617
-48
1512
3002
4362
5538
6484
7164
7552
7634
7407
6884
6085
5044
3802
2411
926
-594
-2089
-3499
-4769
-5849
-6696
-7278
-7572
-7567
-7263
-6672
-5818
-4734
-3463
-2053
-561
955
2438
3830
5078
6132
6953
7510
7780
7755
7434
6832
5970
4883
3612
2205
717
-795
-2276
-3669
-4921
-5986
-6823
-7404
-7705
-7718
-7443
-6891
-6084
-5054
-3841
-2491
-1054
413
1858
3227
4468
5537
6394
7010
7363
7442
7247
6786
6080
5157
4053
2811
1478
105
-1255
-2553
-3742
-4778
-5624
-6250
-6636
-6770
-6650
-6284
-5688
-4888
-3917
-2812
-1617
-379
855
2041
3133
4092
4884
5481
5864
6022
5952
5661
5162
4479
3639
2678
1633
546
-542
-1590
-2560
-3415
-4125
-4667
-5023
-5183
-5145
-4914
-4502
-3929
-3218
-2401
-1509
-577
358
1263
2104
2851
3480
3968
4303
4475
4481
4326
4020
3578
3018
2365
1644
883
110
-647
-1363
-2014
-2579
-3041
-3388
-3612
-3710
-3682
-3534
-3275
-2917
-2477
-1971
-1417
-835
-245
336
891
1404
1862
2255
2573
2812
2968
3040
3031
2943
2782
2554
2268
1932
1554
1145
714
270
-176
-618
-1045
-1449
-1822
-2156
-2445
-2682
-2859
-2974
-3019
-2993
-2892
-2716
-2465
-2142
-1752
-1300
-795
-248
328
920
1511
2085
2624
3110
3526
3856
4086
4203
4199
4068
3809
3423
2917
2303
1596
815
-16
-876
-1735
-2565
-3338
-4027
-4606
-5054
-5350
-5480
-5437
-5216
-4821
-4259
-3547
-2703
-1754
-729
338
1414
2464
3450
4339
5100
5705
6132
6365
6393
6214
5831
5254
4503
3599
2573
1458
291
-890
-2046
-3138
-4130
-4989
-5685
-6197
-6507
-6606
-6490
-6164
-5640
-4935
-4075
-3087
-2006
-867
291
1431
2516
3511
4384
5109
5663
6030
6202
6174
5952
5544
4968
4244
3398
2460
1461
434
-586
-1568
-2482
-3299
-3995
-4551
-4953
-5191
-5261
-5166
-4912
-4512
-3981
-3341
-2614
-1825
-1000
-167
648
1421
2129
2752
3272
3678
3960
4114
4138
4037
3817
3490
3068
2569
2009
1409
787
163
-443
-1014
-1535
-1991
-2371
-2667
-2872
-2984
-3004
-2933
-2778
-2547
-2249
-1896
-1501
-1076
-637
-195
234
641
1013
1340
1616
1834
1991
2083
2111
2078
1986
1841
1649
1418
1156
873
576
276
-18
-300
-561
-794
-995
-1158
-1282
-1363
-1402
-1400
-1357
-1278
-1165
-1023
-858
-675
-480
-278
-76
119
305
476
626
753
854
927
970
983
966
922
852
758
644
515
374
225
75
-73
-215
-346
-462
-559
-636
-690
-719
-724
-704
-660
-595
-511
-410
-297
-176
-50
75
197
311
414
501
571
622
652
661
649
617
567
500
419
326
226
120
13
-93
-195
-291
-378
-455
-519
-571
-609
-632
-641
-635
-615
-582
-534
-474
-402
-317
-222
-117
-3
117
245
376
508
639
765
882
986
1074
1140
1180
1191
1168
1109
1012
875
699
486
238
-37
-336
-649
-968
-1281
-1577
-1844
-2071
-2246
-2358
-2398
-2359
-2236
-2027
-1732
-1356
-906
-394
167
761
1368
1967
2535
3050
3491
3835
4066
4167
4128
3941
3604
3123
2505
1767
927
13
-947
-1921
-2874
-3770
-4574
-5252
-5775
-6116
-6254
-6177
-5877
-5357
-4626
-3703
-2613
-1390
-72
1294
2664
3986
5213
6295
7189
7858
8269
8402
8242
7787
7045
6035
4787
3340
1740
41
-1697
-3415
-5049
-6539
-7829
-8868
-9616
-10040
-10118
-9843
-9219
-8262
-7003
-5481
-3747
-1861
111
2102
4040
5856
7484
8865
9948
10692
11069
11064
10675
9914
8806
7390
5716
3842
1833
-237
-2298
-4277
-6104
-7715
-9054
-10075
-10744
-11040
-10954
-10493
-9674
-8531
-7106
-5451
-3627
-1699
262
2191
4019
5684
7131
8312
9192
9746
9959
9831
9373
8608
7569
6298
4845
3263
1610
-54
-1674
-3194
-4565
-5745
-6699
-7402
-7837
-7999
-7892
-7528
-6930
-6126
-5150
-4043
-2847
-1606
-362
840
1966
2981
3855
4567
5102
5450
5610
5587
5390
5038
4548
3945
3255
2505
1722
932
161
-568
-1237
-1830
-2334
-2741
-3046
-3247
-3347
-3351
-3266
-3102
-2870
-2580
-2246
-1878
-1489
-1090
-689
-297
79
434
762
1059
1322
1547
1734
1881
1987
2051
2074
2056
1996
1897
1758
1583
1374
1133
865
576
270
-45
-363
-676
-975
-1253
-1501
-1712
-1878
-1994
-2054
-2057
-2000
-1883
-1710
-1484
-1211
-901
-561
-204
160
520
863
1177
1452
1678
1849
1957
1999
1973
1882
1728
1517
1257
956
627
281
-68
-410
-732
-1022
-1270
-1469
-1610
-1691
-1709
-1664
-1560
-1401
-1194
-947
-672
-378
-77
218
499
753
973
1149
1277
1353
1373
1340
1255
1123
949
741
508
260
6
-243
-478
-690
-871
-1014
-1114
-1167
-1173
-1132
-1045
-917
-752
-559
-345
-117
113
338
549
738
897
1020
1103
1141
1135
1083
989
855
686
491
275
47
-183
-408
-618
-805
-962
-1083
-1162
-1197
-1185
-1127
-1025
-882
-703
-495
-266
-24
220
459
683
884
1052
1182
1268
1306
1294
1232
1123
969
776
551
302
40
-227
-489
-734
-955
-1141
-1286
-1383
-1429
-1420
-1357
-1242
-1078
-872
-630
-362
-78
210
494
761
1001
1205
1364
1472
1524
1519
1455
1334
1162
944
688
404
103
-203
-504
-787
-1042
-1257
-1424
-1537
-1591
-1584
-1514
-1385
-1202
-971
-700
-402
-86
234
547
839
1099
1317
1484
1592
1637
1617
1532
1386
1183
931
641
323
-9
-344
-667
-966
-1227
-1441
-1598
-1692
-1718
-1675
-1563
-1387
-1154
-871
-550
-204
153
508
847
1154
1418
1628
1774
1849
1851
1778
1631
1417
1143
819
458
74
-318
-703
-1066
-1390
-1664
-1875
-2015
-2076
-2055
-1953
-1772
-1518
-1201
-833
-426
2
436
859
1254
1605
1897
2119
2262
2317
2284
2161
1952
1666
1312
902
454
-16
-492
-954
-1384
-1765
-2082
-2322
-2476
-2537
-2502
-2371
-2149
-1843
-1466
-1030
-553
-52
452
943
1401
1807
2146
2406
2576
2648
2622
2496
2277
1971
1591
1151
668
160
-352
-852
-1319
-1735
-2086
-2357
-2540
-2627
-2616
-2507
-2306
-2021
-1662
-1244
-783
-297
194
674
1125
1528
1871
2139
2324
2421
2426
2341
2170
1921
1604
1233
823
389
-51
-481
-884
-1246
-1554
-1797
-1968
-2061
-2074
-2010
-1873
-1669
-1409
-1103
-766
-410
-50
299
626
917
1163
1356
1490
1562
1571
1520
1413
1256
1058
827
576
314
52
-198
-429
-631
-798
-925
-1010
-1050
-1048
-1005
-926
-816
-682
-531
-371
-208
-49
97
229
340
429
492
531
546
539
513
471
417
356
291
226
164
108
58
17
-15
-41
-61
-77
-90
-104
-121
-141
-168
-200
-238
-281
-328
-375
-420
-459
-488
-503
-500
-476
-429
-357
-261
-140
0
159
330
506
680
844
989
1108
1191
1233
1228
1171
1062
899
687
430
136
-184
-522
-862
-1192
-1496
-1760
-1971
-2117
-2188
-2178
-2080
-1896
-1627
-1280
-865
-396
112
641
1171
1680
2147
2552
2876
3103
3221
3220
3096
2849
2485
2012
1446
805
113
-606
-1326
-2018
-2655
-3212
-3663
-3990
-4177
-4212
-4091
-3815
-3390
-2830
-2154
-1383
-547
324
1200
2045
2829
3519
4090
4517
4782
4874
4787
4522
4088
3500
2777
1947
1040
89
-869
-1800
-2668
-3440
-4086
-4583
-4912
-5059
-5021
-4797
-4398
-3839
-3142
-2333
-1443
-508
438
1359
2220
2990
3639
4145
4490
4663
4659
4482
4140
3650
3033
2314
1523
693
-144
-956
-1712
-2384
-2946
-3380
-3673
-3816
-3807
-3652
-3360
-2948
-2436
-1847
-1208
-546
110
734
1301
1790
2182
2466
2633
2680
2611
2432
2156
1800
1383
926
451
-18
-461
-857
-1190
-1445
-1614
-1692
-1678
-1575
-1393
-1142
-839
-499
-142
212
546
841
1083
1258
1357
1376
1313
1172
959
684
363
10
-355
-716
-1052
-1348
-1586
-1753
-1840
-1841
-1753
-1577
-1321
-994
-609
-183
266
719
1155
1555
1900
2174
2364
2460
2455
2350
2145
1848
1471
1027
534
12
-518
-1035
-1518
-1948
-2306
-2577
-2750
-2819
-2779
-2633
-2385
-2046
-1629
-1150
-628
-84
460
985
1470
1895
2247
2510
2677
2741
2702
2563
2329
2012
1625
1183
706
210
-283
-756
-1192
-1574
-1889
-2127
-2281
-2348
-2326
-2221
-2037
-1784
-1475
-1122
-740
-346
46
422
769
1073
1326
1520
1651
1717
1719
1659
1543
1378
1173
938
683
419
156
-95
-329
-536
-711
-851
-952
-1014
-1039
-1029
-987
-918
-827
-720
-601
-478
-353
-233
-120
-17
74
152
218
271
313
345
369
387
401
411
420
428
435
440
444
444
440
430
411
384
345
294
231
155
68
-28
-134
-245
-359
-471
-578
-675
-760
-827
-875
-899
-898
-871
-817
-737
-633
-506
-361
-202
-32
142
317
487
647
791
916
1017
1092
1139
1156
1142
1099
1027
928
805
661
500
325
141
-47
-238
-425
-605
-775
-931
-1069
-1187
-1283
-1354
-1397
-1413
-1398
-1353
-1276
-1169
-1030
-862
-666
-444
-200
60
335
617
900
1176
1439
1679
1889
2060
2185
2258
2271
2221
2104
1919
1667
1352
978
554
90
-402
-910
-1416
-1906
-2363
-2769
-3110
-3370
-3537
-3600
-3553
-3392
-3116
-2730
-2241
-1660
-1003
-288
462
1225
1977
2691
3342
3907
4363
4692
4879
4912
4786
4500
4059
3474
2760
1937
1030
68
-917
-1896
-2834
-3699
-4461
-5091
-5567
-5868
-5983
-5904
-5631
-5169
-4530
-3735
-2807
-1776
-674
461
1593
2684
3698
4598
5355
5942
6337
6528
6505
6269
5826
5191
4384
3431
2364
1218
32
-1154
-2303
-3375
-4334
-5149
-5794
-6246
-6493
-6526
-6346
-5961
-5383
-4635
-3743
-2737
-1653
-526
603
1700
2726
3650
4442
5077
5537
5809
5888
5775
5477
5008
4386
3635
2784
1862
902
-63
-1003
-1886
-2687
-3380
-3946
-4371
-4645
-4765
-4732
-4552
-4236
-3800
-3262
-2643
-1967
-1256
-535
172
847
1468
2019
2486
2861
3137
3310
3381
3354
3235
3033
2758
2423
2040
1621
1181
731
284
-150
-563
-946
-1293
-1599
-1859
-2072
-2234
-2347
-2408
-2419
-2381
-2294
-2160
-1982
-1761
-1500
-1202
-873
-516
-139
253
652
1048
1432
1794
2123
2408
2637
2802
2894
2904
2828
2663
2409
2069
1649
1158
609
17
-599
-1222
-1828
-2397
-2906
-3335
-3665
-3881
-3968
-3919
-3731
-3403
-2944
-2364
-1681
-915
-92
757
1606
2420
3170
3824
4355
4739
4959
5000
4857
4528
4023
3355
2546
1621
614
-438
-1499
-2528
-3485
-4332
-5034
-5562
-5893
-6009
-5902
-5573
-5028
-4286
-3370
-2313
-1152
70
1310
2519
3652
4664
5516
6174
6610
6805
6749
6441
5890
5114
4140
3002
1742
406
-956
-2295
-3560
-4702
-5680
-6454
-6996
-7284
-7306
-7060
-6554
-5807
-4846
-3705
-2426
-1058
349
1744
3075
4293
5352
6215
6850
7233
7352
7203
6793
6138
5263
4201
2993
1684
322
-1040
-2356
-3576
-4657
-5559
-6252
-6711
-6923
-6882
-6592
-6067
-5328
-4405
-3334
-2156
-915
341
1567
2719
3755
4638
5338
5832
6104
6148
5965
5566
4968
4197
3284
2265
1180
69
-1023
-2060
-3001
-3813
-4467
-4942
-5222
-5300
-5176
-4858
-4361
-3707
-2923
-2041
-1096
-127
829
1736
2559
3267
3833
4238
4467
4514
4378
4068
3597
2987
2262
1453
594
-279
-1134
-1932
-2644
-3239
-3695
-3991
-4118
-4070
-3849
-3464
-2932
-2275
-1520
-698
156
1006
1818
2556
3188
3687
4031
4204
4197
4007
3641
3113
2442
1654
782
-139
-1072
-1978
-2817
-3554
-4156
-4596
-4851
-4909
-4763
-4415
-3875
-3164
-2305
-1333
-284
798
1873
2895
3822
4614
5236
5661
5866
5841
5580
5092
4391
3501
2455
1292
55
-1205
-2442
-3606
-4648
-5527
-6205
-6653
-6849
-6784
-6455
-5873
-5057
-4036
-2847
-1536
-152
1252
2623
3906
5052
6014
6754
7242
7458
7392
7043
6426
5561
4481
3228
1847
393
-1079
-2513
-3855
-5052
-6060
-6838
-7359
-7603
-7560
-7234
-6637
-5795
-4738
-3510
-2158
-734
706
2110
3423
4596
5585
6355
6879
7140
7130
6853
6323
5563
4606
3490
2260
965
-344
-1620
-2813
-3880
-4782
-5488
-5975
-6230
-6246
-6030
-5593
-4958
-4154
-3214
-2178
-1089
11
1081
2080
2972
3726
4317
4727
4947
4973
4811
4473
3978
3350
2618
1813
970
123
-696
-1457
-2132
-2698
-3138
-3440
-3597
-3610
-3484
-3231
-2866
-2408
-1880
-1306
-710
-118
446
964
1415
1785
2064
2244
2325
2307
2197
2004
1742
1425
1068
690
307
-64
-409
-715
-971
-1168
-1303
-1372
-1377
-1322
-1212
-1056
-864
-645
-413
-177
51
262
446
598
711
783
813
801
750
664
549
412
260
101
-58
-209
-347
-465
-559
-625
-661
-667
-643
-591
-515
-417
-304
-179
-48
82
209
326
429
516
582
626
647
645
621
574
509
426
330
223
109
-8
-126
-240
-347
-445
-531
-602
-657
-694
-712
-710
-689
-648
-590
-513
-421
-315
-198
-71
60
194
327
454
573
680
769
839
886
907
901
866
801
708
588
443
278
95
-97
-296
-494
-684
-858
-1010
-1134
-1224
-1275
-1284
-1248
-1167
-1042
-875
-672
-439
-182
88
364
634
888
1116
1308
1456
1552
1592
1572
1491
1350
1154
909
622
305
-30
-373
-707
-1021
-1300
-1533
-1708
-1819
-1858
-1824
-1714
-1534
-1288
-985
-638
-260
134
528
906
1251
1547
1781
1943
2024
2018
1926
1748
1491
1164
781
357
-90
-543
-981
-1385
-1737
-2020
-2220
-2327
-2335
-2241
-2047
-1759
-1387
-946
-454
68
600
1119
1600
2023
2368
2618
2759
2784
2687
2471
2141
1709
1192
608
-18
-662
-1296
-1892
-2426
-2871
-3208
-3420
-3493
-3423
-3208
-2853
-2370
-1776
-1092
-346
433
1216
1969
2660
3261
3744
4086
4271
4288
4132
3806
3319
2687
1932
1083
171
-769
-1701
-2586
-3390
