577198
584167
588574
593339
594157
599121
603115
607930
608375
611315
614306
617753
616927
619498
622899
625446
626144
625278
627465
628244
630625
630085
631875
632767
636718
638955
640453
644850
648438
652563
652546
656783
660147
664326
665725
666312
669381
670805
674861
674913
679594
682695
685590
687042
686830
689328
692653
696142
693930
696561
698390
699348
698134
696498
697224
698247
701187
698878
701539
704479
707347
708631
708228
712079
715472
719570
718918
721171
722923
725617
725904
726220
730124
731999
733482
731060
732589
735009
738651
737504
740057
743594
747156
749520
749777
752666
754174
757637
756469
759023
758197
757878
756202
760928
794622
874054
946533
949282
948504
943341
944598
938348
931575
935472
929280
920435
899131
889436
879581
876466
873870
870150
858468
844342
828801
821106
804293
794646
781366
781116
794785
810289
808184
788751
780427
775441
766682
754025
739178
726545
786336
962882
1045520
1000471
991052
993556
1005502
1007132
1013032
1002829
958816
918821
903122
913372
928520
952468
972150
982194
974500
967985
963926
968747
959282
841281
751400
721788
735087
769106
662546
583724
564404
565816
581005
588208
582384
569735
558892
568449
583359
586038
586613
585634
585206
579014
576574
573589
572007
569477
567440
570719
573462
577716
576524
577990
581522
582159
582014
579779
582672
584059
587515
587883
590672
594106
597083
596139
593570
596065
595831
597015
594324
596009
597623
601841
605158
607893
612689
614754
617784
615990
618481
621057
623543
624590
625443
629707
633822
640399
639710
641184
642184
643149
642572
641873
645571
647353
650527
649828
653146
655857
658527
658871
658106
660101
661600
664202
662669
666684
669420
674259
675552
677352
681298
684356
687327
686239
689996
692966
697078
698533
700092
704317
707168
711475
711738
715055
718007
721379
722970
721674
723377
723735
725743
722776
724993
726353
729236
731911
733887
737029
739337
742604
741887
745660
748543
753280
753319
754310
758742
762893
767051
767927
771232
772594
776452
776413
779141
783121
786215
789458
788761
793149
796092
800714
801344
804054
806255
809573
812170
812453
816173
819137
822999
821637
824708
827935
833546
835589
835943
838393
839893
842028
840730
843808
846407
851639
851934
856900
862348
868336
871796
873207
876488
879355
882247
880988
886613
890992
895822
896805
899321
902354
905089
905172
905798
909797
913188
916440
916295
921432
925080
929349
930206
933789
936122
939305
938144
940462
942792
946491
946592
948117
950595
952020
952080
949624
950371
951415
953063
950753
953614
955016
957503
956915
957570
958415
958845
958373
955354
957545
959003
961829
959336
961403
963077
965493
963422
961831
962895
964953
966416
964534
967754
969435
973507
972736
975456
976843
978824
976454
976969
978498
979922
979439
978683
980769
981272
982945
982124
985144
986027
987641
983999
983124
982744
982964
979390
977452
977063
978358
978233
976107
977979
979486
979831
977552
980877
983365
986070
983881
987272
989907
994627
995820
999644
1002583
1005457
1005135
1003448
1005274
1006215
1007348
1003980
1006204
1007640
1010485
1009328
1010422
1012489
1014624
1014845
1013153
1014997
1015581
1017750
1015200
1016646
1017201
1019700
1018533
1018565
1020431
1022656
1024384
1022236
1023352
1023501
1025778
1022528
1022033
1022632
1024679
1024961
1024934
1027894
1029025
1031564
1029300
1031009
1032887
1035160
1034057
1033796
1036154
1038744
1042563
1040963
1043194
1044679
1046397
1044966
1044790
1046657
1048594
1049811
1047968
1051542
1053132
1055920
1054860
1056046
1058415
1060542
1061646
1059610
1062058
1062888
1065385
1063410
1064342
1065683
1067380
1068643
1067319
1068918
1070670
1074213
1073862
1075232
1076205
1076475
1074278
1072066
1074138
1075836
1079023
1077872
1078283
1078171
1078969
1078636
1076938
1079885
1080983
1082734
1080203
1080920
1082528
1085066
1085695
1084053
1086406
1087561
1089901
1087798
1088616
1089758
1091753
1092645
1090809
1092877
1093808
1095297
1093087
1092542
1092361
1092787
1091921
1088249
1088598
1087402
1088263
1084749
1084619
1085129
1085376
1084610
1082458
1083553
1084107
1085962
1083407
1084204
1084203
1085637
1086334
1084739
1084946
1085303
1087046
1084601
1084544
1084310
1085120
1084435
1081928
1083197
1084062
1086411
1083675
1084215
1085316
1087973
1087544
1086384
1087876
1088349
1090359
1086839
1087959
1089637
1091857
1092217
1091679
1093902
1094119
1096077
1093543
1094906
1096279
1098354
1097433
1097347
1099902
1100770
1102628
1100347
1101168
1102351
1104712
1102663
1104286
1106118
1107172
1107022
1104531
1107106
1109737
1111984
1109258
1109285
1108795
1108700
1106109
1104906
1107900
1110835
1114674
1115425
1120077
1123704
1128580
1129520
1132430
1137028
1141401
1144076
1144204
1148201
1150205
1153586
1152463
1153200
1153236
1154975
1152039
1151760
1152578
1153180
1150978
1149740
1148853
1149370
1145395
1143680
1144371
1146799
1144092
1142802
1143541
1144824
1143800
1141941
1141573
1141877
1140998
1138369
1139050
1138862
1139143
1137279
1139254
1139736
1139920
1136310
1135881
1135973
1137658
1135695
1135942
1136732
1137629
1138206
1135543
1136677
1136073
1137019
1134015
1134213
1134801
1135975
1134773
1133157
1133543
1133563
1133415
1129767
1131341
1131569
1132565
1130631
1130876
1131018
1131929
1132705
1130178
1130399
1129453
1131710
1130619
1131865
1133407
1134909
1135915
1134657
1136901
1136818
1138761
1137197
1138227
1139770
1142188
1143286
1139972
1140634
1139666
1140854
1137616
1135382
1135822
1136370
1136750
1133142
1133598
1132939
1133956
1133814
1136301
1137993
1138678
1139700
1137246
1137507
1135395
1137490
1135383
1134977
1134834
1134943
1133880
1130520
1130421
1130371
1131783
1128102
1128018
1128102
1129228
1128510
1127144
1128159
1128147
1130211
1128394
1130050
1131193
1132500
1131597
1130815
1132853
1133359
1134628
1133831
1137729
1138597
1139960
1137943
1136857
1138114
1137472
1137643
1134279
1135057
1135301
1137075
1136231
1135406
1135797
1135483
1136137
1132005
1132178
1132311
1134388
1131895
1131956
1133454
1133850
1135546
1133149
1134010
1134322
1134831
1133030
1130189
1130942
1131286
1132025
1128171
1128945
1129493
1130512
1130172
1128651
1129943
1130375
1132379
1129963
1130973
1131680
1133740
1133556
1132462
1134513
1135415
1136912
1133953
1134984
1135223
1136723
1134357
1134304
1134890
1135199
1135943
1133445
1134101
1134490
1135492
1132663
1133456
1134709
1136924
1136380
1134828
1136853
1138584
1141002
1139493
1141459
1142290
1136912
1129958
1131354
1134672
1137610
1139426
1138275
1141216
1142781
1145471
1144347
1145853
1147911
1151808
1153338
1153942
1157054
1158990
1161085
1159358
1162070
1164011
1166769
1165117
1164545
1165555
1166369
1165480
1163308
1165179
1165677
1167418
1164908
1165719
1165547
1167086
1165793
1165360
1166274
1167919
1167848
1166380
1168589
1169246
1169681
1166370
1167556
1167492
1168322
1164892
1163935
1164942
1166889
1164760
1163610
1164132
1164786
1165032
1162989
1164302
1165029
1165412
1162222
1163729
1164661
1168107
1167056
1168540
1169603
1171433
1170263
1169285
1170794
1171902
1172833
1170292
1170636
1170373
1172340
1170424
1171529
1173097
1174136
1173498
1171940
1173779
1173861
1176263
1174859
1175940
1176766
1178717
1177975
1178625
1180604
1181957
1183331
1181282
1184069
1186573
1189384
1189011
1190342
1191720
1193155
1194019
1192164
1194580
1196138
1198294
1197787
1200070
1200876
1202053
1200992
1198721
1198929
1199484
1199520
1196342
1198361
1199704
1202236
1201206
1201810
1202251
1202503
1201730
1198165
1198990
1198230
1199179
1195423
1195122
1195339
1195569
1194398
1191916
1192081
1190256
1189531
1185375
1185776
1186303
1187354
1185522
1185409
1186671
1187533
1188073
1185261
1186032
1186516
1187098
1183064
1183397
1183536
1184148
1182975
1180955
1181623
1181648
1182475
1179693
1180505
1180222
1179932
1176911
1177292
1177929
1178722
1180035
1181139
1183275
1183709
1186262
1184300
1184587
1184725
1185074
1184450
1184075
1185937
1186874
1186912
1183046
1182562
1181966
1183835
1180807
1180296
1180750
1182019
1180803
1180982
1182755
1182630
1182623
1178879
1179058
1178308
1179544
1177569
1176478
1177459
1179026
1181313
1179194
1178988
1178291
1180240
1178130
1176010
1175469
1175836
1175365
1172104
1173029
1173375
1175396
1172268
1171296
1170555
1170842
1169205
1166711
1167301
1166869
1167660
1164947
1166696
1166965
1168236
1166613
1166391
1166811
1168129
1167587
1164557
1165426
1165826
1166898
1164572
1165748
1165564
1167395
1166378
1166190
1166049
1166286
1164229
1161041
1160809
1160854
1160907
1155708
1155605
1154807
1155418
1153100
1152524
1153221
1154530
1153732
1151451
1153245
1155000
1156420
1154401
1155374
1154905
1156637
1156051
1158991
1159792
1160699
1158733
1157660
1159165
1160467
1160213
1157552
1158742
1158491
1159217
1156433
1156632
1156353
1157620
1154693
1154490
1154252
1155260
1153464
1152641
1153743
1155015
1154280
1151354
1152215
1152124
1152771
1149095
1149001
1148836
1150231
1147643
1147226
1147571
1148361
1147980
1144667
1143995
1141628
1140407
1134304
1132974
1132636
1133577
1133279
1131931
1133368
1134262
1136484
1134822
1136101
1135690
1136041
1131820
1129513
1129493
1129166
1128701
1124617
1124450
1122914
1123408
1120180
1117532
1116734
1117139
1116735
1113907
1115089
1114590
1115826
1114135
1114531
1116161
1117517
1118075
1115404
1116492
1116634
1118215
1115451
1115604
1116794
1116594
1115626
1113339
1113572
1113718
1115520
1112622
1113631
1114482
1114531
1112356
1109856
1107983
1106367
1106908
1103561
1102800
1101882
1102083
1098627
1097895
1098179
1098864
1098293
1094711
1095074
1094710
1096134
1093982
1092961
1092332
1093372
1092425
1089172
1090350
1090360
1091447
1088634
1089554
1089562
1090815
1089907
1088296
1088732
1088175
1088227
1084718
1084889
1085067
1086965
1083689
1083173
1083413
1083783
1082502
1080566
1080175
1080294
1080382
1076646
1077438
1077578
1078578
1075354
1075954
1076242
1077452
1075921
1073562
1073103
1072637
1071083
1068354
1069366
1069528
1070997
1067994
1068674
1069631
1071800
1070527
1068919
1069625
1069679
1070330
1066393
1066640
1067064
1068651
1066312
1064364
1064683
1064430
1064637
1060565
1060335
1060082
1061542
1059193
1058323
1059668
1060478
1061117
1059052
1060464
1061508
1063438
1061215
1061364
1061300
1062190
1061183
1058926
1060033
1060777
1061969
1059390
1060543
1060638
1060938
1058066
1056294
1056720
1056672
1055617
1052407
1053381
1053786
1054841
1051367
1051371
1051741
1052197
1049540
1047552
1048068
1048890
1048982
1046341
1047139
1047787
1048501
1046027
1045998
1045808
1046933
1044392
1043654
1044100
1044753
1042787
1040480
1041052
1041831
1042184
1038745
1038612
1038859
1039771
1036770
1036873
1036307
1037269
1034471
1033156
1033628
1034384
1033683
1034584
1039997
1043649
1046565
1044846
1046192
1047023
1048595
1046764
1047661
1048409
1050407
1049961
1049496
1050915
1052581
1052992
1051643
1053044
1052405
1053349
1050867
1050701
1050510
1051392
1048722
1047566
1047670
1047723
1048518
1045659
1047096
1046310
1044664
1045551
1045630
1046259
1047271
1044448
1044166
1043332
1043942
1043542
1040691
1041825
1041930
1043008
1040397
1040348
1039357
1040015
1036885
1035428
1037340
1037908
1036762
1035162
1036949
1038037
1040129
1038002
1038930
1039480
1040994
1038824
1038996
1039402
1041219
1041965
1038805
1038177
1038606
1039469
1036937
1037416
1037073
1037968
1034035
1032493
1030892
1031344
1029415
1025647
1025564
1025514
1025995
1023220
1023937
1024854
1026241
1023905
1024613
1025505
1027060
1026564
1025294
1026153
1026866
1027750
1024998
1025907
1026378
1027793
1025431
1025002
1025437
1026252
1026248
1025626
1028192
1028621
1029411
1026029
1026038
1025610
1026822
1024372
1023871
1024647
1026091
1025843
1023801
1024357
1024305
1025748
1022165
1021343
1020590
1021040
1017537
1017170
1017310
1018050
1017295
1015409
1016318
1016537
1015990
1012995
1013727
1013842
1015502
1011652
1010929
1011096
1011780
1011159
1009466
1009571
1009801
1010213
1006724
1007434
1007656
1008204
1005265
1005632
1007212
1009703
1008871
1007287
1008384
1009197
1009746
1007230
1008309
1008863
1010201
1007959
1009450
1009799
1011277
1009943
1009247
1009781
1010697
1010536
1008780
1010166
1010920
1012642
1009586
1010151
1010595
1012044
1011090
1009734
1010567
1011242
1012002
1008933
1009296
1008633
1010073
1008365
1007974
1009166
1010377
1010632
1008787
1009815
1010106
1011035
1007616
1006911
1006925
1007193
1004948
1002867
1003523
1003513
1003997
1001224
1001882
1002508
1004045
1000625
999423
1000131
1001431
1001121
998704
999907
1000617
1001427
999354
999497
998600
999712
996760
995204
995770
996545
994848
993494
994760
995305
996620
993790
993823
993938
995186
991884
990955
991811
992955
991149
988759
989715
989077
989127
985822
986595
987818
989886
987824
986014
987093
988178
988614
985676
986896
987956
990134
988573
988539
989279
990375
988713
986270
987309
987704
988511
985352
985996
985936
986797
983953
983657
984243
984578
983873
981434
981910
982080
983127
979573
980207
979963
981078
978658
977639
978388
979749
979701
976871
977110
976742
976846
973134
973074
973404
974691
971825
971129
971646
971770
970962
967405
967335
967061
967951
964451
964204
964148
965130
964519
962585
964479
966023
967674
965137
965304
965228
967324
965620
964133
964737
965439
965651
962520
962613
962228
963364
960752
960006
959929
961750
959394
957823
959017
960867
961922
959841
960555
961012
963260
962858
963973
964885
966289
965044
964435
965563
966661
967556
965362
966007
965947
967319
965525
965689
966314
966954
964788
962242
962443
962606
962772
960203
960633
960508
961716
959092
959012
959166
959827
956927
957008
957757
959590
958748
957309
958157
959144
959046
956434
956579
956218
956857
952313
951418
950715
952036
951269
951293
952891
955764
957414
954655
955851
956507
957527
954089
954484
955036
956605
955237
953159
952943
951934
951930
948798
949876
950716
952927
951753
951558
952345
952433
953936
951119
950809
950194
949808
947629
945922
946891
947710
949706
947665
949652
951315
953329
951528
950661
951087
952113
951572
948723
949252
949525
949799
946561
946461
946147
947386
945411
945830
946322
948062
950312
957109
961763
966921
968210
968848
971017
973906
971706
970107
969009
969551
967204
968129
969360
971778
970022
971407
972388
973973
971940
971998
971548
971659
968641
967233
967880
968606
967672
964878
965207
965094
965982
962886
962947
963723
965061
962244
961498
961328
961803
961121
959173
959425
959694
960375
957131
957574
957036
958039
954774
954668
955039
956269
954800
953992
954448
955395
955265
952645
953458
954773
956277
953589
954743
955934
958471
957129
956811
957857
959657
959389
957562
958813
959289
960595
958542
960066
960690
962162
961680
959973
960345
959954
960195
956492
957232
957247
958399
956561
953666
949845
939619
932824
929949
930134
930137
929168
927183
928071
929336
929849
928719
931657
933893
936931
936601
937707
937327
939509
938123
937500
938292
939293
936217
935736
938751
942965
943637
944334
946701
946920
945565
942841
942920
942303
942971
940488
940357
940755
942673
942229
943069
944582
946477
945233
941111
937041
938065
939979
939732
940738
941654
940101
937837
937600
938416
937695
934700
935106
937311
937724
937470
938229
938517
940023
942056
945442
947563
946951
946908
947920
950385
949785
950426
951699
953703
952433
952398
953695
955755
955412
956749
958696
960384
959725
959713
960693
962169
960700
959614
961186
962786
963654
963204
965030
965301
965912
963806
965484
966381
968395
966197
966671
966786
968462
967468
965447
965705
965644
964905
961982
962801
962832
965043
963598
963960
965094
965706
965042
962522
963088
963394
964903
962145
962868
963960
965229
964197
963478
964395
965431
966322
963874
964979
965850
967644
965317
965767
966446
967717
965181
959614
955176
951951
950844
947699
947237
949298
955054
954811
956334
957158
958728
957431
956639
957985
960235
959797
957828
959012
959842
960225
958227
960220
961915
962518
960753
962133
963487
963459
961235
962380
963498
962747
959502
960626
961651
962559
960050
960981
961963
964283
961598
962155
963443
965589
965482
964388
965485
965361
965356
962425
962318
962461
963247
960770
960119
960806
962587
962858
961550
962986
964265
966113
964820
964969
964967
966235
964270
964530
965209
966222
965385
964231
964291
964730
965351
962752
962997
963296
964103
960767
961156
961392
963619
962722
961584
962461
964173
965149
961131
960813
961401
962198
959283
960204
961183
963767
963342
962476
964945
966705
968818
966992
968616
969469
971399
969340
967493
968355
969057
970718
968895
969956
970495
972397
970366
970646
972080
973059
974017
972596
973828
973683
973519
970579
971098
970169
968384
966261
970534
973398
976017
975973
976500
979034
981327
982083
979981
982272
984194
986458
984851
984790
984914
985889
983389
982843
983809
984839
984484
981431
981840
982523
984195
979994
979416
977641
975328
965581
959571
958194
958697
960426
960126
962818
963820
965432
963453
965505
967439
970447
970987
970998
973245
973546
973896
971788
975040
977531
981167
981232
980878
982945
984359
985062
983369
984770
984805
987191
986250
986158
987748
988392
989129
987496
988739
989613
992279
990090
989968
991326
992748
993900
993316
995545
996754
998758
995968
996915
998214
1000738
1000739
999156
1000038
1000187
1000695
996631
996606
996355
996850
995116
993099
993523
993090
993358
989947
990061
989840
990725
989392
988842
989653
990414
991530
988507
989370
989401
990348
988231
987507
987886
988625
989847
987566
988687
988647
989544
987741
988663
990058
991167
989761
987885
988993
988914
988255
985068
985408
985649
987224
984728
984085
984958
986563
986652
984934
986212
987265
989297
986997
987491
987991
989798
987696
985966
985952
986725
987112
984794
985638
985749
986980
984493
985137
985638
986684
984975
983830
984784
985443
985596
982410
982732
982587
983658
981238
980056
980360
981330
982596
979752
981000
983220
987418
986112
985416
985928
986301
986297
983152
984297
984076
985268
982915
982323
982531
983198
981326
978269
978896
979396
980210
977092
978082
978644
979878
976477
975314
974528
974117
971635
969133
969129
969360
969139
966048
966527
966183
966783
964160
963529
963098
964886
963747
961359
962253
962851
963677
960550
960868
961409
963493
961571
960531
961341
962084
961879
959366
960225
960480
961819
959880
961724
962863
963261
962709
960782
960955
960586
961310
957638
957790
958125
959383
957446
956676
957648
957870
958318
955484
955967
956251
957791
955164
956051
956966
958450
958399
956075
956606
956538
957701
954968
956303
957034
958431
956760
956621
957641
958906
959270
956752
957644
957456
958482
955093
955006
955150
956700
954639
954050
954600
954738
954664
953121
954082
954885
955802
952828
953561
953962
955629
952939
952290
952536
953468
953084
951287
952044
952304
953118
949789
949517
948758
949713
946729
945077
944640
944552
944886
942580
943120
943826
946356
944115
943636
943422
944053
944095
943731
945581
946309
947354
945258
946623
947780
949805
947299
947261
947978
949642
949484
947358
948627
949265
950188
947553
948098
948565
950379
947993
946816
947713
956546
958331
955615
956243
957018
958203
955414
956142
956551
958737
958334
959639
960158
961433
961672
961859
962744
961583
958979
957362
957701
956391
954584
956041
955891
956528
959681
959544
962087
964009
965941
963574
964202
965851
967315
965553
965760
966758
967164
965337
963444
963333
964732
965348
963825
963492
963973
963438
961798
963178
966992
969615
970621
974623
978723
980606
979354
980993
982001
983204
981150
982237
983911
986340
984548
985594
985973
987147
984783
984325
984707
985962
982641
978638
980466
981756
979630
976676
976956
975565
975502
974250
977577
979125
980484
977945
977184
976418
976982
976506
975127
976097
976806
975600
972268
973342
973497
973944
970596
969712
969670
970663
966671
966410
966681
968762
966579
965657
966864
968446
967802
965495
965897
966627
967066
964210
965069
965871
967460
965312
966954
968024
969671
967426
967246
968006
969721
968703
967862
969424
970499
971367
969213
969923
970955
972113
968369
968246
968283
969895
967725
967621
967915
969655
968344
966669
967587
967996
967056
964061
965184
965555
965942
962613
963567
964341
965563
962335
959942
958218
959267
956088
954148
954302
954666
952671
949112
947720
947276
947674
945081
947249
947968
948804
944168
943372
943543
944834
944279
943891
946206
950702
952808
950656
950412
950613
948382
945901
946964
947745
945549
943974
944809
944763
943907
943103
946051
949280
950876
948686
949589
949465
949210
945917
945647
944794
945277
942059
941893
941566
941875
938391
936848
936265
937452
936872
937592
940213
941567
941608
938603
939042
939682
941381
938529
939434
940246
941000
939149
937402
938341
938258
937924
934984
935837
937538
940792
939348
938371
940339
942445
944154
942299
943056
942929
944287
941899
939836
940017
940331
940702
938042
938023
937932
943138
945909
946127
946520
947338
946422
944590
945806
946548
948555
946655
948335
948441
949184
946950
945645
946643
947194
947333
944077
943741
943019
943269
939222
938961
939231
940402
939702
938313
939893
941501
942605
940220
941895
942250
942727
940180
939246
939985
940745
941591
939730
941344
942232
943429
940674
941096
941929
942995
942253
940060
941310
941916
942840
939016
936359
932589
930064
925171
920235
919008
918972
919218
915574
916228
916592
917875
915649
915543
915588
914620
912137
910060
911071
911555
913103
910254
911172
911606
912800
910885
909918
910343
910706
909024
905615
905842
905517
906228
903836
905149
906516
909034
907427
906277
907165
908288
907583
906149
908140
909037
911238
908892
909837
911544
913289
911047
910655
912646
913940
913904
911343
912215
911918
912564
910079
910846
911690
911968
911487
911283
912854
914095
916234
914759
916761
917883
919032
915855
916307
916702
918324
918886
920924
923933
925930
927577
926128
927559
928103
929830
928869
928827
930085
932754
932682
931576
932017
931370
930831
927779
928136
928342
928216
923754
922401
921121
920959
918492
917912
917938
919073
919130
917594
918789
919704
921061
919082
919859
921029
923732
923323
923606
925069
927037
924808
914503
910829
911234
911904
908721
908906
909192
910094
907436
905178
905130
906085
908082
907011
908295
909317
909367
904332
901843
904539
907437
908023
906624
908764
909303
909656
906604
905742
905663
906656
906614
903709
902009
900593
899593
895787
895919
895991
897811
896981
897987
899242
901331
899463
898773
898357
898489
897384
897119
899343
900812
903051
902721
904605
906330
907632
905466
906311
906961
906242
904780
902036
902547
902074
903096
900853
901440
902433
903840
904041
903483
904637
904308
905317
902634
902748
903650
905718
904714
903130
903555
904150
903359
900405
901086
902039
901168
897819
898247
898974
898162
895411
896719
897453
898488
897883
899746
901633
903913
902224
902975
903694
903977
901055
902231
902819
903530
900644
900266
899907
900504
899740
897874
899057
900453
902898
901496
903105
904746
906324
906932
907571
909439
909924
910309
907954
909331
909534
908515
905447
907143
908166
909990
907393
907453
907976
909870
907987
906396
905845
906934
906354
904112
904628
905375
905273
903555
905285
906342
908178
905997
906887
908286
910840
908858
908433
908169
908745
906984
906488
907947
908341
908641
905822
906786
907109
908624
905802
905163
905402
905793
906115
903606
904757
906077
908973
907327
906962
907971
909499
909385
905676
905415
904572
904007
900085
898685
898154
898869
896740
894290
895026
895369
894817
890828
890809
891020
892226
889685
889606
889822
890815
889668
888420
889594
890985
893267
891410
893071
894024
894996
892711
892635
893355
894454
894187
892003
893822
894860
896472
894058
893910
893992
894452
892446
889424
889340
888807
888175
884646
885247
885370
886106
883359
883824
883730
884680
881834
880583
881161
882003
881394
879182
880315
880529
881815
878811
879228
878453
879117
876115
875016
876257
877191
877532
873907
873261
872857
874306
871554
868945
868635
869036
868370
865734
866050
866513
867394
863419
863233
863169
864296
861902
861537
862401
863729
863125
861338
861983
862229
862032
858274
858671
858443
859515
856656
856212
855602
856279
854788
853835
855075
856183
856540
853052
853359
853699
855429
852773
853595
855264
857076
857353
856119
858111
859838
862625
860998
862686
863266
864624
863246
862130
863206
864257
864564
862468
864248
865278
868347
866690
866013
865724
866522
865380
861486
860127
858644
858683
855299
855724
855445
856331
853328
852149
852412
853439
853385
851514
852462
852038
852580
849478
850489
851035
852555
850514
850459
850846
850795
849996
846461
847174
847271
848223
845293
845140
844846
845181
844596
842400
843279
843572
844330
841800
842218
842046
843546
841966
840663
841819
842900
843410
840531
840779
840493
841590
839276
839179
840242
841368
842572
839461
839709
840635
842232
840062
838466
838169
838305
838827
833339
832194
831033
830728
828580
826484
826975
827067
827368
825236
829154
832137
824833
813682
808507
802710
798026
789216
783783
781478
781522
778375
776776
777003
777573
774867
772945
773723
775081
775303
772956
773120
773450
773659
770412
770105
769632
769755
765702
765321
765632
767263
765605
764780
765470
767317
767500
765614
767158
768603
770933
769442
771234
772286
774249
773885
773702
775119
776256
776473
772842
773203
773776
775716
773199
773504
773813
775296
776627
775395
777079
778192
779107
776339
777594
777717
778755
776276
775783
776462
777828
778012
776201
777645
778307
779462
776842
777484
777659
779739
778500
777778
778875
779230
778451
772653
772952
773434
775450
771875
771543
772959
774582
774880
772686
773476
773472
775217
772595
771802
772528
772752
772474
769406
771488
772234
773435
771501
770872
772244
773295
774537
772322
774281
776495
779207
777827
776604
778254
779881
781721
779747
781040
781970
783895
783125
781523
782025
782507
782433
778968
779491
779313
780630
781530
783931
784929
785559
785984
782853
783893
784332
786475
785837
784684
785370
787502
790942
792705
794573
785186
778637
774549
774660
775867
777612
776547
775067
776257
776200
776165
773241
774156
774401
775471
772305
772173
773657
774676
776055
775202
777053
777736
779896
778057
777722
778884
780056
781006
777683
778773
779513
781140
780461
780263
781603
782270
781937
779990
781946
782719
783268
780934
783297
784720
784371
781917
781350
781779
785192
793566
789994
783055
778164
774390
764969
761786
760364
758536
752663
744214
741374
741949
740858
740008
741593
742089
740537
737657
738556
740640
741090
738241
738349
737693
737049
733544
732603
732637
734210
732013
732016
733027
734901
733148
734080
734595
735346
734044
734290
734304
735441
733049
731286
731597
733325
731996
731044
731337
731626
730147
728889
729593
731018
730884
728892
730054
731259
732635
730170
731298
731773
733219
731051
730176
730328
730360
730332
726964
727598
727704
728778
726956
725377
725762
726134
727295
724546
725852
727259
729484
728378
727205
728100
729223
729730
726223
727266
727855
728941
727000
725751
725927
726457
726846
723547
724442
724746
725837
723392
723151
723777
724540
724090
722172
722934
723620
726306
726412
732593
744636
749122
741761
734082
729296
724916
726288
731827
738448
741567
742616
740492
742559
744078
747865
750144
757980
765354
769403
768796
768689
768339
768237
767319
764933
764769
765372
764905
762030
762891
764603
767084
765837
767487
769649
771230
769570
771620
774502
777239
775596
777765
778773
779037
776265
778207
779966
781907
780151
781899
785373
786607
783871
783694
783838
783871
783451
781997
782954
783429
782576
780532
781408
781707
781623
778073
778847
780092
781136
777810
778228
778685
779714
777258
777032
778612
781544
783558
782816
785095
788427
793996
793544
795553
796864
797606
795544
792296
792267
792593
794096
792114
794243
796766
800414
800645
800618
803651
805123
806484
804279
805898
806657
808971
807476
807269
808343
809882
809590
807120
808186
808765
809593
806190
806859
808434
811537
810239
810328
813052
816334
818010
817616
820487
822494
822995
821111
822917
821097
818102
813108
814649
817184
819276
814377
809813
806645
806985
803897
803674
804758
811187
819285
826273
833785
838943
842868
841973
844462
846436
848971
848929
851542
853334
854770
852357
851985
853705
856794
858188
858363
860254
861724
862486
859670
859890
860139
861326
860346
860630
857135
857486
858636
861285
864468
867788
868479
867574
868913
870077
870458
869015
870839
871285
870808
867434
867568
868569
870631
868995
870935
871771
873432
873193
873547
875767
877040
878242
875916
876839
876431
877756
875816
875644
876709
878257
879223
876907
877707
878451
880652
878604
878732
879616
881654
881220
879558
881228
881581
882944
880378
880690
880978
881620
880326
878331
880203
880802
881754
878711
879488
880420
882407
881971
880426
881583
882474
883757
880024
879533
880435
883149
881306
879721
880110
880395
880799
877312
877987
879147
881442
878810
877352
877726
878095
878302
874458
874929
876070
878659
876716
877010
877971
879094
877110
875160
875473
876093
878007
876943
878668
879338
880468
879054
876658
876896
877384
877747
873962
874401
874863
876852
876441
875504
876382
877490
878150
874117
873767
873006
873758
871190
870420
871372
872569
873505
871043
871837
871822
873058
870357
870433
871125
873036
871862
869818
870724
870774
871607
869014
869046
869123
870606
867924
865817
866441
867180
867171
863858
864152
864023
865459
863278
862916
863433
864722
865335
863733
864859
866014
868361
865272
866387
867372
868653
867000
865628
865884
866366
866882
863590
864215
864533
866197
863012
862538
862469
863096
862425
859987
859703
859830
860695
857711
858597
859042
860907
858699
858962
859377
860566
860684
858771
860197
860478
861805
859279
859762
859762
860203
858226
855310
855504
856036
857277
855014
855798
856107
857354
856421
854712
855958
857127
858527
851836
850967
851669
854616
855039
854130
854488
854377
854128
850550
851167
848179
846783
843553
842115
843554
844295
845854
844005
844878
845477
847012
845603
842876
843697
844153
844595
841147
840729
840315
841699
841837
840189
841007
841240
842119
838548
838989
839141
840667
840271
839905
840990
841851
842937
840020
840114
840118
841091
838340
836543
836500
836910
836712
833825
834969
835445
838042
838502
839216
840584
842791
843022
841071
843689
845012
846016
843144
843218
842284
842256
841230
839528
840161
840987
841979
839556
840164
840418
841551
839253
840532
842266
845070
843179
844248
845612
847987
846583
844418
840675
839730
830747
823710
819918
819351
816016
815303
814168
815195
812900
813715
814219
815743
811826
810567
809936
810552
806907
806247
806163
807427
805356
804411
804476
804817
803457
801010
801751
801566
801624
799469
800049
801196
803216
799859
800261
800632
801639
797916
797166
797271
799145
799236
799551
800513
801895
801311
800034
802630
804146
804166
801615
802574
802628
802781
799406
798767
798057
798968
796319
795779
796290
797346
796573
795608
796912
797895
798723
796851
797673
798092
799159
796964
797810
798247
800747
800642
802930
807507
811065
812901
812393
814428
815112
816265
813388
813089
813297
815333
813369
813125
813780
815134
814989
813826
815133
815790
816377
813498
813848
814110
815415
811657
812238
813185
814559
813900
812932
814567
816905
818604
817591
820600
822707
824695
822944
824856
825680
827496
825250
824842
825519
825718
824833
823005
823321
823325
823581
820312
821281
821516
822485
820315
821149
821860
823000
822387
821271
823268
824287
826468
824155
825165
825480
827270
824983
824343
824421
824963
824241
822039
822889
822770
822999
819494
819421
819780
821880
821210
820391
822004
823002
824061
821381
821895
821536
823351
821344
820955
821907
822906
822047
819042
819783
819767
820563
817432
817226
816778
818150
816959
816375
817313
817490
817492
814470
815398
815988
817879
814918
814438
814924
816146
816478
814849
815683
815869
815539
811705
812092
812727
814395
812200
812431
812752
814195
814609
814722
816603
817840
817927
814690
815237
815784
817239
814214
813749
813718
815519
813660
813577
814555
815936
814785
814179
815458
816461
816551
814695
816223
816747
817966
815648
816349
816616
818221
815892
816121
817189
818776
818952
817470
818517
819245
820299
818785
819380
819066
819457
816808
817216
817434
817198
813099
812433
812574
813673
811605
813218
814877
815907
812935
812588
813135
813094
809915
810435
811080
811389
808563
809035
809586
810631
807821
808048
808214
809653
807267
807360
808806
810763
811248
810889
811377
810316
809116
807821
809384
807234
804498
798822
798725
800275
798577
791800
791656
793051
795020
793618
794873
796798
798510
799171
798419
799397
800135
801481
799550
799604
799618
799747
796566
795740
795757
796859
795907
795320
796150
796811
796352
794485
795298
795577
795497
793346
794457
795362
796417
793572
794674
795485
797706
795539
795704
796084
798524
797956
796644
797746
799634
798319
794766
795244
794729
795127
790660
790660
789604
790261
788084
787877
