  486399
   71167
 -356351
 -742911
-1039871
-1207807
-1225727
-1091583
 -825855
 -465919
  -64511
  317439
  621567
  805375
  850431
  762367
  561151
  280063
  -44031
 -368127
 -651775
 -857087
 -957951
 -941055
 -809471
 -583167
 -294399
   12287
  291839
  503807
  619007
  627711
  536575
  364031
  135167
 -118783
 -366079
 -574463
 -716799
 -775167
 -742911
 -625151
 -439295
 -212479
   22015
  228863
  379903
  455167
  447999
  364031
  219647
   34815
 -165375
 -353791
 -505855
 -601087
 -629247
 -586239
 -478207
 -321535
 -139263
   40447
  193535
  297983
  340479
  318975
  239103
  114175
  -37375
 -195583
 -338943
 -449023
 -511487
 -518655
 -471551
 -376831
 -247807
 -103423
   35327
  148991
  221695
  246271
  220159
  149503
   45055
  -77311
 -202239
 -312831
 -393727
 -434175
 -430591
 -382975
 -300031
 -191999
  -76287
   31743
  115711
  164351
  174079
  143359
   78847
   -9727
 -109567
 -206847
 -288255
 -345087
 -367615
 -354815
 -308223
 -235519
 -147455
  -56319
   25087
   84991
  115711
  113663
   80895
   23551
  -50687
 -131583
 -207359
 -267775
 -305663
 -316415
 -297983
 -254975
 -191999
 -120319
  -49151
   11263
   54271
   72703
   65023
   33791
  -15359
  -76287
 -140799
 -199679
 -243711
 -268799
 -270847
 -251903
 -212479
 -160255
 -102399
  -47103
       0
   30719
   40447
   28671
   -2047
  -45055
  -94207
 -145919
 -191999
 -227327
 -245759
 -245759
 -226303
 -190975
 -144895
  -94719
  -49663
  -13823
    7679
   12287
    -511
  -27647
  -66559
 -110079
 -153087
 -189951
 -215039
 -225279
 -220159
 -199167
 -166399
 -126975
  -86527
  -49151
  -21503
   -7167
   -7167
  -21503
  -46591
  -79871
 -116223
 -150527
 -178175
 -195583
 -201215
 -194047
 -176127
 -148991
 -118271
  -87039
  -60415
  -40959
  -32255
  -35327
  -48127
  -69631
  -95231
 -122367
 -147455
 -166399
 -177663
 -179199
 -171519
 -155135
 -133119
 -108031
  -84479
  -64511
  -51711
  -47615
  -51711
  -63487
  -80895
 -101375
 -121855
 -140287
 -153599
 -160255
 -159231
 -152063
 -138239
 -121855
 -102399
  -86015
  -73215
  -65535
  -63999
  -69119
  -79871
  -94719
 -111103
 -126975
 -140287
 -150015
 -153599
 -151039
 -142335
 -129535
 -114687
  -99327
  -85503
  -75775
  -71167
  -72703
  -78847
  -89087
 -102399
 -116223
 -129535
 -139263
 -144895
 -145407
 -141311
 -132095
 -120831
 -108031
  -96255
  -86527
  -79871
  -77823
  -79871
  -87039
  -95743
 -107007
 -118271
 -129023
 -136703
 -141311
 -140799
 -135679
 -127999
 -118271
 -107007
  -96255
  -87039
  -81919
  -80383
  -82943
  -89087
  -98303
 -108543
 -119295
 -128511
 -134655
 -137727
 -137215
 -133119
 -124415
 -118783
 -119807
 -122879
 -122367
 -118783
 -113151
 -104959
  -95743
  -86527
  -77823
  -71167
  -67583
  -67071
  -69631
  -76287
  -86015
  -95743
 -104959
 -112127
 -117759
 -119807
 -118271
 -113151
 -106495
  -97791
  -90623
  -84479
  -80895
  -80383
  -82943
  -88063
  -94719
 -101375
 -108543
 -114687
 -118783
 -120319
 -119295
 -116223
 -110591
 -104447
  -97791
  -92671
  -88063
  -86527
  -86527
  -88575
  -93183
  -98303
 -103423
 -109055
 -113663
 -116735
 -117247
 -115711
 -112127
 -108543
 -103423
  -98303
  -94719
  -92159
  -91135
  -91647
  -94719
  -98815
 -103423
 -108031
 -112127
 -114687
 -116223
 -115711
 -113663
 -111103
 -107519
 -102911
  -99327
  -96767
  -94719
  -94719
  -95743
  -98303
 -101375
 -104959
 -108543
 -111103
 -113663
 -115199
 -115199
 -113151
 -110079
 -106495
 -103423
 -100351
  -97279
  -95231
  -95743
  -96767
 -100351
 -103423
 -107519
 -111615
 -114687
 -116223
 -116223
 -115199
 -112639
 -110079
 -107007
 -103935
 -101375
  -99839
  -98815
  -98815
  -99327
 -101375
 -104447
 -106495
 -108543
 -110079
 -111103
 -111103
 -110079
 -108543
 -107007
 -105471
 -103935
 -101887
 -101375
 -101375
 -101887
 -102399
 -104447
 -107519
 -110591
 -114175
 -116735
 -117759
 -118271
 -116735
 -113663
 -110079
 -105471
 -101375
  -98303
  -96767
  -96767
  -97791
 -100351
 -103423
 -107007
 -110079
 -112639
 -113663
 -114175
 -113151
 -112127
 -110079
 -107519
 -105471
 -103935
 -102399
 -102399
 -102399
 -104447
 -106495
 -108543
 -111103
 -113151
 -114175
 -115199
 -114175
 -112127
 -110079
 -109055
 -107519
 -106495
 -105471
 -105471
 -105471
 -105471
 -105471
 -106495
 -107519
 -108543
 -110079
 -111103
 -112127
 -112639
 -112639
 -112127
 -111103
 -110079
 -109055
 -107519
 -106495
 -105983
 -104959
 -104447
 -105471
 -106495
 -108543
 -109567
 -111103
 -112127
 -112127
 -112127
 -111103
 -109567
 -108543
 -107007
 -106495
 -105471
 -105471
 -105471
 -105471
 -105471
 -106495
 -107519
 -108543
 -109055
 -110079
 -110079
 -110079
 -109055
 -108543
 -108031
 -107007
 -107007
 -106495
 -107007
 -107519
 -108543
 -109055
 -110079
 -110591
 -111103
 -111103
 -111103
 -110591
 -110079
 -109567
 -109055
 -108543
 -109055
 -109567
 -109567
 -109567
 -109055
 -110079
 -110079
 -109567
 -109567
 -109055
 -109055
 -109567
 -109055
 -108543
 -107519
 -107519
 -106495
 -107007
 -107007
 -108543
 -110079
 -112127
 -114687
 -116223
 -117759
 -118271
 -117247
 -116223
 -114687
 -113151
 -111103
 -108543
 -106495
 -105471
 -104959
 -104959
 -106495
 -109055
 -112639
 -115711
 -118271
 -118783
 -118271
 -116223
 -113151
 -109055
 -105471
 -102399
 -100351
  -99327
  -99327
 -101375
 -105471
 -109567
 -114175
 -118783
 -121855
 -123903
 -123391
 -121855
 -118783
 -115199
 -111103
 -106495
 -103423
 -100351
  -99839
  -99839
 -101375
 -104447
 -107519
 -111103
 -114175
 -116223
 -117247
 -117247
 -116223
 -113663
 -111103
 -109055
 -106495
 -104447
 -103423
 -103423
 -104447
 -106495
 -109567
 -113663
 -117247
 -119295
 -120831
 -121343
 -120319
 -118271
 -115199
 -112127
 -109055
 -106495
 -104447
 -104447
 -104959
 -107007
 -109055
 -112127
 -115199
 -118271
 -119295
 -120319
 -119807
 -118783
 -116735
 -114175
 -112127
 -109567
 -107519
 -106495
 -106495
 -107007
 -108031
 -109055
 -111103
 -113663
 -116223
 -118271
 -118783
 -119807
 -119807
 -118783
 -117247
 -115199
 -113151
 -111103
 -109055
 -107519
 -107519
 -107519
 -108543
 -109055
 -110591
 -112639
 -114175
 -115199
 -115199
 -115711
 -116223
 -115199
 -114175
 -113663
 -112127
 -110079
 -108543
 -107007
 -107007
 -107519
 -109055
 -111615
 -114175
 -117759
 -120831
 -123903
 -125951
 -127487
 -126975
 -124415
 -119807
 -115199
 -110079
 -105983
 -102399
 -100863
 -100863
 -102399
 -104447
 -108543
 -113151
 -117247
 -121343
 -123903
 -125439
 -124927
 -122879
 -120831
 -118271
 -115711
 -113663
 -112127
 -111103
 -111615
 -112127
 -113151
 -115199
 -116735
 -118783
 -119295
 -119807
 -119807
 -119295
 -117247
 -115711
 -113663
 -111615
 -110079
 -109055
 -108543
 -109055
 -110079
 -111103
 -113151
 -114175
 -115711
 -117247
 -119295
 -121855
 -122879
 -122879
 -122879
 -121855
 -119807
 -118271
 -116223
 -115199
 -114175
 -113151
 -113151
 -113151
 -113151
 -114175
 -114175
 -115199
 -115711
 -116223
 -116223
 -115711
 -115199
 -114175
 -114175
 -114175
 -114175
 -114175
 -114687
 -115711
 -116223
 -116735
 -117247
 -117247
 -117247
 -116735
 -116223
 -116223
 -116223
 -115199
 -114687
 -114175
 -114175
 -113151
 -113151
 -113663
 -114687
 -115199
 -116223
 -117759
 -118783
 -119807
 -119295
 -119807
 -118783
 -119295
 -118271
 -117759
 -117247
 -116735
 -116735
 -116223
 -116223
 -116735
 -117247
 -118271
 -118783
 -119807
 -121855
 -121855
 -121855
 -121343
 -120831
 -119807
 -118783
 -116735
 -114175
 -113663
 -112639
 -113151
 -113151
 -114175
 -115711
 -117759
 -118783
 -120319
 -121855
 -122367
 -122367
 -121855
 -120319
 -118783
 -117247
 -115199
 -114175
 -113151
 -113151
 -114175
 -115711
 -116735
 -118783
 -119807
 -121855
 -121855
 -121343
 -120831
 -119807
 -118783
 -116735
 -115711
 -115199
 -114175
 -113151
 -113663
 -114687
 -115199
 -115711
 -116735
 -117759
 -118783
 -119295
 -120319
 -121343
 -121343
 -120831
 -120831
 -120319
 -119295
 -118271
 -116735
 -115711
 -115199
 -114687
 -114175
 -114687
 -116223
 -117759
 -118783
 -120831
 -120831
 -121855
 -121343
 -119807
 -118271
 -116223
 -115199
 -114175
 -114175
 -113151
 -113151
 -114175
 -115199
 -116223
 -117759
 -118271
 -118783
 -120319
 -120831
 -120831
 -121343
 -120319
 -119807
 -118783
 -117247
 -117247
 -116223
 -116223
 -115711
 -116223
 -116223
 -117759
 -118271
 -119295
 -120831
 -121855
 -121855
 -121855
 -120831
 -120831
 -120319
 -119295
 -118271
 -116735
 -115199
 -115199
 -115199
 -116223
 -117247
 -118271
 -120319
 -121343
 -121343
 -120831
 -120831
 -121855
 -122367
 -122879
 -123391
 -123391
 -123903
 -122367
 -120831
 -119295
 -118783
 -118271
 -118271
 -118783
 -118783
 -118271
 -117247
 -114687
 -113151
 -112127
 -111103
 -111103
 -112639
 -113663
 -114687
 -114687
 -114175
 -114175
 -112127
 -107519
 -101375
  -92671
  -82943
  -71167
  -59391
  -48639
  -39935
  -35327
  -34303
  -36351
  -41983
  -49151
  -57343
  -65535
  -71167
  -75775
  -78335
  -79359
  -78335
  -77311
  -75263
  -74239
  -74239
  -76799
  -78847
  -83967
  -90111
  -96767
 -101375
 -104959
 -107007
 -107519
 -106495
 -103423
  -98303
  -92671
  -88575
  -84991
  -83455
  -82943
  -84991
  -88063
  -92671
  -96767
 -100351
 -103423
 -105983
 -107519
 -107519
 -105471
 -102399
  -98815
  -94719
  -91647
  -88575
  -86015
  -86015
  -88063
  -91647
  -95743
  -99839
 -104447
 -108031
 -110591
 -111615
 -111103
 -109055
 -106495
 -102399
  -98303
  -94719
  -92671
  -92671
  -92671
  -94207
  -97279
 -100351
 -104959
 -108543
 -110079
 -111103
 -111103
 -110591
 -109055
 -107519
 -105471
 -103935
 -101887
 -100351
 -100351
 -100351
 -101375
 -103423
 -104447
 -103935
 -102399
 -102399
 -102911
 -104447
 -105983
 -109055
 -109055
  -95231
  -86527
  -83967
  -87551
  -94719
 -104447
 -114175
 -122879
 -130559
 -133631
 -133631
 -129535
 -123391
 -115711
 -107519
  -98815
  -91647
  -87551
  -87039
  -90111
  -95743
 -104447
 -114175
 -122879
 -130559
 -134655
 -136191
 -134655
 -130047
 -122879
 -114687
 -106495
  -99327
  -94207
  -91135
  -91647
  -95231
 -101375
 -108543
 -116223
 -123391
 -129023
 -132607
 -132607
 -130559
 -126975
 -120831
 -114687
 -108543
 -104447
 -101375
  -99839
 -100351
 -103935
 -108543
 -113663
 -118783
 -123391
 -127487
 -129535
 -129535
 -127999
 -123903
 -119807
 -115199
 -111103
 -107007
 -104447
 -102399
 -101887
 -103423
 -105983
 -110079
 -115711
 -120831
 -125439
 -128511
 -130559
 -130559
 -128511
 -124927
 -120831
 -117247
 -112639
 -109055
 -107519
 -107007
 -107519
 -110079
 -112639
 -117247
 -120831
 -123903
 -126463
 -126975
 -126975
 -125951
 -123391
 -121343
 -118783
 -116223
 -114687
 -113151
 -113151
 -113663
 -115199
 -117247
 -119807
 -121855
 -123903
 -124415
 -124927
 -124927
 -123391
 -120831
 -118271
 -115711
 -113663
 -112127
 -111615
 -112127
 -114175
 -117247
 -119807
 -122879
 -126975
 -129535
 -131583
 -131071
 -129535
 -126975
 -123391
 -119295
 -116223
 -113663
 -112639
 -112127
 -113151
 -115199
 -118783
 -121855
 -124927
 -127487
 -128511
 -129535
 -128511
 -126975
 -124927
 -121855
 -119295
 -117247
 -116223
 -116223
 -116735
 -117759
 -119807
 -121855
 -123903
 -125951
 -125951
 -125951
 -125439
 -124927
 -122879
 -120831
 -119807
 -119295
 -119295
 -119807
 -121855
 -123903
 -125951
 -127999
 -128511
 -129023
 -128511
 -126975
 -124927
 -121855
 -119807
 -117759
 -116223
 -115711
 -116223
 -117247
 -118783
 -120831
 -123391
 -125439
 -126975
 -127999
 -127999
 -126975
 -125951
 -124415
 -121855
 -120831
 -120319
 -120831
 -120831
 -122367
 -123391
 -124927
 -125439
 -125951
 -125951
 -125951
 -125439
 -124927
 -124927
 -124927
 -125439
 -126463
 -125951
 -125951
 -125439
 -125439
 -124927
 -123903
 -123391
 -122879
 -123391
 -123391
 -123903
 -124927
 -125439
 -125951
 -125951
 -126975
 -127487
 -127999
 -127487
 -127487
 -127487
 -126975
 -126975
 -127487
 -127999
 -127999
 -127999
 -127487
 -127487
 -126975
 -125951
 -124415
 -123903
 -122879
 -122367
 -121855
 -121855
 -121855
 -122879
 -123903
 -124415
 -125951
 -126463
 -127487
 -127487
 -126463
 -124927
 -123903
 -122367
 -120831
 -119807
 -120319
 -120831
 -121855
 -123903
 -125439
 -127487
 -128511
 -129535
 -129535
 -129535
 -127999
 -125951
 -123903
 -121855
 -120319
 -118783
 -118783
 -119295
 -120831
 -121855
 -123391
 -124927
 -125951
 -126463
 -126975
 -126975
 -126975
 -126463
 -124927
 -121855
 -119295
 -116223
 -113151
 -111103
 -110591
 -111103
 -113663
 -116735
 -119807
 -124415
 -128511
 -130559
 -132607
 -132607
 -132095
 -129023
 -124927
 -120831
 -116223
 -111615
 -108543
 -105983
 -105471
 -105983
 -108543
 -112127
 -116223
 -119807
 -123903
 -126975
 -126975
 -125951
 -124415
 -121343
 -117247
 -113151
 -108543
 -102911
  -97791
  -93695
  -91647
  -91135
  -92671
  -94719
  -98815
 -102911
 -107519
 -110079
 -112127
 -113151
 -112639
 -109567
 -105471
  -99327
  -92671
  -82943
  -72191
  -60415
  -46591
  -30719
  -12287
    6655
   24063
   39935
   52735
   59903
   60927
   54271
   40447
   20479
   -2559
  -26623
  -49663
  -68607
  -80895
  -86527
  -85503
  -78335
  -66047
  -52223
  -45567
  -49151
  -58879
  -72191
  -86015
  -99839
 -110079
 -115199
 -114175
 -105471
  -91135
  -70143
  -45567
  -17919
    8703
   32767
   50175
   58367
   57343
   47615
   33791
   15359
   -3583
  -19967
  -30719
  -33279
  -27647
  -14847
    2559
   23039
   44031
   63999
   82431
   96767
  106495
  108031
  102399
   89599
   70655
   48639
   27647
    9727
   -3071
   -9215
   -8191
   -1535
   10239
   25087
   41471
   56319
   69119
   78847
   85503
   86527
   80383
   68095
   51199
   29695
    8703
   -9727
  -21503
  -25599
  -19967
   -6143
   13823
   37887
   61951
   82431
   98303
  107519
  109055
  102911
   92671
   78847
   61951
   43007
   26111
   11263
     511
   -4095
   -4607
    -511
    5631
   13311
   20991
   27647
   32255
   33791
   33279
   30207
   26111
   22015
   19455
   15359
   11775
    8703
    6655
    5119
    4095
    2559
    1535
    1535
       0
   -1535
   -3071
   -5119
   -6143
   -6143
   -6143
   -4607
   -3583
   -1535
       0
    2047
    4607
    6655
    8703
    9215
    8703
    6143
    2559
   -2047
   -7167
  -11775
  -16383
  -18943
  -19967
  -20479
  -18943
  -15359
   -9215
       0
   13311
   29183
   46591
   60927
   69119
   69119
   59903
   44031
   25087
    7167
   -7679
  -15871
  -16895
  -11263
       0
   15871
   35327
   55295
   72191
   83455
   87039
   82431
   72191
   56319
   36863
   17407
       0
  -14847
  -23551
  -27135
  -23039
  -10751
    7679
   29695
   50687
   66047
   75263
   77823
   73727
   62975
   48127
   31743
   14335
       0
   -9727
  -13311
   -9727
       0
   14335
   30207
   45567
   58367
   67583
   72191
   71679
   66047
   57343
   43519
   28671
   13311
       0
   -9727
  -13311
   -9727
    1023
   17919
   38911
   61951
   83455
   99327
  108031
  109055
  101887
   87551
   68095
   45567
   23039
    3583
  -10751
  -18943
  -19967
  -12287
    2047
   22015
   44543
   67071
   86015
   98815
  104447
  100863
   90111
   72703
   51199
   28159
    7679
   -8191
  -17919
  -19967
  -13823
       0
   19967
   42495
   65023
   82943
   95743
  102911
  104959
  102399
   96255
   84991
   68607
   47615
   25087
    4095
  -11775
  -21503
  -22527
  -14847
   -1023
   16383
   35327
   50687
   62975
   67071
   63999
   55295
   42495
   28671
   15871
    7679
    7167
   13311
   26111
   43519
   65023
   85503
  103423
  116735
  123391
  121343
  111615
   94719
   73727
   52223
   31743
   15359
    6143
    4607
   10239
   21503
   36351
   52223
   67583
   79359
   86015
   86527
   81919
   72191
   59391
   44031
   29695
   17407
    9727
    7167
   10751
   19455
   30719
   44031
   58367
   72191
   83967
   90623
   89087
   79359
   56831
   23039
  -18431
  -60415
  -94207
 -115199
 -118271
 -102399
  -68607
  -20991
   33279
   89599
  140799
  178687
  199679
  200703
  183807
  151551
  109055
   62463
   18431
  -17407
  -40959
  -49151
  -41983
  -21503
   11263
   48639
   86527
  118271
  138751
  145407
  138239
  118783
   90111
   56319
   22015
   -8191
  -30207
  -42495
  -43007
  -31231
  -10751
   16383
   45567
   72703
   94207
  107007
  109055
   99839
   82431
   59391
   31743
    6143
  -15359
  -29183
  -35327
  -31231
  -19455
       0
   23551
   47615
   68607
   84479
   92159
   92159
   83455
   69119
   49663
   28159
    7679
   -9215
  -19455
  -23551
  -21503
  -13311
       0
   15359
   31743
   47103
   59391
   67583
   70143
   68095
   60415
   49151
   34815
   19967
    6655
   -2559
   -8191
   -8191
   -4095
    4607
   15359
   27135
   37887
   46591
   51711
   52223
   48639
   41471
   32255
   22015
   11775
    3583
    -511
   -1535
     511
    6143
   13823
   23039
   31743
   37887
   41983
   43519
   42495
   37375
   30719
   23039
   15359
    7679
    2047
    -511
       0
    2559
    7679
   13311
   19967
   27135
   31743
   34303
   34815
   33279
   30207
   25087
   18943
   13311
    7679
    3071
     511
    -511
    1023
    3583
    6655
   10239
   13823
   17407
   19967
   22015
   22015
   20991
   18431
   15359
   11263
    7679
    4607
    1535
   -1023
   -2047
   -1023
     511
    3583
    5631
    8191
   10239
   10239
    8191
    4607
    1535
   -1023
   -3071
   -4095
   -4095
   -3071
   -1023
    1535
    3583
    5631
    7167
    7167
    6143
    4607
    3071
     511
   -1023
   -3071
   -4095
   -5119
   -5119
   -5119
   -4095
   -2559
   -2047
   -1535
   -2559
   -3071
   -4095
   -6143
   -8703
   -9727
  -10751
  -11263
  -11263
  -10239
   -8703
   -7167
   -6143
   -5119
   -4095
   -4607
   -5119
   -7167
   -8191
  -10751
  -13823
  -16895
  -19455
  -21503
  -23551
  -24063
  -23551
  -22527
  -20991
  -19455
  -16895
  -14335
  -11775
  -11263
  -10751
  -11263
  -13311
  -14847
  -17919
  -19455
  -22015
  -23551
  -24575
  -24575
  -24063
  -22527
  -21503
  -19967
  -19455
  -18431
  -18943
  -17919
  -17407
  -17407
  -17919
  -19455
  -20991
  -24063
  -27135
  -30207
  -31743
  -33279
  -34303
  -33279
  -31743
  -29695
  -27647
  -25599
  -23551
  -22527
  -22527
  -22527
  -24063
  -25599
  -27647
  -30207
  -31743
  -33279
  -34303
  -34815
  -34303
  -32767
  -31231
  -30207
  -29183
  -28671
  -28671
  -29695
  -31231
  -32767
  -34303
  -36351
  -38399
  -38911
  -39935
  -39935
  -39423
  -38399
  -35839
  -34303
  -32255
  -31231
  -31231
  -31231
  -31743
  -33791
  -36351
  -38399
  -40447
  -43007
  -45055
  -46079
  -46591
  -46591
  -46079
  -44543
  -43007
  -40447
  -39423
  -38911
  -38399
  -38911
  -40447
  -42495
  -44031
  -45567
  -47103
  -49151
  -49663
  -49663
  -50687
  -50175
  -49663
  -49151
  -48127
  -47103
  -46079
  -45055
  -44031
  -44031
  -45567
  -47103
  -49151
  -50687
  -51711
  -52735
  -53759
  -52735
  -52735
  -52735
  -52223
  -51199
  -50687
  -50687
  -51711
  -51711
  -52223
  -53759
  -54783
  -55807
  -56319
  -56319
  -56319
  -55807
  -54783
  -53759
  -52735
  -52735
  -53247
  -52735
  -52223
  -52223
  -51711
  -52735
  -54271
  -56831
  -58367
  -58879
  -56319
  -48639
  -36351
  -19455
       0
   20991
   40959
   56831
   66047
   68095
   60927
   48639
   30719
   11775
   -4607
  -17919
  -27647
  -32255
  -32255
  -25599
  -13823
    1023
   16383
   29183
   38911
   43007
   41471
   33791
   20479
    4095
  -13823
  -30207
  -43519
  -52223
  -54783
  -52735
  -45567
  -35327
  -23551
  -10751
       0
    7679
   10239
   10239
    4607
   -4095
  -14847
  -26111
  -36351
  -44543
  -49663
  -50175
  -46591
  -39935
  -31743
  -21503
  -12287
   -4095
    1023
    3583
    3071
       0
   -7167
  -16383
  -25599
  -34303
  -40959
  -46079
  -48127
  -46591
  -41983
  -35327
  -28159
  -20991
  -14847
  -10751
   -8703
   -9727
  -13311
  -17919
  -23551
  -29183
  -34815
  -39423
  -41983
  -42495
  -41983
  -38399
  -34303
  -28671
  -23039
  -18943
  -16895
  -16895
  -17919
  -20479
  -24575
  -28671
  -32767
  -36863
  -39423
  -40959
  -41471
  -39935
  -37887
  -34815
  -32255
  -29695
  -27647
  -26623
  -26623
  -26623
  -27135
  -29183
  -31231
  -34303
  -36351
  -38399
  -39423
  -39935
  -39423
  -37887
  -37375
  -36351
  -35327
  -34303
  -33791
  -35327
  -35839
  -37375
  -38399
  -39935
  -40959
  -41983
  -42495
  -43007
  -42495
  -42495
  -41471
  -40447
  -39935
  -39423
  -39423
  -39423
  -39423
  -39935
  -40959
  -42495
  -44031
  -45055
  -46591
  -47615
  -48127
  -47615
  -47103
  -46591
  -46079
  -45055
  -44031
  -43007
  -44031
  -45055
  -45567
  -47103
  -48639
  -50687
  -51199
  -51711
  -51711
  -51711
  -52223
  -51199
  -50687
  -49663
  -49663
  -49663
  -49663
  -50687
  -51711
  -52735
  -53759
  -54783
  -55807
  -56831
  -57343
  -56831
  -55807
  -55295
  -54783
  -53759
  -52735
  -51711
  -51199
  -51711
  -52223
  -54271
  -56319
  -59391
  -61951
  -63487
  -65535
  -65535
  -65023
  -63999
  -61951
  -60927
  -59391
  -58879
  -57343
  -56319
  -55807
  -56319
  -56319
  -57855
  -58879
  -61439
  -63487
  -66047
  -68095
  -70143
  -71167
  -71167
  -70143
  -69119
  -67583
  -64511
  -62463
  -61439
  -60415
  -60927
  -61951
  -64511
  -67583
  -70655
  -73727
  -75263
  -76799
  -76799
  -76287
  -74239
  -72191
  -70143
  -68607
  -67583
  -67071
  -66559
  -68095
  -70143
  -72191
  -74239
  -75775
  -77311
  -78335
  -78335
  -76799
  -75263
  -74239
  -72191
  -70143
  -68607
  -68607
  -68607
  -69119
  -69631
  -71167
  -74239
  -77823
  -80895
  -83455
  -86015
  -88063
  -88063
  -87039
  -84991
  -81919
  -78847
  -75775
  -73215
  -71167
  -71167
  -72191
  -74239
  -76799
  -79871
  -83967
  -86527
  -88063
  -88063
  -87039
  -84991
  -81919
  -78847
  -76287
  -74239
  -73215
  -73215
  -74239
  -76287
  -79871
  -82431
  -84991
  -88063
  -90623
  -91647
  -91647
  -90623
  -88575
  -86527
  -82943
  -79871
  -77311
  -75775
  -74751
  -74239
  -74239
  -76287
  -79871
  -82943
  -87039
  -89599
  -93183
  -94719
  -94719
  -92671
  -90623
  -88063
  -84991
  -81919
  -79871
  -78847
  -80383
  -82431
  -86015
  -90111
  -94207
  -97279
  -99327
  -99327
  -98303
  -95743
  -91647
  -87039
  -83455
  -80895
  -79359
  -78847
  -80895
  -84479
  -88575
  -92671
  -96255
  -99327
 -101375
 -102399
 -101375
 -100351
  -97791
  -95231
  -92159
  -89599
  -88063
  -87039
  -87039
  -87039
  -88063
  -89599
  -93183
  -95743
  -98303
 -101375
 -103423
 -105471
 -105983
 -105471
 -103423
 -100863
  -97279
  -92671
  -89087
  -86015
  -83967
  -82943
  -83967
  -87039
  -90623
  -94719
  -99327
 -102399
 -105471
 -106495
 -105983
 -103935
 -101375
  -98303
  -95231
  -91647
  -90111
  -89599
  -90623
  -91647
  -94719
  -98303
 -102399
 -105471
 -107519
 -109055
 -109055
 -109055
 -107519
 -104959
 -102399
  -99839
  -98303
  -97791
  -97791
  -98815
 -100351
 -102399
 -103935
 -104959
 -105983
 -105471
 -103423
 -101375
  -99327
  -98303
  -97791
  -97279
  -97791
  -99839
 -102911
 -104959
 -106495
 -108031
 -108543
 -108543
 -107519
 -106495
 -105471
 -104447
 -103423
 -102911
 -102911
 -102911
 -103423
 -103423
 -103423
 -103935
 -103935
 -103935
 -103423
 -103935
 -104959
 -105471
 -106495
 -108543
 -110079
 -112127
 -112639
 -113663
 -113663
 -113151
 -112127
 -110591
 -108543
 -106495
 -105471
 -104959
 -104447
 -105471
 -107519
 -109567
 -111103
 -112127
 -113151
 -113663
 -113663
 -112127
 -111103
 -110079
 -109567
 -108543
 -107519
 -107519
 -108543
 -109567
 -111103
 -112127
 -113151
 -114175
 -114687
 -114175
 -113151
 -112127
 -111103
 -109567
 -108543
 -108031
 -108543
 -109055
 -110079
 -111103
 -113151
 -114687
 -115199
 -115711
 -115199
 -115711
 -115199
 -114687
 -114687
 -114687
 -114687
 -114175
 -114175
 -114175
 -113663
 -113663
 -113151
 -113151
 -113151
 -113151
 -112127
 -111615
 -111615
 -111103
 -111103
 -111103
 -112127
 -114175
 -116735
 -118783
 -121343
 -123903
 -125951
 -125951
 -124927
 -122879
 -120319
 -118271
 -115199
 -112127
 -111103
 -111103
 -112127
 -113663
 -115711
 -118271
 -120831
 -122879
 -123903
 -123391
 -122879
 -121343
 -118783
 -116735
 -114175
 -112639
 -112127
 -112127
 -112639
 -114687
 -117247
 -119807
 -121855
 -123903
 -126463
 -127487
 -127487
 -126463
 -124415
 -122879
 -119807
 -117759
 -115199
 -114175
 -114175
 -115199
 -116223
 -118783
 -121855
 -124415
 -126463
 -127999
 -129023
 -129535
 -127999
 -125951
 -123903
 -121855
 -118783
 -117247
 -116223
 -115711
 -116735
 -117759
 -119807
 -120831
 -122879
 -123903
 -124927
 -124927
 -124415
 -123903
 -123391
 -122367
 -120831
 -119807
 -119295
 -118783
 -118783
 -119295
 -120319
 -122879
 -124415
 -125951
 -127999
 -129023
 -130047
 -130047
 -129535
 -127487
 -125951
 -123903
 -121855
 -119807
 -118271
 -118271
 -118271
 -118783
 -119807
 -120831
 -122879
 -124927
 -125951
 -126975
 -127999
 -129535
 -130559
 -131583
 -132607
 -133119
 -133631
 -133119
 -132095
 -130047
 -127999
 -125439
 -122879
 -120319
 -119295
 -118783
 -118783
 -119295
 -120319
 -122367
 -123903
 -125951
 -127487
 -127999
 -127999
 -127999
 -127999
 -126975
 -125951
 -125439
 -124415
 -123903
 -123903
 -123903
 -124927
 -125951
 -126975
 -128511
 -129535
 -130047
 -130047
 -130559
 -129535
 -129535
 -128511
 -127487
 -127487
 -126975
 -126975
 -126975
 -127999
 -129023
 -129535
 -130559
 -131071
 -132095
 -132607
 -131583
 -130559
 -130047
 -129535
 -129023
 -127999
 -127999
 -127487
 -127487
 -127999
 -127999
 -130047
 -131071
 -132607
 -133119
 -133631
 -133631
 -133119
 -132095
 -130559
 -129535
 -128511
 -127999
 -126975
 -126975
 -126975
 -126975
 -127487
 -128511
 -129535
 -131071
 -131583
 -132607
 -132607
 -132607
 -132607
 -131583
 -131071
 -130559
 -130559
 -130559
 -131071
 -131071
 -132095
 -132607
 -132607
 -134143
 -136191
 -138239
 -141823
 -144383
 -146431
 -146431
 -144895
 -141823
 -138239
 -134655
 -131583
 -128511
 -126463
 -125951
 -126975
 -128511
 -131583
 -135167
 -138239
 -142335
 -144383
 -145407
 -144383
 -142335
 -138239
 -134655
 -130047
 -126975
 -124927
 -123903
 -124927
 -126975
 -130047
 -134655
 -138239
 -140799
 -142847
 -143359
 -142335
 -139775
 -135679
 -131583
 -127999
 -123903
 -121855
 -121343
 -123391
 -126975
 -130559
 -135679
 -140799
 -144895
 -147967
 -148479
 -147455
 -144895
 -140799
 -135679
 -130559
 -125951
 -123391
 -121855
 -122879
 -124927
 -129023
 -134143
 -138751
 -143359
 -146943
 -149503
 -150015
 -147967
 -145407
 -140799
 -135679
 -130559
 -126463
 -123903
 -122879
 -123903
 -126463
 -130559
 -135167
 -139775
 -143871
 -146943
 -148991
 -150015
 -149503
 -148991
 -148991
 -147967
 -146431
 -143359
 -140799
 -138239
 -135679
 -133631
 -131583
 -131583
 -132095
 -133631
 -135679
 -138239
 -141311
 -143359
 -145407
 -146431
 -146431
 -145919
 -143359
 -141311
 -138239
 -135679
 -134143
 -132607
 -132607
 -133631
 -135679
 -137215
 -138751
 -141311
 -142335
 -142847
 -143359
 -142847
 -141823
 -140287
 -138751
 -137727
 -137215
 -137215
 -136703
 -137727
 -138751
 -140287
 -142335
 -143359
 -143871
 -144383
 -144383
 -142847
 -141311
 -139775
 -138239
 -137215
 -135679
 -135167
 -135167
 -136191
 -137215
 -138239
 -140287
 -142335
 -143871
 -144895
 -145407
 -145919
 -145919
 -144895
 -143359
 -141823
 -140287
 -138751
 -137727
 -136703
 -137215
 -137727
 -139263
 -139775
 -141823
 -143359
 -144895
 -144895
 -144383
 -143871
 -142847
 -141823
 -140287
 -139263
 -138751
 -137727
 -137727
 -137215
 -137215
 -138239
 -139263
 -140799
 -142335
 -144383
 -145407
 -147455
 -147455
 -147455
 -147455
 -146431
 -144383
 -141311
 -136703
 -131583
 -129535
 -129535
 -132607
 -137727
 -144383
 -151039
 -156671
 -160255
 -161279
 -159743
 -155135
 -146943
 -134655
 -119807
 -103423
  -87039
  -72191
  -63487
  -59903
  -62975
  -71679
  -82943
  -98303
 -113151
 -126463
 -135679
 -141311
 -142335
 -139263
 -131583
 -121855
 -110591
 -100351
  -92671
  -88575
  -88575
  -92671
  -99839
 -109055
 -118783
 -128511
 -137727
 -143871
 -146431
 -145407
 -141311
 -135167
 -127487
 -118783
 -111615
 -106495
 -103935
 -104959
 -107519
 -113663
 -121343
 -129535
 -136703
 -142335
 -146431
 -147455
 -146431
 -141311
 -135679
 -128511
 -121855
 -115199
 -110079
 -108031
 -108543
 -111103
 -115711
 -122367
 -129535
 -136703
 -141311
 -144383
 -144895
 -143359
 -139775
 -134655
 -128511
 -122367
 -117759
 -114175
 -112639
 -113151
 -116223
 -120319
 -125951
 -131071
 -136191
 -140287
 -142847
 -143359
 -142335
 -138751
 -135679
 -131071
 -126463
 -122367
 -119807
 -119807
 -120831
 -123903
 -127999
 -132607
 -138239
 -142335
 -145919
 -146431
 -146943
 -145407
 -142335
 -138239
 -133631
 -129535
 -126463
 -123903
 -122879
 -122879
 -124927
 -127487
 -131071
 -134655
 -138239
 -141311
 -143359
 -143359
 -142847
 -140799
 -138239
 -134655
 -131071
 -129023
 -127999
 -127487
 -127487
 -126975
 -128511
 -130559
 -133631
 -136191
 -137727
 -138239
 -137215
 -136191
 -135167
 -135167
 -136191
 -137215
 -137727
 -137727
 -137727
 -136703
 -135679
 -135167
 -136191
 -137215
 -138751
 -139263
 -140799
 -141311
 -142335
 -142335
 -142335
 -142335
 -140799
 -139775
 -137727
 -135679
 -134143
 -132607
 -131583
 -131583
 -132095
 -133631
 -134143
 -135679
 -136191
 -137727
 -138751
 -139263
 -139263
 -138751
 -138239
 -136703
 -135679
 -133631
 -132607
 -131583
 -131071
 -131071
 -131583
 -133119
 -135167
 -137727
 -139263
 -141823
 -143871
 -144383
 -143871
 -143359
 -141311
 -139263
 -137727
 -135679
 -134143
 -134143
 -134655
 -135679
 -137215
 -138239
 -140799
 -142335
 -143871
 -144383
 -144383
 -144383
 -143359
 -142335
 -140287
 -139263
 -138239
 -137727
 -137727
 -137727
 -137727
 -138239
 -139775
 -140799
 -141311
 -142335
 -143359
 -144383
 -145407
 -146431
 -147455
 -147455
 -146943
 -144895
 -143359
 -140799
 -139263
 -137727
 -136703
 -136703
 -137215
 -138239
 -139775
 -141311
 -142335
 -144383
 -144383
 -143359
 -142335
 -140799
 -138751
 -137215
 -135679
 -134655
 -135167
 -136703
 -138239
 -140799
 -142847
 -144383
 -145919
 -145407
 -144383
 -143871
 -142335
 -141311
 -139775
 -138751
 -138239
 -138751
 -138239
 -138239
 -138751
 -139263
 -139775
 -140287
 -139775
 -140799
 -141311
 -141311
 -140287
 -140287
 -140287
 -139263
 -139263
 -139263
 -139263
 -140287
 -141311
 -141311
 -142335
 -143359
 -144383
 -144895
 -144383
 -144383
 -144383
 -145407
 -145919
 -146943
 -148991
 -150015
 -151039
 -151551
 -150527
 -148991
 -146943
 -144383
 -140799
 -137727
 -135167
 -133119
 -132607
 -133119
 -135679
 -139263
 -143359
 -146943
 -150015
 -152063
 -152063
 -151039
 -147967
 -144383
 -141311
 -137727
 -134655
 -132607
 -131583
 -132607
 -134655
 -138239
 -143359
 -147967
 -151039
 -153087
 -154623
 -154111
 -153087
 -150527
 -147967
 -144895
 -142335
 -140287
 -138239
 -137215
 -134655
 -132607
 -131071
 -130559
 -131583
 -134143
 -136703
 -141311
 -145407
 -147967
 -151039
 -152063
 -152063
 -151039
 -147967
 -144895
 -141311
 -138239
 -135679
 -134143
 -133631
 -135167
 -136703
 -138751
 -141823
 -145407
 -147967
 -150015
 -151039
 -151039
 -150015
 -147967
 -145407
 -142335
 -139775
 -137727
 -137215
 -136703
 -137215
 -138751
 -140799
 -143871
 -145407
 -147455
 -148479
 -148991
 -147967
 -147455
 -145407
 -143359
 -141311
 -139263
 -138239
 -138239
 -139775
 -140799
 -142847
 -144383
 -146431
 -147967
 -147967
 -147455
 -147455
 -145919
 -144895
 -142847
 -141311
 -140287
 -140287
 -140287
 -139775
 -141311
 -142335
 -145407
 -146431
 -148991
 -150015
 -151039
 -150527
 -148991
 -147455
 -144383
 -141823
 -138239
 -136703
 -136191
 -137727
 -139775
 -143359
 -147967
 -153087
 -157183
 -158719
 -159743
 -158207
 -156159
 -151039
 -145919
 -140287
 -136703
 -133119
 -131583
 -131583
 -134143
 -137727
 -141823
 -146943
 -150527
 -154623
 -156159
 -156671
 -155135
 -152063
 -148479
 -144383
 -139263
 -136191
 -134143
 -133631
 -134143
 -136703
 -140287
 -143871
 -147967
 -151039
 -154111
 -155135
 -154623
 -153087
 -150015
 -147455
 -143359
 -139263
 -137215
 -135679
 -134655
 -135679
 -137727
 -140799
 -143871
 -147455
 -149503
 -152063
 -153087
 -154111
 -153087
 -151039
 -148991
 -146943
 -144383
 -141823
 -140287
 -139775
 -140287
 -140799
 -142335
 -144895
 -146943
 -148479
 -149503
 -150015
 -151039
 -150527
 -148991
 -147455
 -145407
 -143359
 -141823
 -140287
 -139263
 -139263
 -140287
 -142335
 -143871
 -145407
 -147455
 -148991
 -150015
 -150527
 -152063
 -152063
 -152063
 -151039
 -149503
 -147455
 -144895
 -143359
 -142335
 -142335
 -143871
 -145407
 -147455
 -150015
 -152575
 -154111
 -154623
 -154111
 -153087
 -151039
 -148479
 -146431
 -144383
 -142335
 -141311
 -141311
 -142335
 -143359
 -144895
 -146431
 -147455
 -147967
 -148991
 -148479
 -147967
 -147455
 -146943
 -145919
 -144383
 -144383
 -144895
 -144895
 -145407
 -145407
 -145919
 -146431
 -146943
 -147455
 -147455
 -147455
 -147967
 -147455
 -146943
 -146943
 -146943
 -146431
 -146431
 -146431
 -146431
 -147455
 -148479
 -149503
 -150527
 -151551
 -152063
 -152575
 -152063
 -151039
 -150015
 -148991
 -147455
 -145919
 -144383
 -144383
 -144895
 -145919
 -147455
 -149503
 -151551
 -153087
 -154111
 -153087
 -152063
 -150527
 -147967
 -145407
 -142847
 -141311
 -141311
 -140799
 -142335
 -143871
 -146431
 -148991
 -151551
 -153087
 -154111
 -154111
 -154111
 -152575
 -150527
 -148991
 -146943
 -144895
 -144383
 -143359
 -143871
 -144895
 -146431
 -147455
 -148991
 -150527
 -151551
 -152063
 -151551
 -151039
 -150015
 -148479
 -147455
 -146431
 -145407
 -145407
 -145407
 -145407
 -146431
 -147967
 -148991
 -150015
 -150527
 -150527
 -151039
 -150015
 -148991
 -148479
 -147455
 -146431
 -145407
 -145407
 -145407
 -145919
 -146431
 -146431
 -147967
 -148991
 -150015
 -151039
 -151551
 -152575
 -153087
 -152063
 -151039
 -148991
 -147967
 -147967
 -147455
 -147455
 -147455
 -147455
 -147455
 -147455
 -146431
 -146943
 -146943
 -147455
 -147455
 -147967
 -148479
 -148991
 -149503
 -150015
 -150015
 -149503
 -148991
 -148991
 -147967
 -147967
 -147967
 -147967
 -147967
 -147967
 -147967
 -147967
 -147967
 -147967
 -147967
 -148991
 -150015
 -151039
 -151039
 -150015
 -150015
 -150015
 -149503
 -148991
 -147967
 -147455
 -147455
 -146431
 -146431
 -146943
 -147455
 -147967
 -149503
 -148991
 -146431
 -143871
 -141823
 -143359
 -149503
 -158207
 -166911
 -175103
 -181247
 -183807
 -182783
 -179199
 -171519
 -161791
 -151039
 -140799
 -133119
 -127999
 -125951
 -126463
 -131071
 -137727
 -145407
 -153087
 -159743
 -165375
 -168447
 -167935
 -164863
 -159743
 -152575
 -145919
 -138751
 -133631
 -130559
 -131583
 -134655
 -139263
 -145407
 -152063
 -159231
 -164351
 -167423
 -167935
 -166911
 -162303
 -156159
 -148991
 -141311
 -136191
 -132095
 -130559
 -131583
 -134655
 -139775
 -145919
 -152063
 -157695
 -161791
 -164863
 -165887
 -164351
 -160767
 -155647
 -150015
 -144895
 -139775
 -136191
 -135167
 -136191
 -139263
 -143359
 -148991
 -154111
 -159743
 -163839
 -165887
 -165887
 -163839
 -159743
 -155135
 -148991
 -143359
 -138751
 -135679
 -134655
 -135167
 -137215
 -141823
 -146943
 -152063
 -156671
 -160255
 -162815
 -162815
 -161279
 -157695
 -152063
 -146943
 -140799
 -135167
 -131583
 -131583
 -134655
 -139263
 -142847
 -142335
 -140799
 -138751
 -136703
 -135679
 -133631
 -135679
 -137727
 -139775
 -142335
 -143359
 -143359
 -141823
 -139263
 -134655
 -127999
 -119807
 -110079
 -100351
  -92671
  -87551
  -86527
  -88063
  -92671
  -97791
 -103423
 -107519
 -109055
 -108031
 -103935
  -96767
  -87039
  -77311
  -67583
  -61951
  -61439
  -65535
  -71167
  -79359
  -87039
  -93695
  -99327
 -101887
 -102399
  -98303
  -92159
  -83967
  -75775
  -69119
  -65535
  -65535
  -68607
  -74239
  -83967
  -96767
 -113151
 -130559
 -144895
 -152063
 -151039
 -143359
 -130559
 -114175
  -97791
  -81919
  -68607
  -60927
  -59391
  -62975
  -72191
  -86015
 -101887
 -117247
 -129535
 -138751
 -143359
 -142335
 -136703
 -126975
 -114687
 -102911
  -92671
  -85503
  -82943
  -85503
  -92671
 -102399
 -113151
 -122879
 -131583
 -137727
 -141311
 -140287
 -135679
 -128511
 -120319
 -110079
 -101887
  -96767
  -94719
  -95743
 -101375
 -108031
 -116223
 -124415
 -131583
 -136191
 -138239
 -138239
 -135679
 -131071
 -124415
 -118271
 -112639
 -108543
 -106495
 -106495
 -109055
 -113151
 -118271
 -123903
 -129023
 -133631
 -135679
 -135679
 -133631
 -130047
 -125951
 -120831
 -116735
 -113151
 -112127
 -113151
 -114687
 -118271
 -122879
 -126975
 -130559
 -133631
 -135679
 -136191
 -135167
 -132095
 -127999
 -123903
 -119807
 -116735
 -114175
 -114175
 -115711
 -118271
 -122367
 -126463
 -130559
 -134655
 -136703
 -138239
 -138239
 -137727
 -135679
 -133631
 -130559
 -128511
 -126463
 -124927
 -123903
 -124415
 -124927
 -126463
 -128511
 -131071
 -133631
 -135167
 -136703
 -136703
 -136703
 -136191
 -134655
 -133119
 -131583
 -130559
 -130047
 -129535
 -130047
 -131583
 -133631
 -135679
 -137727
 -138239
 -136191
 -131583
 -126975
 -123903
 -121855
 -121855
 -123903
 -127999
 -132095
 -134655
 -136703
 -136191
 -134655
 -131071
 -125951
 -119807
 -110591
 -101375
  -92159
  -84479
  -79359
  -77311
  -79359
  -83967
  -90623
  -98815
 -107519
 -114687
 -119295
 -121855
 -121343
 -118271
 -113151
 -107519
 -100863
  -95743
  -91135
  -89599
  -90623
  -93183
  -98303
 -106495
 -115199
 -124415
 -131071
 -136703
 -138239
 -138239
 -134655
 -129535
 -122879
 -114687
 -108543
 -102911
  -98815
  -96767
  -98303
 -100863
 -105471
 -110591
 -117247
 -122367
 -126463
 -128511
 -129023
 -127487
 -123903
 -119807
 -115199
 -111103
 -108543
 -106495
 -105471
 -106495
 -109055
 -111615
 -115199
 -117759
 -120831
 -122879
 -122879
 -122879
 -121855
 -120831
 -118271
 -116223
 -115199
 -113663
 -112639
 -112127
 -112127
 -112127
 -113663
 -115199
 -117759
 -120319
 -122367
 -123903
 -124415
 -124415
 -123903
 -121855
 -120831
 -118783
 -117759
 -116223
 -115711
 -115711
 -116223
 -116735
 -118271
 -118783
 -119807
 -120319
 -120319
 -119807
 -118783
 -118271
 -116223
 -115199
 -114687
 -115199
 -115711
 -117247
 -118783
 -120831
 -122879
 -124415
 -125951
 -125951
 -124927
 -122879
 -120319
 -118271
 -116223
 -115199
 -115711
 -116735
 -118783
 -120831
 -122879
 -124927
 -125951
 -126463
 -125951
 -125439
 -123903
 -122879
 -120831
 -119807
 -118783
 -118783
 -118783
 -119807
 -120319
 -121855
 -122879
 -123903
 -124927
 -125951
 -125951
 -124927
 -124415
 -123903
 -122879
 -121855
 -120831
 -120831
 -121343
 -120831
 -121343
 -121855
 -123903
 -124927
 -126975
 -128511
 -130047
 -130559
 -130047
 -129535
 -127999
 -125951
 -123903
 -121855
 -120319
 -118783
 -118271
 -119295
 -120831
 -123391
 -125951
 -128511
 -131071
 -133119
 -133631
 -133631
 -132607
 -131071
 -127999
 -125439
 -122879
 -120831
 -118783
 -117247
 -116735
 -117247
 -119807
 -122367
 -125951
 -130047
 -134143
 -136191
 -138239
 -138239
 -137215
 -135167
 -131583
 -126975
 -122367
 -118783
 -116223
 -116223
 -117759
 -120831
 -124415
 -128511
 -132607
 -136191
 -139263
 -140287
 -139775
 -138751
 -135679
 -132607
 -129535
 -126463
 -123903
 -122367
 -122367
 -122879
 -124415
 -125439
 -126463
 -127487
 -127999
 -126975
 -125951
 -124927
 -124927
 -123903
 -123903
 -123903
 -124927
 -125951
 -126463
 -127999
 -129535
 -130559
 -131071
 -131583
 -132095
 -132095
 -131071
 -130559
 -129023
 -126975
 -124927
 -123903
 -122367
 -121855
 -122879
 -124927
 -127999
 -131583
 -134655
 -137727
 -140287
 -140287
 -139775
 -137727
 -134655
 -131071
 -127487
 -124415
 -122367
 -120831
 -121855
 -123391
 -126463
 -130047
 -134655
 -137727
 -140799
 -142847
 -143359
 -141311
 -139263
 -136703
 -133119
 -129535
 -126463
 -124415
 -123391
 -123391
 -124927
 -127487
 -130047
 -132607
 -134655
 -136191
 -137727
 -137727
 -136191
 -134655
 -133119
 -131583
 -128511
 -127999
 -127487
 -127999
 -129535
 -130559
 -132607
 -134655
 -135679
 -135679
 -135167
 -134143
 -133631
 -132095
 -130559
 -130047
 -129535
 -129023
 -129023
 -128511
 -130047
 -131583
 -132095
 -133119
 -133631
 -134655
 -134655
 -134655
 -134143
 -133631
 -132095
 -130559
 -128511
 -127487
 -126975
 -126463
 -126975
 -127999
 -130559
 -133119
 -135679
 -137727
 -138751
 -139263
 -138239
 -136703
 -134655
 -133631
 -131583
 -129535
 -128511
 -128511
 -129023
 -129535
 -131583
 -133631
 -135679
 -136703
 -137727
 -137727
 -137727
 -136703
 -135679
 -134143
 -131583
 -128511
 -125439
 -122879
 -120831
 -120319
 -121855
 -124415
 -129023
 -134655
 -140799
 -145407
 -147455
 -147455
 -146431
 -144383
 -142335
 -139263
 -136703
 -134655
 -132607
 -131583
 -131071
 -130559
 -131071
 -131583
 -132607
 -133631
 -134655
 -136191
 -136703
 -137727
 -137727
 -137215
 -135167
 -133631
 -132095
 -130559
 -127999
 -126463
 -125951
 -126975
 -128511
 -131071
 -135167
 -138751
 -142335
 -144383
 -146431
 -146431
 -144383
 -141311
 -138239
 -134655
 -130559
 -126975
 -123903
 -122879
 -122879
 -124415
 -126975
 -130047
 -133631
 -137215
 -140287
 -141823
 -142335
 -142335
 -140799
 -138239
 -136191
 -133631
 -131583
 -129535
 -129535
 -130047
 -132095
 -133631
 -136191
 -138239
 -140287
 -141311
 -141311
 -140799
 -138751
 -137215
 -134143
 -131583
 -130559
 -129535
 -128511
 -129535
 -131583
 -133631
 -135679
 -137727
 -139263
 -140287
 -140799
 -140287
 -138751
 -136703
 -134655
 -133119
 -131071
 -130559
 -130559
 -131071
 -131583
 -132607
 -133631
 -135679
 -136703
 -137727
 -138239
 -138239
 -139263
 -138751
 -138239
 -137727
 -137215
 -136703
 -136191
 -135679
 -135679
 -136191
 -136703
 -136703
 -136703
 -137215
 -137215
 -137727
 -137727
 -137727
 -138239
 -138751
 -139263
 -138751
 -138239
 -138239
 -137727
 -136703
 -135679
 -135167
 -134655
 -134655
 -134655
 -134655
 -135679
 -136703
 -136703
 -136703
 -137727
 -137727
 -138751
 -138239
 -138239
 -138239
 -137727
 -136703
 -136703
 -136703
 -136703
 -135679
 -135679
 -135679
 -135679
 -135679
 -135167
 -134655
 -134655
 -134143
 -134143
 -133631
 -134655
 -134655
 -135679
 -136703
 -137215
 -138239
 -139775
 -139775
 -140287
 -140799
 -140799
 -139775
 -137727
 -135167
 -133631
 -132095
 -131583
 -131071
 -131583
 -133119
 -135167
 -136703
 -138751
 -140287
 -141823
 -141823
 -141311
 -141311
 -140799
 -139263
 -139263
 -138751
 -138239
 -137215
 -135679
 -134655
 -134655
 -134655
 -135167
 -135679
 -137727
 -138751
 -139775
 -141311
 -142335
 -142847
 -142847
 -142335
 -141823
 -141311
 -141311
 -141311
 -140287
 -139263
 -136703
 -133631
 -132607
 -133631
 -136703
 -140287
 -144383
 -147967
 -151551
 -153087
 -152575
 -149503
 -145407
 -140287
 -134655
 -129535
 -125951
 -123391
 -123391
 -124927
 -127999
 -132607
 -137727
 -142335
 -146943
 -149503
 -151039
 -150015
 -147455
 -143871
 -138751
 -134655
 -131583
 -128511
 -127999
 -128511
 -130559
 -132607
 -136703
 -139775
 -143359
 -146431
 -147455
 -146943
 -145407
 -142335
 -139263
 -135167
 -131583
 -129535
 -128511
 -128511
 -130047
 -132607
 -136191
 -139263
 -142335
 -144895
 -146431
 -146943
 -145919
 -143359
 -140287
 -137727
 -134655
 -131583
 -130047
 -128511
 -130047
 -131583
 -135167
 -139263
 -143871
 -147455
 -149503
 -150015
 -150015
 -147967
 -145919
 -142335
 -139775
 -137727
 -135679
 -134655
 -134655
 -135679
 -136703
 -138239
 -139775
 -141311
 -142335
 -142335
 -141823
 -140799
 -140287
 -139263
 -138239
 -137727
 -137727
 -137727
 -137727
 -138239
 -138751
 -139263
 -140799
 -141311
 -141311
 -141311
 -141311
 -141311
 -140799
 -140287
 -139775
 -139775
 -139263
 -139263
 -139263
 -140287
 -141311
 -143359
 -144383
 -144383
 -144895
 -144383
 -142335
 -139775
 -137215
 -135679
 -133631
 -132607
 -132607
 -134143
 -136703
 -138751
 -141311
 -143359
 -144383
 -144383
 -143359
 -140287
 -137727
 -134655
 -132607
 -131583
 -130559
 -132095
 -134655
 -137727
 -140287
 -142335
 -144895
 -147455
 -148991
 -149503
 -150015
 -148479
 -146943
 -144383
 -141311
 -138239
 -136191
 -135167
 -134655
 -135679
 -138239
 -141311
 -144383
 -147455
 -149503
 -151551
 -152063
 -150015
 -148991
 -145919
 -142335
 -138751
 -136703
 -134655
 -134143
 -134655
 -136191
 -139263
 -142335
 -145919
 -148479
 -150527
 -151551
 -152063
 -151039
 -148479
 -146431
 -143871
 -142335
 -139775
 -138239
 -137727
 -136703
 -136191
 -136191
 -137215
 -138239
 -139263
 -140287
 -141311
 -141823
 -142335
 -141823
 -141311
 -141311
 -140287
 -139263
 -137727
 -136703
 -136703
 -136703
 -137215
 -137727
 -139263
 -141311
 -142847
 -144383
 -145407
 -145919
 -146431
 -144383
 -142847
 -140799
 -138751
 -136703
 -135167
 -134143
 -134655
 -135679
 -137215
 -139775
 -142335
 -144383
 -146431
 -147967
 -148479
 -148479
 -147455
 -145407
 -143871
 -142335
 -140287
 -139775
 -139263
 -139775
 -141311
 -142335
 -144383
 -145919
 -147455
 -147455
 -147455
 -146431
 -144383
 -142335
 -140287
 -138239
 -136703
 -136191
 -136703
 -137727
 -138751
 -141311
 -143359
 -145407
 -146943
 -147455
 -147967
 -147967
 -147455
 -145919
 -144383
 -142847
 -141823
 -140287
 -139263
 -139263
 -141311
 -142847
 -144383
 -145407
 -145919
 -146431
 -146943
 -146431
 -146431
 -145919
 -145919
 -145407
 -143871
 -142847
 -142335
 -141823
 -140799
 -141311
 -141311
 -142335
 -142847
 -143359
 -144895
 -146431
 -146431
 -146943
 -146943
 -146943
 -147455
 -146431
 -145407
 -144383
 -143871
 -143359
 -142335
 -141311
 -141311
 -141311
 -142335
 -142847
 -143359
 -145407
 -146431
 -147967
 -148479
 -148991
 -148991
 -148991
 -147455
 -145407
 -144383
 -142847
 -141823
 -141311
 -141311
 -142335
 -143871
 -145407
 -146943
 -148479
 -148991
 -150015
 -149503
 -148479
 -147967
 -146943
 -146431
 -144895
 -144383
 -144383
 -144895
 -144895
 -145919
 -146431
 -146943
 -147455
 -147455
 -147455
 -146943
 -146943
 -146431
 -145407
 -145407
 -145407
 -145407
 -145407
 -145407
 -146431
 -146431
 -147455
 -146431
 -147455
 -147455
 -147455
 -147455
 -147455
 -147967
 -147967
 -147967
 -147967
 -147967
 -148479
 -147967
 -147455
 -146431
 -146431
 -145407
 -144895
 -144383
 -145407
 -145407
 -145919
 -146431
 -146943
 -147967
 -147967
 -147967
 -148479
 -148991
 -148991
 -148479
 -148479
 -147967
 -147967
 -146431
 -145407
 -144383
 -143871
 -143359
 -143871
 -144383
 -146431
 -147967
 -148991
 -149503
 -150015
 -150015
 -149503
 -148479
 -147967
 -147455
 -146431
 -145919
 -145407
 -145407
 -146431
 -146943
 -147967
 -150015
 -151039
 -152063
 -153087
 -153599
 -154111
 -154111
 -153087
 -151551
 -150527
 -150015
 -149503
 -148991
 -149503
 -151039
 -152063
 -153087
 -154111
 -154623
 -154623
 -155135
 -154111
 -153087
 -152063
 -151039
 -150015
 -148991
 -148479
 -148991
 -149503
 -150015
 -150015
 -150527
 -151039
 -151551
 -151039
 -152063
 -152063
 -152063
 -151551
 -151039
 -151039
 -151039
 -151039
 -151039
 -152063
 -153599
 -154111
 -154111
 -153599
 -153087
 -151551
 -151039
 -150527
 -150015
 -151039
 -150015
 -148479
 -146431
 -145407
 -147455
 -148479
 -148991
 -151039
 -153087
 -154111
 -153599
 -151551
 -150015
 -147967
 -145919
 -144895
 -144383
 -147455
 -150015
 -153087
 -156159
 -157695
 -158719
 -158719
 -157183
 -154623
 -153087
 -150527
 -148479
 -146431
 -144895
 -144383
 -144383
 -144383
 -146431
 -149503
 -152575
 -155135
 -157695
 -158207
 -158207
 -157183
 -154623
 -151551
 -149503
 -148479
 -147967
 -148479
 -148479
 -148991
 -149503
 -151039
 -152063
 -153087
 -154111
 -155135
 -155135
 -156671
 -157183
 -156671
 -155647
 -154111
 -152575
 -150527
 -148991
 -148991
 -148991
 -151039
 -153087
 -154111
 -154623
 -154111
 -152063
 -149503
 -147455
 -145407
 -143871
 -143359
 -144895
 -147455
 -150015
 -153087
 -156159
 -159231
 -160767
 -161791
 -161791
 -160767
 -158719
 -155647
 -152575
 -148991
 -146943
 -144895
 -143871
 -144895
 -146943
 -148991
 -151551
 -153599
 -154623
 -154623
 -154111
 -153087
 -152063
 -150015
 -148479
 -147455
 -147455
 -147455
 -147455
 -147967
 -149503
 -151039
 -152063
 -152575
 -153087
 -153599
 -153599
 -153087
 -153599
 -153087
 -152575
 -151551
 -151039
 -150015
 -149503
 -150015
 -150015
 -150527
 -151551
 -152063
 -153087
 -153599
 -154111
 -154111
 -154111
 -155135
 -155135
 -155135
 -155135
 -154623
 -155135
 -154623
 -155135
 -155647
 -155647
 -156159
 -155135
 -155135
 -154111
 -154111
 -153087
 -152575
 -152063
 -151551
 -151039
 -151039
 -151551
 -151039
 -151551
 -151039
 -152063
 -152063
 -152063
 -152063
 -153087
 -153087
 -153087
 -153599
 -154111
 -155135
 -155647
 -156159
 -156159
 -156159
 -155135
 -153599
 -152063
 -151039
 -150527
 -150527
 -150527
 -151039
 -152063
 -153087
 -154623
 -154623
 -154623
 -154623
 -153599
 -152063
 -151039
 -150015
 -148991
 -149503
 -151039
 -152063
 -154623
 -156159
 -157183
 -157695
 -157183
 -156671
 -154623
 -153087
 -151039
 -150527
 -149503
 -149503
 -151039
 -152063
 -153599
 -154111
 -156159
 -157183
 -158207
 -158719
 -158207
 -157695
 -157183
 -155647
 -154111
 -152063
 -150527
 -148991
 -147455
 -147455
 -147967
 -148991
 -151039
 -153087
 -155135
 -157183
 -159231
 -160255
 -160255
 -159231
 -157695
 -156159
 -153087
 -151039
 -148991
 -147455
 -147455
 -147455
 -148991
 -152063
 -155135
 -157183
 -158719
 -160255
 -160767
 -159743
 -158719
 -156159
 -154111
 -151551
 -150015
 -147967
 -147967
 -148479
 -150015
 -152063
 -154111
 -155135
 -157183
 -158207
 -159231
 -158719
 -158719
 -157695
 -155647
 -153599
 -151039
 -149503
 -148479
 -147967
 -147967
 -148991
 -150015
 -151039
 -151551
 -152063
 -152063
 -152575
 -152575
 -153087
 -153087
 -153599
 -153599
 -154111
 -154111
 -153599
 -153087
 -152063
 -152063
 -152063
 -152063
 -151551
 -152063
 -153087
 -153599
 -154111
 -155135
 -156159
 -156159
 -156671
 -156671
 -156159
 -156159
 -155135
 -154111
 -153087
 -152063
 -151039
 -151039
 -151039
 -151039
 -151551
 -152063
 -153599
 -154623
 -155135
 -155647
 -155647
 -155647
 -154623
 -154111
 -153087
 -152063
 -151551
 -150527
 -150015
 -150015
 -150015
 -151039
 -151039
 -153087
 -154623
 -156159
 -157695
 -158207
 -158719
 -158719
 -157183
 -155135
 -152063
 -148991
 -146431
 -144383
 -144383
 -144383
 -145407
 -147455
 -150527
 -154111
 -156671
 -158719
 -161791
 -162815
 -162815
 -161791
 -159743
 -157183
 -153599
 -150015
 -147455
 -145407
 -144383
 -144895
 -145919
 -147967
 -150527
 -153087
 -156159
 -158207
 -159231
 -159231
 -157695
 -156671
 -154623
 -153087
 -151039
 -148991
 -147967
 -147967
 -148479
 -148991
 -151039
 -152575
 -155135
 -157695
 -159743
 -160767
 -160767
 -160255
 -159231
 -157183
 -155135
 -152575
 -151039
 -148991
 -147967
 -147455
 -147967
 -148991
 -150015
 -152063
 -154111
 -156159
 -157183
 -157695
 -157695
 -157183
 -157183
 -155135
 -154111
 -153087
 -153087
 -152575
 -152575
 -152575
 -154111
 -154623
 -155135
 -156159
 -156671
 -157183
 -157183
 -156671
 -156159
 -155647
 -155135
 -154111
 -153087
 -152575
 -152575
 -153087
 -154111
 -154623
 -156159
 -157183
 -157695
 -157695
 -156671
 -156159
 -155135
 -153599
 -152063
 -151039
 -151551
 -152063
 -153087
 -153599
 -155135
 -155647
 -156671
 -157183
 -157183
 -157695
 -158719
 -158719
 -158719
 -158719
 -158207
 -157183
 -155647
 -155135
 -154111
 -154111
 -154111
 -154623
 -155647
 -156671
 -157695
 -158207
 -157695
 -157183
 -156159
 -154623
 -152575
 -151551
 -151039
 -151551
 -153087
 -154623
 -157183
 -158719
 -159743
 -160767
 -160767
 -159743
 -158719
 -157695
 -156671
 -155135
 -154111
 -153087
 -152063
 -152063
 -152063
 -153599
 -154623
 -156159
 -157183
 -158719
 -159743
 -159743
 -159231
 -158719
 -158207
 -157183
 -155647
 -154111
 -154111
 -155135
 -157183
 -158207
 -158719
 -157695
 -156671
 -154111
 -152063
 -150015
 -150015
 -150015
 -150527
 -152575
 -155135
 -157183
 -158719
 -160767
 -161791
 -161791
 -161279
 -159743
 -158719
 -157183
 -156159
 -155647
 -155647
 -156671
 -157695
 -158719
 -160767
 -161791
 -162303
 -162303
 -161279
 -159743
 -157695
 -155647
 -154111
 -153087
 -153087
 -154111
 -155135
 -157183
 -158719
 -160255
 -161791
 -162815
 -162815
 -162815
 -160767
 -158719
 -156671
 -155135
 -153599
 -153599
 -154111
 -155135
 -157183
 -158207
 -159743
 -160767
 -162303
 -161791
 -161279
 -160255
 -158719
 -156671
 -155135
 -154111
 -154111
 -154111
 -155135
 -156159
 -157695
 -158719
 -159743
 -160767
 -162303
 -163327
 -163839
 -164351
 -164351
 -163839
 -162303
 -159743
 -157183
 -154623
 -152575
 -152063
 -152575
 -154111
 -157183
 -159743
 -163839
 -166911
 -168959
 -169983
 -169471
 -167935
 -165887
 -161791
 -158719
 -155647
 -152575
 -151039
 -151039
 -152063
 -155135
 -157695
 -161791
 -165375
 -167423
 -169471
 -169471
 -168447
 -166911
 -163327
 -159231
 -156159
 -152575
 -151039
 -150015
 -151039
 -153599
 -157183
 -160767
 -164863
 -168447
 -171007
 -172031
 -171519
 -169471
 -167423
 -163327
 -159743
 -156159
 -153599
 -152063
 -151551
 -152063
 -154111
 -157183
 -159743
 -162815
 -165375
 -167423
 -167423
 -166911
 -164351
 -162815
 -160255
 -157695
 -155647
 -154623
 -153599
 -154111
 -155135
 -156159
 -157695
 -159743
 -161791
 -162815
 -164351
 -164863
 -164863
 -164863
 -163839
 -162815
 -161279
 -160767
 -160255
 -159743
 -159743
 -160767
 -160767
 -161791
 -162815
 -163839
 -164863
 -164863
 -164863
 -164863
 -163839
 -162815
 -160767
 -159743
 -158719
 -158719
 -158719
 -158719
 -159743
 -160767
 -162303
 -162815
 -163839
 -164863
 -164863
 -164863
 -163839
 -162815
 -161791
 -159743
 -158719
 -157695
 -157695
 -158207
 -158719
 -160767
 -161791
 -162815
 -163839
 -164863
 -164863
 -164863
 -164351
 -163327
 -162303
 -161791
 -160767
 -160767
 -160767
 -161791
 -161791
 -163327
 -164863
 -165375
 -165887
 -165375
 -164863
 -164351
 -163327
 -162303
 -161279
 -160767
 -161279
 -161791
 -162303
 -163327
 -163839
 -165375
 -165887
 -166399
 -166399
 -165887
 -164863
 -163327
 -160767
 -159743
 -158207
 -158207
 -158207
 -159231
 -160767
 -162815
 -163839
 -164863
 -165887
 -165887
 -165375
 -164863
 -162815
 -162303
 -161279
 -161279
 -160767
 -161279
 -162815
 -163839
 -164351
 -164863
 -165887
 -166399
 -166911
 -166911
 -166911
 -166399
 -165887
 -164863
 -162815
 -161791
 -161791
 -161279
 -161279
 -161279
 -161791
 -162303
 -162815
 -163839
 -164863
 -165375
 -165887
 -165887
 -165887
 -164863
