  255999
  184831
  116735
   53759
   -4095
  -55807
 -101375
 -140287
 -171007
 -194047
 -209407
 -217087
 -216575
 -208383
 -193023
 -170495
 -141823
 -107519
  -67583
  -23551
   24063
   74239
  125951
  179711
  233471
  286207
  337919
  388095
  434687
  478719
  518655
  553983
  584703
  610303
  631295
  646143
  656383
  661503
  660991
  655871
  646655
  632831
  616959
  596479
  573951
  549375
  522751
  493567
  464383
  434175
  403967
  374783
  345599
  316927
  289791
  263679
  240127
  217599
  197631
  180735
  165887
  153599
  144895
  138751
  135679
  135167
  137727
  142847
  151039
  161279
  174079
  188415
  205311
  223743
  241663
  261631
  281087
  301567
  321023
  340479
  358911
  376831
  393215
  408063
  421375
  432639
  441855
  450047
  455679
  459263
  460287
  459263
  456191
  451583
  444927
  436735
  427519
  416255
  405503
  392703
  379391
  365567
  351231
  337407
  323071
  309247
  295935
  283135
  271871
  261119
  252415
  244223
  238079
  233471
  230399
  229375
  229887
  232447
  235519
  240127
  246783
  253951
  262143
  270847
  281087
  290815
  301567
  312319
  323071
  334335
  345087
  355839
  365567
  375295
  383999
  391679
  398335
  404991
  410111
  414719
  418303
  421375
  423935
  424959
  426495
  425983
  424959
  422911
  419327
  415231
  410111
  404479
  397311
  390143
  382463
  374783
  366079
  357887
  350207
  341503
  333823
  326143
  318975
  311807
  305663
  299519
  294911
  290303
  286719
  285183
  284159
  283647
  284671
  286207
  288767
  292863
  296447
  301567
  307199
  312831
  319487
  326143
  332799
  339455
  346111
  353791
  360959
  368127
  374783
  381439
  387071
  392191
  396799
  400383
  402943
  404479
  405503
  405503
  404991
  403967
  402431
  400383
  397823
  395263
  392191
  387583
  383487
  379391
  374783
  369663
  365055
  360959
  356351
  353279
  350207
  347135
  345599
  343039
  341503
  339967
  338431
  336895
  335359
  334335
  332799
  331263
  329727
  328703
  327167
  326143
  324607
  323583
  322559
  321535
  321023
  321023
  321023
  320511
  321023
  320511
  320511
  321023
  321023
  321535
  321535
  321535
  322047
  321535
  322047
  322047
  322047
  322047
  322559
  322559
  323071
  323071
  323071
  323071
  323583
  323583
  324095
  325119
  326143
  326655
  327167
  328191
  328703
  328703
  329727
  329727
  329727
  330239
  330751
  330751
  330751
  330751
  329727
  330239
  329727
  329727
  329215
  328703
  328703
  327679
  327167
  326655
  326143
  325631
  325119
  324607
  324095
  323071
  322559
  322047
  322047
  321535
  320511
  320511
  320511
  319999
  319999
  319487
  319487
  319487
  319487
  319487
  319487
  319487
  318975
  318975
  318975
  318463
  317951
  317951
  317439
  316927
  316415
  315903
  315391
  314879
  314367
  314367
  314367
  315391
  315903
  317951
  320511
  323071
  326143
  329727
  333311
  337407
  342015
  346111
  349695
  353791
  356863
  359935
  361983
  364031
  365055
  365055
  365055
  364031
  363007
  361983
  359935
  357887
  356863
  355327
  355327
  356351
  358911
  365055
  371711
  382463
  394239
  408575
  423935
  440319
  457215
  474111
  491007
  507903
  524287
  541183
  556543
  570367
  583167
  594431
  604671
  612863
  620031
  624127
  626687
  627199
  624639
  620031
  613375
  604159
  593919
  581119
  566783
  550911
  534015
  516095
  497151
  478207
  459263
  439807
  421887
  403967
  387071
  371711
  356863
  344063
  332799
  323071
  315391
  309759
  305663
  303615
  303615
  305663
  310271
  316927
  325119
  335871
  347135
  359935
  373247
  387583
  401919
  417279
  433151
  447487
  463359
  477183
  490495
  502271
  513023
  522751
  529407
  535551
  539647
  542207
  542719
  542207
  539135
  534015
  527871
  520191
  511487
  500735
  488959
  476159
  462847
  448511
  434175
  418815
  403967
  389119
  375295
  361983
  349183
  337919
  327679
  317951
  310783
  304639
  299519
  296447
  293887
  293375
  294399
  295935
  299519
  303615
  308735
  314367
  321023
  328703
  335871
  343551
  351231
  358911
  366079
  373759
  380415
  387071
  393727
  398847
  403967
  407551
  411647
  413695
  415231
  415743
  415743
  414719
  412671
  409599
  405503
  401407
  395775
  389631
  383487
  376319
  369151
  361983
  354303
  347647
  340479
  333823
  327167
  321535
  315903
  310271
  306175
  302079
  298495
  295935
  294399
  292863
  291839
  291839
  291839
  291839
  292863
  294399
  295935
  297983
  300031
  302591
  304639
  307199
  310271
  312831
  315391
  317439
  319999
  322047
  324095
  326143
  327679
  328703
  329727
  330239
  330239
  329727
  329727
  328703
  327679
  326143
  324607
  322047
  319999
  317439
  314367
  311295
  307711
  304639
  301055
  297471
  294399
  290815
  287743
  285183
  282111
  280063
  278015
  276991
  276479
  275455
  275967
  275967
  276479
  278015
  279039
  280575
  283135
  284671
  286207
  288767
  290815
  292863
  294911
  296447
  297471
  298495
  299519
  300031
  300031
  300543
  300543
  300031
  299519
  297983
  296447
  294911
  292351
  290303
  287743
  285183
  282111
  279039
  276991
  273919
  271359
  269311
  266751
  264703
  263167
  261631
  260607
  259583
  259071
  258047
  258047
  258047
  258047
  258047
  258559
  259583
  260095
  260607
  261119
  261631
  261631
  262143
  262655
  263167
  263679
  263679
  264703
  265215
  265727
  267263
  268287
  269311
  271359
  272383
  274431
  276479
  278527
  281087
  283135
  285183
  287231
  288767
  289791
  291839
  292351
  292863
  292863
  292863
  292863
  292351
  291839
  290815
  290303
  289279
  288255
  286719
  285695
  283647
  281599
  280063
  276991
  274943
  272895
  270335
  267775
  264703
  262143
  259583
  255999
  253439
  250367
  247295
  244223
  242175
  239615
  237055
  234495
  232447
  230911
  228863
  227327
  226815
  225791
  225791
  226815
  227327
  229375
  231423
  233983
  237055
  240639
  244223
  247807
  252927
  257023
  260607
  265727
  269311
  273407
  276991
  281087
  284671
  287231
  290303
  292351
  294911
  295935
  296959
  297471
  297471
  296959
  295423
  293887
  292351
  289279
  286207
  283135
  279039
  274943
  270335
  266239
  261631
  257023
  251903
  247295
  243199
  238079
  234495
  230911
  227327
  224767
  222719
  221183
  219647
  218623
  218623
  218623
  219647
  220159
  221695
  223743
  225279
  227327
  229375
  231935
  233983
  236031
  238591
  241151
  242687
  245247
  246783
  248319
  249855
  251391
  251903
  252927
  252927
  253439
  252927
  252927
  252415
  251391
  250367
  248831
  247807
  246271
  244735
  243199
  242687
  241663
  241663
  241151
  241663
  242175
  242687
  243711
  244735
  246271
  246783
  248831
  249855
  251391
  252415
  253951
  255487
  257023
  257535
  258559
  259583
  259583
  260095
  260607
  260607
  260607
  260607
  260095
  259071
  258047
  256511
  254975
  253439
  251903
  249855
  247807
  246271
  244223
  242175
  240127
  238079
  236031
  233983
  232447
  229887
  228351
  226815
  225791
  224255
  223231
  222207
  221695
  220671
  219647
  219135
  218111
  217599
  217087
  217087
  217087
  217087
  217087
  217087
  218111
  218111
  219135
  220159
  221183
  221695
  223231
  224255
  225791
  226303
  226815
  227839
  228351
  228351
  227839
  227327
  226815
  226303
  225279
  224255
  222719
  221183
  220159
  218623
  217599
  216063
  215039
  214015
  213503
  212479
  211967
  211455
  210943
  209919
  209919
  209407
  208895
  208895
  208895
  208383
  208383
  208383
  207871
  207871
  207359
  207359
  206335
  206335
  205311
  204799
  204287
  203775
  203263
  202751
  202239
  202239
  202239
  202239
  202239
  202239
  203263
  203263
  203775
  204287
  204287
  205311
  205311
  205311
  205823
  205823
  204799
  204287
  203263
  202751
  201215
  200191
  199167
  197631
  196607
  195583
  194047
  193535
  191999
  191487
  190463
  190463
  189439
  189439
  189439
  189439
  189439
  189439
  189439
  189951
  190463
  190975
  191487
  192511
  192511
  193535
  193535
  194559
  195071
  195071
  195583
  195583
  195071
  195583
  195071
  194559
  194559
  193535
  193023
  191487
  190463
  189951
  188927
  188415
  187391
  186879
  186367
  185855
  185343
  185343
  184831
  184319
  183807
  183807
  183295
  182783
  181759
  181759
  180735
  180735
  179711
  179711
  179199
  178687
  178687
  178687
  178687
  178687
  178687
  178687
  178687
  179711
  180223
  180223
  180735
  180735
  181247
  180735
  180735
  181247
  180735
  180735
  179711
  179199
  178175
  177151
  176127
  175103
  174079
  173055
  172031
  170495
  169471
  167935
  167423
  166399
  165375
  164351
  163839
  162815
  162303
  161791
  161279
  161279
  161279
  161791
  161791
  162303
  162303
  162815
  163327
  163327
  163327
  163839
  164351
  164351
  165375
  165375
  165887
  166399
  167423
  167935
  168959
  168959
  169983
  170495
  171007
  171519
  172031
  172031
  172543
  172543
  173055
  173055
  173055
  173055
  173567
  173567
  173055
  173055
  173055
  173567
  173567
  173055
  173055
  172031
  171007
  169983
  168447
  167423
  165375
  164351
  162815
  161279
  160255
  158207
  157695
  156671
  155647
  155135
  154623
  154623
  154623
  154623
  155135
  155647
  156671
  157695
  158207
  160255
  161279
  162303
  164351
  166399
  167423
  168959
  171007
  172543
  174079
  176127
  177151
  178687
  179711
  181247
  181759
  182783
  183295
  183807
  184831
  184831
  184831
  185855
  185855
  186367
  185855
  185855
  185855
  185855
  184831
  184831
  184831
  184319
  183807
  183295
  182783
  181759
  180735
  179711
  178687
  177151
  175615
  174079
  172543
  170495
  168447
  166911
  165375
  164351
  163839
  164351
  165375
  167423
  170495
  174591
  179711
  185855
  192511
  200191
  208383
  217599
  226303
  235519
  244735
  253439
  261631
  269823
  276991
  283135
  287743
  291839
  294911
  295935
  297471
  297983
  297471
  296959
  295423
  291839
  287743
  283135
  277503
  270847
  264191
  257023
  249343
  241151
  232959
  224767
  217087
  208895
  201215
  194559
  187903
  181759
  176127
  171007
  166911
  163327
  160255
  158719
  157695
  157183
  157695
  158207
  159743
  161791
  164351
  167935
  172031
  175615
  180223
  185343
  190975
  196095
  201727
  207359
  212991
  218623
  224767
  230399
  235519
  240127
  244223
  247807
  249855
  251903
  253951
  254975
  254975
  254975
  254463
  252415
  250367
  246783
  244223
  239615
  235519
  231423
  226303
  221695
  217087
  212479
  207359
  203263
  199167
  195071
  191487
  188415
  185855
  182783
  180735
  179199
  177663
  177151
  176639
  177151
  177151
  177663
  178175
  179199
  179711
  181247
  182783
  183807
  185855
  186879
  188415
  189951
  190975
  191999
  193023
  193535
  194559
  195071
  196607
  196607
  197631
  198655
  199679
  201215
  202751
  205311
  207871
  210943
  214015
  217087
  220671
  224767
  228351
  232447
  237055
  241151
  245759
  250879
  254975
  260095
  265727
  270335
  276479
  281087
  286719
  292351
  297471
  302591
  307199
  312831
  316927
  321023
  325119
  327679
  329727
  331775
  332799
  332799
  332799
  331263
  329215
  326143
  322047
  317951
  313343
  307199
  300543
  294911
  287743
  281087
  273919
  266751
  259583
  251903
  245247
  238591
  232447
  226815
  220671
  216063
  211967
  207871
  205311
  202239
  201215
  199679
  199167
  200191
  201215
  202751
  205311
  207871
  211455
  215551
  220159
  225279
  230399
  236543
  242175
  247807
  253951
  259583
  264703
  269311
  274431
  279039
  283135
  286719
  289791
  292863
  294399
  295935
  296447
  296447
  295423
  294399
  292351
  289791
  286207
  282623
  278527
  273919
  269311
  264191
  259583
  254975
  249855
  246271
  242175
  239103
  235519
  233983
  232447
  231423
  230911
  231423
  231423
  232959
  234495
  236031
  237567
  240127
  242175
  244223
  246271
  247807
  249855
  251391
  252927
  254463
  255487
  255999
  257023
  257023
  257023
  257023
  256511
  254975
  253951
  251903
  250367
  247807
  246271
  243199
  241151
  238079
  235519
  233471
  231423
  228351
  226815
  224767
  222719
  221695
  220159
  218623
  217599
  217087
  215551
  215039
  215039
  214015
  214015
  214015
  214015
  214015
  214015
  214015
  214527
  214527
  215039
  216063
  216575
  217087
  217599
  218623
  218623
  219647
  220159
  220671
  220671
  220671
  221695
  221695
  221695
  222719
  222719
  222719
  223231
  223231
  223231
  223231
  223231
  222719
  222207
  221695
  221183
  220671
  219647
  219647
  219647
  219135
  219135
  219647
  220159
  221183
  221695
  223743
  224255
  225791
  226815
  227839
  228351
  229375
  230399
  231423
  232447
  232959
  233983
  234495
  235007
  236031
  236031
  236543
  236543
  236543
  235519
  235519
  234495
  233471
  232447
  231423
  229375
  227327
  225279
  223231
  220671
  218623
  216063
  214015
  210943
  208895
  206847
  204287
  202239
  200703
  198655
  197631
  196095
  195071
  193535
  193023
  192511
  191999
  191999
  192511
  193535
  194559
  196095
  198143
  200191
  202751
  205823
  208895
  211455
  214527
  217599
  220671
  224255
  227327
  230399
  233471
  236031
  238591
  241151
  242687
  244223
  245759
  246271
  246783
  246783
  246271
  245247
  244223
  242175
  240639
  238079
  236543
  233471
  230911
  229375
  226815
  224767
  222207
  220159
  218111
  216575
  215039
  213503
  211967
  210943
  209919
  208895
  207871
  207359
  206335
  205823
  205311
  204799
  204287
  204287
  204287
  203775
  204287
  204287
  204287
  204799
  205311
  205311
  206335
  206335
  206335
  206335
  206335
  206335
  206335
  206335
  206335
  206335
  206335
  205823
  205311
  205311
  204287
  204287
  203263
  202239
  201727
  200191
  199167
  198143
  197631
  196607
  196095
  195583
  195583
  194559
  194559
  194559
  194047
  194047
  194559
  194559
  195071
  195583
  196095
  196607
  198143
  199167
  201215
  203263
  205311
  207871
  210431
  212991
  215551
  217599
  219647
  222207
  223743
  225791
  227327
  229375
  230911
  232959
  234495
  235519
  237055
  238591
  240639
  242175
  243711
  245759
  246783
  248831
  250367
  251391
  252927
  252927
  253951
  253439
  252927
  251903
  250367
  247807
  246271
  243199
  240127
  236543
  233471
  229375
  226303
  222719
  219647
  217087
  215039
  212991
  211967
  210943
  209919
  210431
  210943
  211455
  212479
  213503
  215039
  216063
  217599
  219135
  221183
  222719
  223743
  224767
  225791
  226815
  227327
  227839
  228351
  228351
  227839
  226815
  226815
  225791
  224767
  223743
  222719
  222207
  221695
  221695
  221695
  222207
  223743
  224767
  226815
  229375
  231423
  235007
  238079
  241663
  245247
  248319
  250879
  253951
  255999
  257535
  258559
  259583
  259583
  258559
  257535
  255999
  254463
  251391
  248831
  246271
  242175
  238079
  234495
  230399
  225791
  221695
  217087
  212991
  209919
  207359
  205311
  203263
  203263
  202751
  203263
  204287
  206335
  208895
  210943
  214015
  217087
  220671
  223743
  226815
  229887
  232447
  235007
  237567
  240127
  242175
  243199
  245247
  246271
  246783
  247807
  248319
  248319
  248319
  247807
  246783
  245247
  243711
  241151
  238079
  235519
  231935
  228351
  224255
  220159
  216063
  211967
  208383
  204287
  201215
  198143
  195071
  192511
  190975
  188927
  188415
  187903
  187903
  187903
  189439
  189951
  191487
  193023
  194559
  196095
  198143
  200191
  201727
  203775
  205311
  207359
  208383
  209407
  210943
  211967
  213503
  214015
  215039
  216063
  217087
  217087
  217599
  217599
  217087
  216575
  215551
  214527
  212991
  211455
  209407
  207359
  205311
  203263
  201215
  198143
  196095
  193535
  191487
  189439
  187903
  185855
  184831
  182783
  181759
  180223
  178687
  177663
  177151
  176639
  176127
  176639
  176639
  177663
  178175
  179199
  180735
  181759
  183807
  185855
  187903
  189439
  191999
  194559
  196607
  199167
  200703
  202751
  204287
  205311
  206847
  207359
  207871
  207359
  207359
  207359
  206335
  205311
  204287
  202239
  200703
  198655
  197119
  194559
  193535
  191999
  190975
  190463
  189951
  190463
  191487
  192511
  194559
  197631
  200703
  206335
  211967
  218623
  225791
  232959
  239615
  246271
  251903
  257535
  262143
  266751
  270335
  273407
  275967
  278015
  278015
  278015
  276479
  273407
  269823
  265727
  259583
  252927
  245247
  238591
  231935
  224767
  217599
  211967
  205823
  201727
  198655
  197631
  197631
  200191
  204287
  210431
  217087
  226303
  236543
  246783
  257535
  269311
  280063
  291327
  302591
  314367
  325119
  335871
  346111
  355839
  365055
  373247
  379903
  385023
  389119
  392703
  394751
  395263
  395263
  393215
  390655
  386559
  381439
  376319
  369663
  362495
  355839
  347135
  338943
  330751
  323071
  314367
  306175
  298495
  290815
  283135
  276479
  269311
  262655
  256511
  250879
  246271
  242175
  238079
  235519
  233471
  231935
  231423
  231423
  231935
  233471
  235007
  237055
  240127
  243199
  246783
  250367
  253951
  257535
  261631
  265215
  268287
  271359
  274943
  277503
  280063
  282623
  284671
  286207
  287743
  288767
  289279
  289279
  288767
  288767
  287743
  286719
  284671
  282623
  280063
  276991
  273919
  270335
  266751
  262655
  258559
  254975
  250879
  246783
  243711
  240639
  238079
  235519
  232959
  230911
  229375
  227327
  226815
  225791
  225279
  225279
  224767
  224767
  225279
  225791
  226303
  226815
  227839
  229375
  229887
  231423
  232959
  233983
  235519
  237055
  238079
  239615
  240639
  242175
  243199
  244735
  246271
  247807
  248831
  249855
  250879
  251391
  251903
  252415
  252415
  251903
  251391
  250367
  249343
  248319
  246783
  245247
  244223
  242175
  241151
  239103
  238079
  237055
  235519
  234495
  233471
  232447
  231423
  231423
  230399
  229887
  229375
  228351
  227839
  227327
  226815
  225791
  224767
  224255
  223231
  223231
  222719
  222207
  222719
  222207
  222719
  222719
  223743
  223743
  224255
  224767
  224767
  225279
  225791
  226303
  226303
  226815
  226815
  227327
  227839
  227839
  228351
  228351
  228351
  228351
  227839
  227327
  226815
  226815
  225791
  225279
  224767
  223743
  222719
  222207
  221695
  220671
  219647
  218623
  217599
  217087
  216063
  215039
  213503
  211967
  211455
  209919
  209407
  208895
  208895
  208895
  210431
  211967
  215551
  219135
  223743
  228351
  234495
  241151
  246783
  253439
  259583
  266751
  272383
  278015
  284671
  289791
  295423
  300543
  305151
  309759
  314367
  318463
  323071
  327167
  331263
  334847
  338943
  341503
  344575
  346111
  347647
  348159
  348159
  347135
  345087
  342015
  337919
  333823
  327679
  321535
  315391
  308223
  300543
  292351
  285183
  276479
  269311
  261631
  255487
  248831
  244223
  240127
  237567
  235519
  235519
  236031
  237055
  239615
  243199
  247295
  252927
  258047
  264703
  271359
  279039
  286719
  294911
  303615
  311295
  319999
  328703
  335871
  343551
  350207
  355839
  360959
  364543
  367615
  368639
  368639
  367615
  365567
  361983
  357375
  352255
  346111
  338431
  330751
  322559
  314367
  305663
  296447
  287743
  280063
  272383
  264703
  258559
  252415
  247295
  243199
  240127
  237567
  235519
  235007
  234495
  235519
  236031
  237567
  240127
  243199
  246783
  250879
  255999
  261631
  267775
  274943
  282111
  289791
  298495
  307199
  315903
  324607
  333311
  340479
  348159
  354303
  359935
  364543
  367615
  369663
  371711
  371711
  371199
  369151
  366591
  361983
  356863
  350207
  343551
  334847
  326143
  316927
  308223
  298495
  289279
  280063
  271359
  262655
  254463
  246783
  240127
  233471
  228351
  224255
  220671
  217599
  217087
  217087
  217599
  219647
  223231
  227839
  233471
  240639
  248831
  257535
  267775
  278015
  289279
  300031
  311295
  322047
  332799
  342527
  352255
  360447
  367103
  373247
  377855
  380927
  382975
  382975
  382463
  379903
  376319
  372735
  367615
  361983
  355327
  349695
  343039
  336383
  330239
  323583
  317951
  311295
  306175
  300543
  295423
  291327
  287743
  285183
  282111
  280063
  278527
  276991
  275967
  275455
  275967
  276479
  278015
  280575
  284159
  288255
  293887
  299519
  305663
  312319
  319487
  326655
  333823
  340479
  347135
  353279
  358399
  363007
  367103
  370175
  372223
  372735
  372735
  371711
  369663
  366591
  362495
  357887
  352255
  346111
  339455
  332799
  325119
  317951
  310271
  303103
  295935
  289279
  282623
  276479
  271359
  267263
  262655
  260095
  258047
  257023
  257023
  257535
  259071
  261631
  265727
  269311
  274431
  279039
  284671
  289791
  295935
  301567
  306175
  311807
  315903
  319999
  324095
  326655
  329727
  331263
  332799
  333311
  333823
  332799
  331775
  329727
  327679
  324607
  321535
  318975
  315391
  312319
  310271
  307711
  306175
  305151
  305151
  305663
  306175
  308223
  311807
  315391
  318975
  324095
  328703
  334335
  339455
  345087
  350207
  355327
  360447
  365567
  370175
  374783
  379391
  383487
  387071
  391679
  395263
  397823
  401407
  403967
  405503
  407551
  408575
  409599
  409087
  408575
  406527
  404479
  401919
  398335
  394239
  389631
  384511
  379391
  374783
  369663
  366591
  364031
  363519
  363519
  365567
  368639
  372223
  377343
  382463
  388607
  394239
  400895
  407039
  413183
  419327
  424447
  429055
  433151
  436735
  439807
  441855
  443903
  444415
  444415
  443903
  443391
  442367
  440319
  438271
  434687
  431103
  427007
  422399
  416767
  411135
  405503
  398847
  392703
  386047
  379391
  372735
  366079
  359935
  353791
  347647
  342527
  337919
  333823
  330751
  328703
  327167
  326655
  327679
  329215
  331775
  335359
  339967
  345087
  351231
  358399
  367103
  375807
  385535
  395775
  406015
  416255
  426495
  436735
  446975
  455679
  463871
  471551
  477695
  482303
  485887
  488447
  488447
  487423
  485375
  481279
  476159
  470015
  462335
  453631
  443903
  433663
  422399
  410623
  398847
  387071
  375295
  364031
  353279
  342527
  333311
  324095
  316927
  309759
  304639
  300543
  297471
  295935
  295935
  297471
  302079
  307199
  315391
  324095
  335871
  348159
  362495
  377855
  393727
  409599
  425471
  440319
  454655
  467967
  479743
  489983
  498175
  505343
  510975
  514559
  515583
  515583
  514559
  511487
  506879
  501247
  495103
  487423
  479743
  472063
  463871
  455167
  446463
  437759
  429055
  420863
  412671
  406015
  399871
  394751
  390143
  386559
  383487
  382463
  381439
  380927
  380927
  381951
  382975
  384511
  386047
  388095
  390143
  392703
  394751
  396287
  397823
  398847
  400383
  400895
  401919
  401919
  402431
  402943
  403455
  404479
  404991
  406015
  407551
  408575
  410111
  412159
  414719
  417279
  419839
  423423
  425471
  428543
  431103
  433151
  434687
  436223
  437759
  438783
  438783
  439295
  438783
  437759
  436223
  434175
  432127
  429055
  425471
  421887
  417791
  413183
  408063
  402943
  397311
  392191
  387071
  382463
  378367
  374783
  372735
  370687
  368639
  368639
  368127
  368639
  369663
  371711
  373759
  376831
  379391
  382975
  385023
  388095
  391167
  393215
  395775
  396799
  397311
  396799
  396799
  395775
  394751
  393215
  392191
  390655
  389119
  387071
  385023
  382463
  379391
  377343
  373759
  370687
  367103
  364031
  360959
  357375
  354303
  352255
  350207
  349183
  348159
  348159
  349183
  351231
  353279
  356351
  359935
  363007
  366591
  370687
  373759
  377343
  380927
  383487
  386047
  388095
  390143
  390655
  391167
  391167
  390143
  389119
  387071
  385023
  382463
  379903
  376831
  373759
  369663
  366079
  362495
  358399
  354303
  350719
  347135
  344575
  341503
  339455
  336895
  334847
  333823
  332799
  331775
  331263
  331775
  332799
  333311
  333823
  334847
  335871
  336383
  337407
  337919
  338943
  339455
  340479
  340479
  340991
  340991
  340991
  340479
  339455
  338431
  337919
  336383
  334847
  333823
  331775
  329727
  327679
  325631
  323071
  321023
  318463
  315903
  314367
  311295
  309759
  308223
  306175
  305151
  303615
  303615
  302591
  301567
  301055
  300543
  300543
  301055
  301567
  302591
  303615
  305151
  306687
  308223
  310271
  312319
  314367
  315903
  318975
  322047
  325631
  330239
  335871
  342015
  349183
  357375
  366079
  374783
  383999
  393727
  403455
  412671
  422399
  431103
  439807
  447487
  454143
  460287
  465407
  469503
  473599
  476671
  479231
  481791
  482815
  483839
  483839
  483839
  482815
  482303
  481791
  480767
  479743
  478719
  477695
  476671
  474623
  472063
  469503
  466431
  462335
  457215
  452607
  447487
  441855
  436223
  431103
  424959
  419839
  414719
  409087
  403455
  397823
  392191
  386559
  381439
  376319
  371711
  367615
  364031
  360959
  357887
  355839
  353279
  351743
  350207
  349183
  348159
  347647
  347647
  348159
  348159
  350207
  351231
  352767
  355327
  357375
  359935
  362495
  365567
  368639
  371199
  373759
  376319
  378367
  379903
  381439
  382463
  383487
  382975
  382463
  381439
  379903
  377855
  375807
  374783
  372735
  372223
  371711
  371711
  372735
  374783
  377343
  381439
  385023
  390143
  395775
  401919
  407551
  413695
  420351
  425983
  431615
  436735
  441855
  445951
  448511
  451583
  452607
  453119
  452095
  450559
  448511
  445439
  441855
  437759
  433151
  429055
  423935
  419839
  415743
  411647
  408575
  405503
  402943
  400383
  398847
  396799
  395263
  393727
  392703
  392191
  391167
  390143
  390143
  389119
  388095
  387071
  386047
  384511
  383487
  381951
  380415
  378367
  377343
  376319
  376831
  379903
  385023
  395263
  408063
  424447
  443903
  465919
  488959
  513535
  538623
  563199
  587775
  610303
  630783
  649215
  665087
  678399
  688639
  695807
  699903
  700927
  697855
  691711
  681983
  669695
  654335
  636415
  615935
  594431
  570367
  545791
  520703
  495103
  468991
  442879
  417791
  393215
  369663
  347647
  327679
  309759
  294911
  281599
  271871
  264703
  260607
  259583
  261631
  266751
  273407
  283135
  294399
  308223
  323583
  339967
  357887
  376319
  395263
  414207
  433151
  452607
  470527
  487423
  504319
  519167
  532479
  543743
  553471
  561151
  566271
  569343
  570367
  568831
  565759
  560639
  553471
  543743
  533503
  521727
  508415
  494079
  480255
  465407
  450559
  435711
  421887
  407551
  394239
  381951
  370687
  359423
  349695
  341503
  334335
  328703
  324607
  321535
  319999
  319999
  322047
  325119
  329215
  334847
  341503
  349183
  356863
  366079
  375295
  384511
  394239
  403967
  412671
  421375
  429055
  436223
  442879
  448511
  453631
  457215
  460287
  462335
  463359
  463359
  462847
  460287
  458239
  455167
  450559
  445951
  440831
  435199
  429055
  422399
  415231
  407551
  400895
  393215
  385023
  378367
  371711
  365055
  358911
  353791
  349183
  345599
  343039
  341503
  340479
  340991
  342015
  344063
  346111
  349183
  352767
  356351
  360447
  364543
  368127
  371711
  375295
  379391
  382463
  386047
  389119
  393215
  396287
  399871
  402943
  405503
  408063
  409599
  411647
  412671
  412671
  413183
  412671
  411647
  409599
  408063
  405503
  402431
  399871
  396287
  392191
  388607
  385023
  380415
  376319
  372735
  368127
  364543
  360447
  356351
  352767
  348671
  345087
  342015
  338431
  335871
  333311
  330751
  329215
  327679
  326655
  326143
  325119
  325119
  325119
  325119
  325631
  326143
  326655
  327679
  328703
  329727
  331263
  332799
  334335
  335359
  336383
  336895
  337407
  337407
  337407
  336895
  337407
  336383
  335871
  335359
  334335
  333823
  331775
  330751
  330239
  329727
  328703
  327679
  327679
  327167
  326655
  326655
  326655
  326655
  326655
  327167
  326655
  327679
  327679
  328191
  328191
  328703
  329727
  329727
  330751
  330751
  331263
  331775
  331775
  332287
  332287
  332799
  332799
  332287
  332287
  331775
  331263
  330751
  329727
  328703
  327679
  326655
  325119
  323583
  322047
  319999
  317951
  315903
  313343
  311295
  309759
  307711
  306175
  304639
  303103
  301567
  300543
  299007
  297471
  297471
  296959
  297471
  299519
  302591
  307711
  314367
  323071
  333311
  345087
  358399
  372735
  388607
  404991
  420863
  437759
  454143
  468991
  484351
  498175
  509951
  520191
  528895
  535039
  538623
  540159
  539135
  536063
  530431
  522751
  513535
  503295
  490495
  477183
  462335
  446463
  431103
  414719
  398335
  381951
  365567
  350207
  334847
  321023
  308223
  296959
  287231
  279551
  273407
  269311
  266751
  265727
  266751
  268799
  272895
  278015
  284671
  291839
  300031
  309247
  318975
  328703
  338943
  349183
  359423
  369663
  380415
  390655
  400383
  409599
  418303
  425983
  433151
  438783
  443903
  447487
  449535
  450559
  449535
  447487
  443903
  438271
  432639
  424959
  416767
  407551
  397823
  388095
  377343
  367103
  356863
  346111
  335871
  326655
  317951
  309247
  302591
  296447
  290815
  286719
  284159
  282111
  281087
  281599
  283135
  285183
  287743
  291327
  295935
  300543
  305663
  311295
  316927
  323071
  328703
  334847
  340479
  346111
  351231
  355839
  360959
  364543
  368127
  371199
  373247
  374783
  375807
  375807
  375295
  374783
  372735
  369663
  367103
  363519
  358911
  355327
  350207
  345087
  340479
  334847
  329727
  324095
  319999
  314367
  309759
  305663
  300543
  296959
  292863
  289279
  286207
  283135
  281087
  279039
  278015
  276991
  276479
  276991
  277503
  278015
  279551
  281087
  283647
  285695
  287743
  291327
  294399
  297471
  301567
  305663
  310271
  315391
  319999
  325119
  329727
  333823
  338431
  342527
  346111
  349183
  351231
  353279
  354303
  354815
  354303
  353791
  351743
  349183
  346111
  342527
  337919
  333311
  327679
  322047
  316415
  310271
  304127
  297983
  291839
  286719
  280575
  275967
  271871
  267775
  265215
  262655
  261119
  260095
  259583
  259583
  260607
  262143
  263679
  266751
  269311
  271871
  275455
  279039
  283135
  286719
  290815
  294399
  297983
  302079
  305663
  309759
  313855
  317951
  323071
  328703
  333823
  339967
  346111
  353279
  358911
  365055
  371199
  376319
  380927
  385535
  389119
  391167
  393215
  393727
  393727
  392191
  390143
  386047
  381439
  376319
  369663
  363007
  355327
  347647
  339455
  330751
  322047
  313343
  305663
  299007
  292863
  288767
  286207
  285183
  285695
  287231
  291839
  296447
  302591
  309247
  317951
  326655
  335871
  344575
  354303
  363519
  372223
  380415
  388095
  394751
  399871
  404991
  408575
  410623
  412671
  412671
  412671
  410623
  408575
  405503
  401919
  397311
  392191
  387583
  381439
  376319
  370687
  365055
  358399
  352767
  347135
  340991
  334847
  329727
  324095
  317951
  312831
  307711
  303615
  299519
  295935
  293375
  291327
  290303
  290303
  290815
  291839
  293887
  296959
  300543
  304127
  308735
  313343
  317951
  323071
  327679
  333311
  337407
  342015
  346111
  349183
  352767
  355327
  356863
  358399
  358399
  358399
  357887
  356351
  354303
  352255
  349183
  345599
  342527
  338431
  333823
  329215
  325119
  319999
  315903
  311295
  306175
  302079
  297471
  293887
  290303
  286207
  283135
  280063
  278015
  275455
  273919
  272383
  271359
  270335
  269823
  269311
  269823
  269823
  270335
  270847
  272383
  273407
  274431
  276479
  278015
  280063
  282111
  284159
  286207
  288255
  289791
  292351
  294399
  295935
  296959
  298495
  299519
  300543
  301055
  301567
  301055
  301055
  300031
  299519
  297471
  296447
  294399
  292863
  289791
  287743
  285183
  282111
  280063
  277503
  274431
  271871
  269311
  266751
  264703
  262143
  260607
  258559
  257023
  254975
  253951
  252927
  251903
  251391
  250879
  250879
  250879
  250879
  251391
  252415
  253439
  254975
  255487
  255999
  257023
  258047
  258559
  259583
  259583
  260095
  260607
  261631
  261631
  262143
  261631
  262143
  262143
  261631
  261631
  261119
  260607
  259583
  259071
  258047
  257023
  255999
  254975
  253439
  252415
  250879
  249855
  248831
  247807
  246783
  245759
  245247
  243711
  243199
  241663
  241151
  239615
  239103
  238079
  237567
  237055
  236543
  236543
  236543
  235519
  236031
  236031
  236031
  236543
  237055
  237567
  238079
  238079
  239103
  239103
  240127
  240127
  240127
  240639
  240127
  240127
  239615
  239615
  239103
  238591
  238079
  238079
  237567
  237055
  236543
  235519
  235519
  234495
  233983
  233471
  232447
  232447
  231423
  230911
  229887
  229375
  228863
  228351
  227839
  227327
  227327
  227327
  226815
  227327
  227327
  227839
  227839
  228351
  228863
  229375
  229887
  230399
  230399
  230399
  231423
  230911
  230911
  231423
  231423
  230911
  231423
  230911
  230911
  230399
  229887
  229375
  229375
  228351
  227839
  227327
  226815
  226815
  225791
  225791
  225791
  225279
  225279
  225791
  225791
  225791
  226815
  226815
  227327
  227839
  228351
  228351
  228351
  227839
  227327
  226815
  225791
  224767
  223743
  222719
  220671
  219647
  218111
  216575
  215039
  213503
  211967
  210431
  208895
  207871
  206847
  205311
  204799
  204287
  204287
  204287
  204799
  205311
  206847
  208383
  209919
  212991
  215039
  217599
  220159
  222719
  225791
  228351
  230911
  233471
  235007
  237055
  238591
  240127
  241151
  242175
  242687
  243199
  243711
  243199
  242175
  242175
  241151
  239615
  238591
  237055
  235519
  234495
  232447
  230911
  228863
  227327
  225791
  223743
  221695
  219647
  217599
  216063
  214527
  211967
  210943
  208895
  207359
  206335
  204799
  204287
  203263
  202239
  202239
  201727
  201215
  201727
  201727
  202239
  202751
  203263
  204287
  205823
  206847
  207871
  209407
  210943
  212991
  214015
  216063
  217599
  218623
  220159
  221695
  222719
  223743
  224767
  225791
  226303
  226303
  226815
  226815
  226303
  226303
  225791
  225791
  224767
  224255
  223743
  222719
  221695
  220671
  220159
  219135
  218111
  217599
  217087
  216063
  215039
  214015
  213503
  211967
  210943
  209919
  208895
  207871
  207359
  206847
  206335
  206335
  207359
  207871
  209919
  211455
  214015
  216575
  219135
  221695
  225279
  228351
  231423
  234495
  237055
  240639
  242687
  245247
  247295
  248831
  249855
  250879
  251391
  250879
  250879
  249855
  248831
  247295
  245759
  243199
  241151
  238079
  235519
  231935
  229375
  225791
  222207
  219135
  216063
  212479
  209407
  206847
  204287
  201727
  200191
  197631
  196607
  195583
  194559
  194559
  194559
  195071
  195583
  196607
  197631
  198655
  199679
  201215
  202239
  204287
  205311
  207359
  208383
  209919
  210943
  211967
  212991
  214015
  215039
  215039
  215551
  216063
  216063
  216575
  217087
  216575
  216575
  216063
  216063
  215551
  214527
  213503
  212991
  211455
  209919
  208895
  206847
  205823
  203775
  202239
  201215
  199167
  197631
  196607
  195071
  194047
  193023
  191487
  190463
  190463
  188927
  188415
  187903
  187391
  186879
  186879
  187391
  187391
  187903
  188415
  188927
  189951
  190463
  191487
  191999
  193023
  193535
  194559
  195583
  196607
  197631
  198143
  199167
  199679
  200191
  200703
  201215
  201215
  201215
  201215
  201215
  201215
  201215
  200191
  200191
  199679
  199167
  199167
  198143
  197631
  196095
  195583
  194047
  193535
  192511
  191999
  190463
  190463
  189439
  189439
  188415
  188415
  187903
  187391
  186879
  186879
  186879
  186879
  186879
  186879
  186879
  186879
  187391
  187391
  187903
  187903
  187903
  188415
  188415
  188927
  189439
  189439
  189439
  190463
  189951
  189951
  189951
  189439
  189439
  189439
  188415
  188415
  188415
  187903
  186879
  186879
  186879
  185855
  185343
  184831
  183807
  183807
  182783
  182271
  181759
  181247
  180735
  180735
  179711
  179199
  179199
  178687
  178175
  177663
  177663
  177663
  177151
  177151
  177151
  177151
  177151
  177663
  177663
  177663
  177663
  178175
  178687
  178687
  178687
  179199
  179199
  179711
  179711
  180223
  180735
  180735
  181247
  180735
  180735
  180735
  180223
  179711
  179199
  178687
  178175
  177663
  177151
  176127
  176127
  175103
  175103
  174591
  174079
  174079
  173055
  173055
  172031
  171519
  171007
  169983
  169983
  169471
  168959
  168447
  167935
  167935
  167423
  167423
  167423
  167423
  167935
  167423
  167935
  168447
  168959
  168959
  169983
  170495
  170495
  171519
  172031
  172031
  173055
  173055
  174079
  174079
  174079
  174079
  174079
  174079
  174079
  173567
  173055
  172543
  172031
  171519
  170495
  169471
  168959
  168447
  167423
  166911
  165887
  165375
  164351
  163839
  163327
  162303
  162303
  161279
  161279
  161279
  160767
  160767
  161279
  161279
  160767
  161279
  161279
  161279
  161279
  161279
  161279
  160767
  161279
  160767
  161279
  160767
  161279
  161279
  161279
  161791
  161791
  162303
  162303
  162303
  163327
  163327
  163327
  163839
  164351
  164351
  163839
  164351
  164351
  163327
  163327
  162815
  162815
  161791
  161279
  161279
  160255
  159231
  159231
  159231
  158207
  158207
  157695
  157183
  156671
  156671
  156159
  155647
  155647
  155647
  155135
  155647
  155135
  155135
  155135
  155647
  155135
  155647
  155135
  155647
  155647
  155647
  155647
  155135
  155647
  155135
  155135
  154623
  155135
  154623
  155135
  155135
  155135
  156159
  156671
  157183
  157695
  158207
  159231
  159231
  160255
  160255
  160255
  160767
  160767
  160767
  160767
  160767
  160255
  160255
  159231
  158207
  157695
  156671
  155647
  154623
  153087
  152063
  151039
  149503
  148479
  147967
  146431
  145407
  144383
  143871
  143359
  142847
  142335
  142335
  141823
  141823
  141823
  141823
  141311
  141823
  141823
  141823
  141823
  141823
  142335
  142335
  142847
  142847
  143871
  143871
  143871
  144895
  145919
  145919
  146943
  147455
  148479
  149503
  150015
  151039
  151551
  152575
  152575
  153599
  154111
  154623
  154623
  154623
  155135
  155135
  155135
  154623
  154111
  153599
  152575
  151551
  150527
  149503
  148479
  146943
  146431
  145407
  144895
  143871
  142847
  142847
  141311
  140799
  140287
  140287
  139263
  139775
  139775
  139775
  140287
  140287
  140799
  141823
  141823
  142335
  142847
  143871
  143871
  144383
  145407
  145407
  145919
  146431
  146943
  146943
  147967
  147967
  148479
  148479
  148479
  148479
  148479
  147967
  147455
  146943
  146943
  145919
  144895
  144895
  144383
  143359
  142847
  142335
  141823
  141311
  140799
  140799
  140287
  139775
  139775
  139775
  139775
  139775
  139775
  139775
  140287
  140287
  140799
  140799
  141311
  141823
  141823
  142847
  142335
  142847
  142847
  142847
  143359
  143359
  143359
  143871
  143359
  143871
  143871
  143359
  143359
  143359
  142847
  142847
  142847
  142847
  141823
  141823
  141823
  141823
  140799
  140799
  140799
  140799
  140799
  140287
  140799
  139775
  140287
  139775
  140799
  140799
  140799
  140799
  140799
  140799
  140799
  140799
  140799
  140799
  140287
  140287
  140287
  139263
  138751
  138751
  138239
  138239
  138239
  138239
  138239
  137727
  138239
  138239
  138751
  138239
  138751
  138239
  138751
  138751
  138751
  138751
  138751
  138751
  138751
  138751
  138751
  138751
  138751
  138751
  138751
  138751
  138751
  138239
  138239
  137727
  137727
  137215
  137215
  136703
  136703
  136191
  136191
  135679
  135167
  135167
  135167
  134655
  135167
  134143
  134655
  134655
  134143
  134655
  134655
  135167
  135167
  135167
  135679
  135167
  136191
  136191
  136191
  137215
  137215
  137727
  137727
  137727
  138239
  138239
  137727
  138239
  137727
  137727
  137727
  137727
  137215
  137215
  137215
  137215
  137215
  136703
  136703
  136191
  136191
  136191
  136191
  136191
  136191
  136703
  136703
  136703
  137215
  137215
  136703
  137215
  136703
  136191
  136191
  136191
  136191
  135167
  135167
  135167
  135167
  134655
  134143
  134143
  134143
  134143
  134143
  134143
  134143
  134143
  134143
  134143
  134143
  134143
  134143
  135167
  134655
  135167
  135167
  135167
  135167
  135167
  135167
  135167
  135167
  135167
  135167
  135167
  135167
  135167
  135167
  135167
  135167
  135167
  134655
  135167
  134655
  134655
  134655
  134655
  133631
  133631
  133119
  132607
  131583
  131071
  130047
  129535
  128511
  127999
  127487
  126463
  125951
  125951
  125951
  125439
  125439
  125951
  126463
  126463
  127487
  127487
  128511
  129023
  129535
  130047
  130559
  131071
  131071
  131071
  132095
  131583
  132095
  132095
  132095
  132095
  131583
  132095
  132095
  132095
  132095
  132095
  132095
  132095
  132607
  133119
  133119
  133119
  133119
  133119
  133631
  133119
  133119
  133119
  132607
  132095
  132095
  132095
  131583
  131071
  131583
  131583
  131071
  131583
  131583
  132095
  131583
  132095
  132095
  131583
  132095
  132095
  131583
  131583
  131071
  131583
  131071
  131071
  131071
  130559
  131071
  130559
  130559
  131071
  131071
  131071
  131071
  131071
  131071
  130559
  130559
  130559
  130047
  129535
  129023
  129023
  128511
  127999
  127487
  127487
  127487
  127487
  127999
  127999
  128511
  129023
  129023
  130047
  130559
  131071
  131583
  132095
  132095
  132607
  132607
  132607
  132607
  132607
  132607
  132607
  132095
  132095
  132095
  132095
  131583
  131583
  131583
  131071
  131071
  131583
  131071
  131071
  131071
  130559
  131071
  130047
  130047
  130047
  129535
  129023
  129023
  129023
  128511
  128511
  128511
  128511
  128511
  128511
  128511
  129023
  129023
  129023
  129535
  130047
  130047
  130047
  131071
  131071
  131583
  131583
  131583
  132095
  132095
  132095
  132607
  133119
  133119
  133119
  133119
  133119
  133119
  133119
  132607
  133119
  132607
  132095
  132095
  132095
  131583
  131071
  131071
  130559
  130047
  130047
  129535
  129023
  128511
  127999
  127487
  127487
  126463
  126463
  126463
  126463
  126463
  126463
  126463
  126463
  126463
  126463
  126463
  126463
  126463
  127487
  127999
  128511
  129023
  130047
  131071
  132095
  133119
  134143
  135167
  135679
  137215
  138239
  139263
  140287
  140799
  141823
  142335
  142335
  142847
  142847
  142335
  142335
  141823
  141311
  139775
  139263
  138751
  137215
  136191
  135167
  134143
  132607
  131071
  131071
  130047
  129023
  128511
  127999
  127487
  126975
  126463
  126463
  126463
  126463
  127487
  127487
  127487
  128511
  128511
  129023
  129535
  130047
  131071
  131071
  131583
  131583
  131583
  132095
  132095
  132095
  132095
  132095
  132607
  132607
  133119
  132607
  133119
  132607
  132607
  132095
  132095
  132095
  132095
  131071
  131071
  131071
  130559
  130047
  130047
  129535
  129535
  129023
  129023
  128511
  128511
  128511
  128511
  129023
  129023
  129023
  129535
  129535
  130047
  130047
  130047
  130047
  130047
  130047
  131071
  131071
  131071
  131583
  132095
  132095
  132607
  132607
  132607
  132607
  133119
  132607
  132095
  132607
  132095
  132095
  132095
  132095
  132095
  132095
  132095
  132095
  132095
  132095
  131583
  132095
  132095
  132095
  132095
  131583
  132095
  132095
  132095
  131583
  131071
  131583
  131071
  131071
  130559
  130047
  130047
  130047
  129535
  130047
  130047
  129535
  130047
  129535
  129535
  129023
  129023
  129023
  128511
  128511
  128511
  127999
  127999
  127487
  127487
  127487
  127487
  127487
  127999
  127999
  128511
  129023
  129023
  129535
  130047
  130047
  131071
  131071
  131071
  131583
  132095
  132095
  132095
  132095
  132607
  132607
  132095
  132607
  133119
  132607
  132095
  132607
  132607
  132095
  132095
  132095
  132095
  131071
  131071
  131071
  130047
  130047
  129535
  129535
  129023
  128511
  128511
  128511
  128511
  128511
  128511
  127999
  127999
  127999
  127487
  127487
  127487
  127487
  126975
  127487
  127487
  127487
  127487
  127487
  127487
  127487
  127487
  127487
  127999
  127487
  127999
  127999
  128511
  128511
  128511
  129535
  130047
  130047
  130559
  131071
  132095
  132095
  132607
  133119
  133119
  132607
  133119
  132095
  132095
  132095
  131071
  131583
  131071
  131071
  131071
  131071
  130047
  130047
  130047
  130047
  130047
  129535
  129023
  129023
  128511
  128511
  127999
  127487
  127487
  126463
  125951
  125439
  124927
  124415
  123903
  123391
  123391
  122367
  122367
  122367
  122367
  121855
  122367
  122367
  122367
  122879
  122879
  123391
  124415
  124415
  125439
  126463
  126975
  127487
  128511
  129023
  129535
  130047
  130559
  131071
  131583
  131583
  132095
  132095
  132095
  132095
  132607
  132607
  132095
  132095
  132095
  132095
  132095
  131071
  130559
  130047
  129023
  128511
  127487
  126463
  125439
  124415
  123391
  122367
  121343
  120319
  119295
  118783
  117759
  117759
  116735
  117247
  117759
  117759
  118783
  119295
  120319
  121855
  122367
  124415
  125439
  126975
  127487
  129023
  130047
  131071
  132095
  133119
  133631
  134655
  135167
  135679
  136191
  136191
  136191
  136191
  136703
  136191
  137215
  136703
  137215
  137215
  137215
  137215
  136703
  136703
  136703
  136191
  135679
  134655
  134143
  133119
  132607
  131583
  130559
  130047
  128511
  127999
  126463
  125951
  124415
  123903
  123391
  122367
  121855
  121343
  120831
  120831
  120831
  120831
  121343
  121343
  122367
  122367
  123391
  123903
  124415
  124927
  125439
  125951
  126463
  126975
  127487
  127999
  128511
  129023
  129535
  129535
  130047
  130047
  130047
  130559
  130047
  130047
  130047
  130047
  129023
  129023
  129023
  129023
  129023
  128511
  129023
  128511
  128511
  128511
  128511
  128511
  128511
  127999
  127487
  126975
  126463
  125951
  125439
  124415
  124415
  123391
  122367
  122367
  121343
  121343
  121343
  121343
  121343
  121343
  122367
  122367
  123391
  123391
  123903
  124415
  124415
  124415
  124927
  125439
  125439
  125439
  125439
  125439
  125439
  125439
  125439
  125951
  125439
  125439
  125439
  125951
  125439
  125439
  126463
  126463
  126975
  127487
  127999
  128511
  129023
  130047
  131071
  131071
  131583
  132607
  132607
  133119
  133119
  133119
  133119
  133119
  132607
  132095
  132095
  131071
  130047
  130047
  129023
  128511
  127487
  126975
  126463
  125439
  124927
  124415
  123903
  123391
  122879
  122367
  122367
  122367
  121855
  122367
  122367
  122879
  123391
  124415
  124415
  125439
  126463
  126975
  127487
  128511
  129023
  129023
  129535
  130047
  130047
  131071
  130559
  131071
  131583
  132095
  132095
  132095
  132607
  133119
  134143
  136191
  137727
  139263
  141311
  143359
  144895
  145919
  146943
  147967
  148479
  148479
  148479
  148479
  148479
  147967
  147455
  146943
  145919
  145407
  144383
  143871
  142847
  142847
  142335
  142847
  143359
  143871
  144383
  144895
  144895
  145407
  145407
  145919
  145919
  145407
  145919
  145407
  144895
  144383
  143871
  142847
  142335
  140799
  140287
  139263
  138239
  137215
  136191
  135167
  133631
  132607
  132095
  131583
  131071
  131071
  130559
  131071
  130559
  131071
  131583
  131583
  132095
  133119
  134143
  135167
  136191
  137215
  138751
  139775
  140799
  141823
  142847
  143871
  144383
  144895
  145919
  146431
  146431
  146431
  146431
  146431
  146431
  145919
  145919
  145919
  145407
  144895
  144895
  144895
  144895
  144383
  143871
  143871
  143871
  142847
  142335
  141823
  141823
  140799
  140287
  139775
  139775
  138751
  138239
  138239
  137215
  136191
  136191
  135679
  135167
  134143
  134143
  134143
  134143
  134143
  134143
  134655
  134655
  135167
  135679
  136191
  137215
  137215
  137727
  138239
  138751
  138751
  139775
  140287
  141311
  141823
  141823
  142335
  142335
  142335
  142335
  141823
  142847
  142847
  144383
  145919
  146943
  147455
  147967
  148479
  148479
  148479
  148479
  148479
  147967
  147455
  146431
  145919
  144895
  143871
  142847
  141823
  140799
  138751
  137727
  136191
  135167
  133119
  132095
  130559
  130047
  128511
  127999
  127487
  126975
  126975
  126975
  127487
  126975
  127487
  127999
  129023
  129535
  130047
  131071
  132095
  132607
  133631
  134143
  135167
  135167
  135679
  136191
  136191
  136191
  136191
  136191
  136191
  136191
  135679
  135679
  135679
  136191
  135679
  136191
  136191
  136191
  136191
  136191
  136191
  136703
  136703
  136703
  137215
  137215
  137215
  137215
  137727
  137727
  137215
  137727
  137215
  137215
  137215
  137215
  137215
  136703
  136191
  136191
  135167
  135167
  134143
  134143
  133631
  133119
  133119
  133119
  132607
  133119
  133119
  133119
  133631
  134143
  134655
  134655
  135167
  135167
  136191
  136191
  136703
  136703
  137215
  137215
  137727
  137727
  137727
  137727
  138239
  137727
  138239
  137727
  138239
  138239
  137727
  138239
  137727
  137727
  137727
  137727
  137215
  137215
  137215
  137215
  137215
  137215
  136703
  137215
  137215
  137215
  137727
  137727
  138239
  138239
  138751
  138751
  138751
  138751
  138239
  138239
  137727
  136703
  136703
  135679
  135167
  134655
  134655
  134143
  134143
  134143
  134143
  134655
  134655
  134655
  135167
  135167
  135167
  135167
  135167
  135167
  135167
  135167
  135679
  135167
  135679
  135679
  136191
  135679
  136191
  136191
  135679
  136191
  135679
  136191
  136191
  136191
  136191
  137215
  137215
  137727
  138239
  138239
  138751
  139263
  139775
  139775
  140287
  140799
  141311
  141823
  141823
  142335
  142847
  142335
  142847
  142847
  142847
  142847
  142847
  142847
  142847
  143359
  143359
  143871
  143871
  144383
  144383
  144383
  144383
  143871
  143871
  143359
  142847
  142335
  141823
  140799
  140799
  140287
  139775
  139263
  138751
  138239
  138239
  137727
  137215
  137215
  136191
  136703
  136703
  137215
  137215
  137727
  138751
  138751
  139263
  140287
  140799
  141311
  141823
  141823
  142847
  143359
  143359
  143871
  143871
  143871
  144383
  144895
  144895
  144895
  144895
  144895
  144895
  144895
  144383
  143871
  144383
  143871
  144383
  144383
  144383
  144895
  144895
  145407
  145407
  144895
  145407
  144895
  144895
  144895
  144383
  144383
  143871
  143871
  143359
  142847
  143359
  142847
  142847
  142847
  142847
  142847
  142847
  142847
  142847
  142847
  142847
  142847
  142847
  142847
  142847
  143359
  143871
  144383
  144895
  145407
  145919
  145919
  146943
  146943
  147967
  147967
  148991
  150015
  151039
  152575
  153599
  154623
  155647
  156671
  157695
  158719
  159743
  160255
  160767
  160767
  160767
  160767
  160255
  159743
  158719
  157695
  156671
  155647
  154111
  153087
  151551
  150527
  149503
  147967
  146943
  145919
  145407
  144895
  144383
  143871
  143359
  143359
  142847
  142847
  143359
  143359
  143871
  144383
  144895
  145919
  146943
  147455
  148479
  149503
  151039
  152063
  153087
  154111
  155135
  155647
  156671
  157183
  157695
  158207
  158207
  158719
  158719
  158719
  158207
  158207
  158207
  157695
  157183
  156671
  155647
  154623
  154111
  152575
  151551
  150527
  149503
  148479
  146943
  145919
  144895
  143871
  142847
  142335
  141311
  141311
  140799
  140287
  140799
  140799
  140799
  140799
  141823
  142335
  143871
  143871
  145919
  146431
  147967
  148991
  150015
  151551
  152063
  153087
  154111
  154623
  155647
  155647
  156159
  156159
  156159
  156671
  156671
  156671
  156671
  156671
  156671
  157695
  156671
  157183
  156671
  156671
  155647
  155135
  154111
  153599
  152575
  151551
  151039
  149503
  148991
  148479
  147967
  146943
  146431
  145919
  144895
  144383
  143871
  143359
  143359
  142847
  142847
  142847
  143359
  143359
  143871
  144895
  145407
  145919
  146943
  147455
  147967
  148479
  149503
  150015
  150527
  150527
  151039
  151039
  150527
  150527
  150527
  150015
  149503
  148991
  148991
  148479
  148479
  147967
  147967
  147967
  147967
  147967
  147455
