   16341
   16281
   16215
   16136
   16057
   16081
   16163
   16308
   16431
   16337
   16059
   15702
   15300
   14916
   14654
   14531
   14511
   14624
   14809
   15071
   15432
   15809
   16162
   16517
   16857
   17111
   17235
   17270
   17222
   17126
   17005
   16837
   16592
   16381
   16197
   16057
   16019
   16075
   16139
   16237
   16365
   16485
   16539
   16456
   16253
   15988
   15736
   15515
   15336
   15229
   15227
   15381
   15641
   15953
   16302
   16626
   16936
   17178
   17281
   17347
   17422
   17475
   17458
   17362
   17199
   16989
   16756
   16549
   16478
   16594
   16784
   16934
   17086
   17173
   17171
   17084
   16962
   16802
   16701
   16620
   16526
   16488
   16533
   16573
   16582
   16614
   16660
   16665
   16685
   16747
   16786
   16817
   16860
   16889
   16935
   17026
   17131
   17260
   17413
   17505
   17517
   17485
   17423
   17281
   17081
   16816
   16486
   16147
   15872
   15670
   15583
   15656
   15813
   16038
   16349
   16641
   16906
   17169
   17400
   17520
   17580
   17628
   17634
   17578
   17514
   17407
   17290
   17211
   17136
   17100
   17117
   17206
   17270
   17276
   17238
   17135
   16977
   16852
   16740
   16645
   16576
   16553
   16552
   16594
   16700
   16799
   16921
   17123
   17339
   17516
   17708
   17872
   17966
   18036
   18038
   17897
   17651
   17382
   17108
   16869
   16713
   16642
   16610
   16664
   16797
   16943
   17167
   17437
   17646
   17795
   17933
   17981
   17947
   17883
   17803
   17699
   17639
   17650
   17651
   17662
   17643
   17565
   17465
   17407
   17397
   17369
   17342
   17369
   17385
   17424
   17481
   17502
   17543
   17591
   17626
   17658
   17705
   17765
   17774
   17781
   17832
   17872
   17946
   18049
   18134
   18194
   18239
   18266
   18281
   18295
   18253
   18099
   17864
   17624
   17390
   17169
   17049
   17003
   17024
   17124
   17252
   17338
   17423
   17486
   17536
   17653
   17842
   18017
   18157
   18282
   18370
   18420
   18490
   18533
   18515
   18456
   18405
   18352
   18314
   18269
   18146
   18026
   17911
   17741
   17593
   17489
   17461
   17502
   17604
   17767
   17953
   18137
   18325
   18466
   18584
   18695
   18775
   18832
   18795
   18650
   18456
   18275
   18158
   18070
   18023
   18062
   18166
   18314
   18508
   18667
   18790
   18881
   18878
   18696
   18467
   18243
   18012
   17838
   17761
   17721
   17741
   17821
   17918
   17999
   18080
   18159
   18212
   18272
   18371
   18457
   18512
   18557
   18624
   18671
   18688
   18641
   18594
   18586
   18543
   18484
   18475
   18541
   18638
   18706
   18706
   18678
   18658
   18641
   18576
   18516
   18458
   18343
   18176
   18075
   18036
   18004
   18002
   18038
   18078
   18161
   18312
   18452
   18599
   18738
   18831
   18873
   18897
   18899
   18874
   18872
   18899
   18884
   18844
   18812
   18735
   18631
   18579
   18598
   18618
   18712
   18886
   19068
   19271
   19465
   19544
   19501
   19384
   19226
   19061
   18930
   18798
   18641
   18523
   18438
   18361
   18296
   18325
   18438
   18585
   18802
   19090
   19325
   19497
   19604
   19564
   19427
   19292
   19142
   18949
   18746
   18532
   18246
   17963
   17818
   17793
   17807
   17925
   18126
   18356
   18656
   19009
   19249
   19464
   19751
   19975
   20055
   20041
   19970
   19818
   19626
   19407
   19186
   18987
   18804
   18606
   18456
   18362
   18296
   18289
   18372
   18482
   18578
   18723
   18883
   18929
   18918
   18908
   18867
   18811
   18791
   18754
   18720
   18779
   18897
   19051
   19284
   19539
   19716
   19834
   19929
   19923
   19817
   19643
   19418
   19191
   18987
   18798
   18619
   18471
   18346
   18201
   18085
   18012
   17906
   17777
   17673
   17557
   17412
   17294
   17257
   17262
   17320
   17430
   17573
   17772
   18063
   18424
   18821
   19249
   19608
   19856
   20010
   20054
   19997
   19847
   19588
   19212
   18779
   18328
   17893
   17576
   17426
   17369
   17406
   17584
   17794
   17972
   18145
   18300
   18375
   18367
   18348
   18333
   18361
   18461
   18568
   18722
   18925
   19104
   19260
   19436
   19628
   19763
   19843
   19919
   19903
   19798
   19598
   19258
   18812
   18328
   17825
   17441
   17244
   17238
   17405
   17752
   18217
   18720
   19187
   19575
   19799
   19863
   19765
   19503
   19126
   18729
   18374
   18062
   17844
   17735
   17684
   17724
   17844
   18021
   18298
   18653
   19046
   19430
   19794
   20084
   20248
   20314
   20293
   20122
   19873
   19628
   19429
   19299
   19269
   19304
   19371
   19509
   19589
   19598
   19555
   19416
   19200
   18941
   18675
   18437
   18292
   18251
   18277
   18431
   18688
   18982
   19292
   19582
   19788
   19878
   19923
   19902
   19782
   19569
   19323
   19090
   18935
   18860
   18845
   18878
   18931
   18950
   18954
   18958
   18909
   18814
   18732
   18636
   18549
   18490
   18425
   18322
   18217
   18154
   18076
   18005
   18015
   18066
   18198
   18424
   18699
   19001
   19265
   19431
   19475
   19447
   19371
   19198
   18971
   18710
   18401
   18112
   17891
   17730
   17636
   17607
   17686
   17843
   18030
   18269
   18509
   18701
   18867
   19001
   19044
   18987
   18868
   18684
   18431
   18139
   17786
   17395
   17028
   16745
   16629
   16725
   16994
   17416
   17975
   18571
   19039
   19295
   19307
   19053
   18525
   17800
   17032
   16289
   15684
   15331
   15250
   15441
   15940
   16682
   17517
   18304
   18894
   19162
   19086
   18755
   18215
   17584
   17000
   16503
   16167
   16038
   16099
   16291
   16618
   17051
   17454
   17816
   18157
   18418
   18575
   18657
   18632
   18503
   18336
   18137
   17857
   17572
   17319
   17099
   16982
   16990
   17056
   17109
   17097
   16919
   16599
   16242
   15916
   15677
   15600
   15758
   16076
   16537
   17143
   17788
   18408
   18978
   19395
   19617
   19700
   19634
   19398
   19012
   18502
   17913
   17297
   16754
   16324
   16031
   15914
   15956
   16140
   16423
   16799
   17223
   17708
   18228
   18692
   19066
   19343
   19487
   19482
   19386
   19200
   18900
   18553
   18226
   17895
   17657
   17549
   17532
   17552
   17609
   17684
   17681
   17484
   17120
   16661
   16182
   15826
   15655
   15729
   16077
   16649
   17345
   18105
   18865
   19477
   19904
   20133
   20073
   19766
   19317
   18789
   18207
   17633
   17137
   16734
   16487
   16429
   16511
   16630
   16665
   16601
   16429
   16210
   16074
   16038
   16145
   16465
   16913
   17417
   17976
   18535
   19007
   19347
   19515
   19456
   19277
   19056
   18730
   18333
   17929
   17500
   17102
   16770
   16463
   16132
   15837
   15644
   15580
   15694
   16016
   16433
   16896
   17434
   17987
   18423
   18668
   18641
   18356
   17897
   17401
   16950
   16575
   16344
   16282
   16383
   16733
   17275
   17875
   18497
   19100
   19565
   19849
   19895
   19700
   19331
   18855
   18305
   17732
   17224
   16807
   16412
   16055
   15795
   15629
   15580
   15738
   16080
   16592
   17222
   17944
   18654
   19270
   19790
   20120
   20231
   20089
   19704
   19123
   18407
   17658
   16926
   16289
   15865
   15649
   15615
   15732
   15910
   16043
   16167
   16284
   16401
   16599
   16849
   17161
   17559
   18016
   18504
   18947
   19267
   19361
   19164
   18694
   18050
   17343
   16650
   16088
   15770
   15702
   15842
   16163
   16489
   16732
   16833
   16636
   16195
   15746
   15432
   15306
   15439
   15834
   16430
   17176
   18004
   18811
   19521
   20095
   20434
   20416
   20096
   19528
   18694
   17737
   16691
   15664
   14823
   14300
   14103
   14263
   14828
   15690
   16733
   17881
   18998
   19947
   20651
   21056
   21089
   20795
   20190
   19317
   18264
   17195
   16247
   15489
   14993
   14820
   14971
   15409
   16079
   16832
   17602
   18355
   18938
   19267
   19344
   19207
   18875
   18377
   17829
   17255
   16678
   16169
   15721
   15382
   15197
   15192
   15340
   15660
   16090
   16480
   16705
   16617
   16181
   15564
   14939
   14389
   14014
   13909
   14101
   14557
   15262
   16099
   16892
   17521
   17801
   17662
   17202
   16542
   15796
   15096
   14590
   14290
   14178
   14342
   14773
   15436
   16265
   17170
   17996
   18623
   19066
   19245
   19127
   18780
   18201
   17394
   16414
   15285
   14145
   13190
   12536
   12219
   12333
   12915
   13812
   14956
   16293
   17619
   18773
   19646
   20148
   20236
   19911
   19259
   18319
   17224
   16115
   15092
   14236
   13663
   13395
   13393
   13679
   14227
   14877
   15509
   16098
   16562
   16848
   16974
   16928
   16709
   16405
   16055
   15653
   15254
   14851
   14308
   13556
   12659
   11768
   10976
   10400
   10217
   10479
   11186
   12300
   13683
   15142
   16516
   17659
   18422
   18733
   18629
   18137
   17310
   16319
   15294
   14345
   13614
   13161
   12961
   13025
   13386
   13974
   14637
   15271
   15751
   15995
   16004
   15809
   15459
   15026
   14617
   14267
   13977
   13849
   13854
   13964
   14215
   14590
   15010
   15468
   15921
   16255
   16426
   16424
   16149
   15506
   14581
   13505
   12407
   11440
   10761
   10483
   10568
   10925
   11340
   11678
   11941
   12235
   12594
   13036
   13532
   14016
   14437
   14794
   15098
   15310
   15422
   15400
   15213
   14802
   14203
   13523
   12824
   12224
   11841
   11694
   11801
   12223
   12858
   13537
   14208
   14772
   15161
   15368
   15421
   15366
   15213
   15018
   14822
   14622
   14449
   14356
   14346
   14367
   14362
   14284
   13913
   13143
   12037
   10751
    9538
    8656
    8290
    8514
    9328
   10723
   12502
   14449
   16417
   18154
   19450
   20202
   20370
   19917
   18944
   17600
   16041
   14457
   13024
   11883
   11118
   10795
   10964
   11546
   12397
   13443
   14557
   15618
   16539
   17208
   17537
   17555
   17247
   16654
   15822
   14817
   13622
   12316
   11058
    9931
    9088
    8686
    8822
    9475
   10610
   12076
   13645
   15172
   16532
   17530
   17992
   17942
   17422
   16491
   15292
   14034
   12840
   11862
   11203
   10927
   11023
   11453
   12142
   12966
   13805
   14583
   15186
   15545
   15612
   15396
   14849
   13874
   12439
   10624
    8645
    6834
    5516
    4852
    4953
    5829
    7322
    9272
   11477
   13621
   15426
   16717
   17402
   17482
   17034
   16196
   15093
   13904
   12797
   11902
   11268
   10903
   10752
   10760
   10893
   11133
   11514
   11932
   12368
   12787
   13144
   13459
   13756
   13924
   13790
   13266
   12408
   11345
   10286
    9479
    9045
    9084
    9641
   10663
   12018
   13569
   15198
   16683
   17782
   18392
   18380
   17623
   16160
   14234
   12122
   10092
    8455
    7384
    6986
    7317
    8279
    9699
   11423
   13239
   15740
   18432
   19716
   19783
   18905
   17386
   15467
   13363
   11323
    9508
    8029
    7087
    6845
    7277
    8349
    9947
   11889
   13929
   15820
   17273
   17974
   17764
   16671
   14901
   12844
   10805
    9085
    7923
    7587
    8084
    9277
   11071
   13240
   15492
   17600
   19321
   20388
   20688
   20212
   19020
   17287
   15242
   13093
   11072
    9421
    8241
    7633
    7701
    8339
    9405
   10780
   12263
   13645
   14814
   15682
   16149
   16200
   15886
   15228
   14333
   13310
   12210
   11186
   10415
    9938
    9771
    9914
   10336
   10989
   11872
   12897
   13800
   14444
   14813
   14876
   14622
   14146
   13546
   12836
   12127
   11487
   10941
   10574
   10443
   10496
   10698
   11006
   11405
   11833
   12287
   12774
   13189
   13452
   13464
   13085
   12347
   11364
   10303
    9314
    8555
    8132
    8106
    8555
    9468
   10739
   12128
   13375
   14276
   14642
   14474
   13813
   12713
   11374
   10059
    8920
    8069
    7620
    7600
    7989
    8738
    9773
   10921
   12046
   13042
   13753
   14136
   14115
   13528
   12318
   10617
    8597
    6499
    4726
    3624
    3299
    3797
    5099
    7028
    9402
   11977
   14424
   16439
   17791
   18378
   18157
   17167
   15528
   13426
   11154
    9025
    7206
    5904
    5281
    5339
    6036
    7299
    8926
   10703
   12464
   13969
   15019
   15531
   15501
   14899
   13861
   12540
   11086
    9719
    8539
    7656
    7173
    7114
    7410
    8023
    8934
    9957
   10969
   11893
   12600
   12953
   12905
   12509
   11830
   11018
   10211
    9466
    8929
    8717
    8759
    9044
    9567
   10181
   10645
   10806
   10592
    9912
    8925
    7871
    6910
    6191
    5842
    5921
    6446
    7420
    8718
   10131
   11538
   12806
   13886
   14716
   15074
   14877
   14233
   13219
   11963
   10618
    9329
    8207
    7352
    6890
    6870
    7261
    7980
    8932
    9967
   10968
   11806
   12308
   12293
   11741
   10728
    9418
    8021
    6778
    5838
    5353
    5413
    5971
    6982
    8354
    9889
   11377
   12704
   13751
   14403
   14627
   14434
   13863
   12988
   11911
   10744
    9580
    8576
    7839
    7391
    7328
    7574
    8078
    8785
    9576
   10383
   11175
   11824
   12228
   12384
   12254
   11808
   11096
   10230
    9239
    8256
    7490
    6962
    6742
    6925
    7482
    8297
    9246
   10274
   11214
   11957
   12488
   12671
   12480
   12008
   11335
   10546
    9761
    9030
    8365
    7738
    7139
    6566
    6059
    5705
    5584
    5727
    6184
    6959
    7950
    9073
   10229
   11285
   12147
   12738
   12998
   12892
   12457
   11750
   10860
    9911
    9034
    8253
    7527
    6788
    5973
    5047
    4174
    3554
    3274
    3431
    4087
    5149
    6564
    8247
   10042
   11716
   13131
   14170
   14663
   14602
   14063
   13074
   11719
   10220
    8761
    7501
    6583
    6113
    6080
    6487
    7284
    8339
    9521
   10696
   11768
   12624
   13183
   13365
   13076
   12364
   11325
   10034
    8642
    7368
    6381
    5760
    5628
    6003
    6798
    7947
    9352
   10780
   12027
   12984
   13544
   13595
   13216
   12524
   11578
   10505
    9482
    8592
    7858
    7351
    7135
    7189
    7525
    8142
    8919
    9729
   10541
   11319
   11933
   12217
   12090
   11388
   10040
    8124
    5868
    3576
    1573
     210
    -366
      -8
    1312
    3402
    6056
    8991
   11885
   14445
   16430
   17620
   17905
   17329
   16013
   14109
   11814
    9421
    7148
    5211
    3834
    3155
    3237
    4036
    5450
    7267
    9282
   11264
   13001
   14316
   15076
   15199
   14675
   13618
   12170
   10480
    8750
    7214
    6026
    5281
    5041
    5281
    5939
    6832
    7835
    8767
    9522
   10110
   10504
   10690
   10716
   10632
   10412
   10112
    9835
    9585
    9342
    9172
    9131
    9198
    9363
    9664
   10000
   10318
   10595
   10775
   10822
   10754
   10603
   10358
   10037
    9676
    9320
    9033
    8852
    8795
    8810
    8939
    9222
    9612
   10064
   10524
   10915
   11168
   11249
   11172
   10929
   10552
   10133
    9701
    9297
    8989
    8832
    8811
    8893
    9051
    9286
    9527
    9710
    9838
    9923
    9943
    9946
    9914
    9875
    9857
    9818
    9767
    9750
    9791
    9821
    9840
    9900
    9923
    9896
    9844
    9809
    9746
    9657
    9583
    9511
    9410
    9309
    8116
    4346
    2143
    2140
    3382
    5446
    7992
   10622
   13020
   14953
   16368
   18256
   19415
   18719
   16790
   14060
   10949
    7759
    3326
    -272
   -1817
   -1737
    -247
    2306
    5559
    9153
   12669
   15701
   17947
   19162
   19253
   18287
   16406
   13828
   10928
    8094
    5586
    3649
    2486
    2163
    2675
    3957
    5835
    8013
   10275
   12385
   14080
   15174
   15599
   15324
   14395
   12951
   11176
    9286
    7490
    6038
    5089
    4702
    4920
    5681
    6839
    8243
    9701
   11029
   12103
   12829
   13097
   12935
   12412
   11578
   10513
    9393
    8321
    7396
    6748
    6422
    6442
    6780
    7356
    7988
    8581
    9051
    9341
    9410
    9355
    9233
    9063
    8903
    8853
    8906
    9015
    9167
    9352
    9561
    9770
    9977
   10143
   10246
   10329
   10338
   10258
   10109
    9899
    9627
    9365
    9158
    8960
    8768
    8651
    8665
    8736
    8865
    9048
    9263
    9500
    9772
   10025
   10185
   10234
   10204
   10044
    9822
    9591
    9320
    9100
    8966
    8874
    8766
    8581
    8289
    7881
    7427
    7028
    6741
    6616
    6711
    7052
    7569
    8251
    9073
    9898
   10656
   11331
   11825
   12076
   12094
   11935
   11583
   11066
   10482
    9909
    9372
    8943
    8660
    8556
    8602
    8808
    9171
    9590
    9960
   10178
   10147
    9886
    9449
    8899
    8341
    7890
    7590
    7450
    7578
    7937
    8434
    9033
    9746
   10494
   11194
   11769
   12170
   12319
   12238
   12003
   11601
   11040
   10386
    9713
    9052
    8485
    8104
    7918
    7954
    8221
    8680
    9257
    9891
   10540
   11040
   11341
   11480
   11393
   11041
   10532
    9953
    9352
    8764
    8191
    7588
    6968
    6406
    5939
    5617
    5570
    5816
    6328
    7127
    8122
    9150
    9989
   10479
   10527
   10165
    9489
    8581
    7614
    6785
    6244
    6076
    6295
    6928
    7881
    9036
   10273
   11474
   12486
   13223
   13650
   13732
   13484
   12980
   12245
   11347
   10444
    9644
    8978
    8461
    8107
    7919
    7900
    8069
    8392
    8798
    9266
    9791
   10345
   10848
   11304
   11691
   11924
   11967
   11901
   11703
   11431
   11114
   10755
   10383
   10081
    9899
    9830
    9882
   10058
   10322
   10631
   10958
   11298
   11565
   11700
   11735
   11641
   11389
   11034
   10648
   10284
   10026
    9898
    9873
    9992
   10224
   10491
   10691
   10784
   10724
   10503
   10212
    9929
    9607
    9310
    9222
    9375
    9665
   10031
   10427
   10698
   10741
   10593
   10235
    9720
    9173
    8703
    8355
    8190
    8262
    8524
    8932
    9481
   10038
   10482
   10722
   10745
   10560
   10184
    9743
    9309
    8922
    8714
    8710
    8934
    9346
    9942
   10619
   11251
   11788
   12187
   12408
   12469
   12367
   12092
   11677
   11216
   10760
   10275
    9881
    9642
    9561
    9654
    9887
   10205
   10570
   10993
   11374
   11626
   11752
   11723
   11418
   10803
    9954
    8898
    7784
    6796
    6013
    5571
    5586
    6053
    6912
    8123
    9556
   11016
   12343
   13432
   14181
   14503
   14435
   14015
   13253
   12191
   10903
    9493
    8088
    6932
    6119
    5687
    5753
    6326
    7311
    8548
    9886
   11098
   11994
   12549
   12690
   12471
   11967
   11285
   10528
    9831
    9285
    8939
    8867
    9030
    9373
    9895
   10569
   11265
   11878
   12386
   12720
   12842
   12837
   12663
   12330
   11928
   11498
   11036
   10622
   10359
   10180
   10094
   10100
   10148
   10260
   10448
   10646
   10806
   10974
   11139
   11229
   11296
   11361
   11350
   11268
   11205
   11133
   11054
   11038
   11043
   11042
   11063
   11110
   11152
   11216
   11324
   11395
   11419
   11462
   11507
   11511
   11478
   11314
   11005
   10656
   10297
    9879
    8802
    7311
    4252
    -968
   -3429
   -2309
     883
    5396
   10590
   15766
   20327
   23776
   25748
   26111
   24898
   22229
   18470
   14162
    9779
    5772
    2554
     457
    -358
     164
    1939
    4613
    7793
   11144
   14252
   16781
   18489
   19204
   18893
   17666
   15727
   13291
   10729
    8341
    6327
    4917
    4302
    4504
    5411
    6895
    8763
   10777
   12743
   14487
   15750
   16412
   16486
   15961
   14913
   13527
   11956
   10328
    8867
    7711
    6925
    6638
    6865
    7527
    8560
    9853
   11182
   12387
   13379
   14011
   14195
   14008
   13550
   12869
   12038
   11154
   10297
    9562
    9045
    8750
    8680
    8840
    9152
    9555
   10036
   10528
   10959
   11314
   11579
   11729
   11716
   11565
   11317
   10997
   10653
   10356
   10166
   10127
   10211
   10361
   10578
   10884
   11225
   11505
   11662
   11684
   11546
   11268
   10919
   10517
   10159
    9935
    9823
    9813
    9856
    9820
    9659
    9333
    8916
    8460
    8087
    7869
    7843
    8087
    8588
    9276
   10121
   11068
   11988
   12749
   13295
   13596
   13633
   13412
   12941
   12254
   11505
   10805
   10175
    9625
    9109
    8597
    8148
    7843
    7675
    7724
    8014
    8498
    9211
   10123
   11062
   11846
   12474
   12963
   13600
   14478
   15100
   14588
   13144
   11768
   10302
    9257
    9100
    9665
    9245
    7288
    7139
    8025
    8322
    8605
    8911
    8302
    7412
    6793
    6602
    6748
    7110
    7710
    8490
    9781
   11500
   13047
   14020
   14338
   14198
   13778
   13043
   12079
   11001
    9877
    8997
    8834
    8904
    8551
    8337
    8926
   10011
   11049
   12047
   13175
   14131
   14495
   14261
   13729
   13004
   11855
   10458
    8763
    7184
    6232
    5904
    6137
    6923
    8076
    9247
   10232
   10866
   11323
   11577
   11371
   10994
   10734
   10520
   10306
   10080
    9663
   10058
   11268
   11715
   10741
    9456
    9403
   10437
   11787
   12950
   14116
   15376
   15835
   15061
   13851
   12503
   11174
    9819
    8467
    7474
    7023
    7165
    7839
    8814
    9985
   11230
   12488
   13651
   14493
   14758
   14614
   13955
   11737
    7821
     599
   -9468
  -19772
  -28537
  -34833
  -38074
  -38010
  -34781
  -29009
  -21447
  -12840
   -3908
    4287
   10899
   15372
   17257
   16826
   13621
    9150
    3379
   -5499
  -14081
  -21198
  -26289
  -28874
  -28871
  -26468
  -22011
  -16080
   -9226
    -718
    7472
   12976
   15715
   15650
   12927
    8133
    1970
   -4808
  -11429
  -17173
  -21435
  -23804
  -24137
  -22530
  -19225
  -14679
   -9488
   -4225
     483
    4133
    6399
    7119
    6321
    4140
     887
   -2991
   -7016
  -10770
  -13818
  -15851
  -16738
  -16434
  -15006
  -12672
   -9753
   -6587
   -3544
    -957
     923
    1925
    1956
    1080
    -556
   -2717
   -5145
   -7592
   -9746
  -11362
  -12280
  -12464
  -11908
  -10720
   -9070
   -7180
   -5292
   -3582
   -2232
   -1351
   -1027
   -1287
   -2073
   -3224
   -4649
   -6192
   -7626
   -8812
   -9629
   -9956
   -9820
   -9295
   -8478
   -7445
   -6333
   -5247
   -4305
   -3601
   -3208
   -3149
   -3411
   -3973
   -4735
   -5613
   -6489
   -7320
   -8036
   -8516
   -8699
   -8576
   -8190
   -7606
   -6885
   -6106
   -5375
   -4791
   -4377
   -4175
   -4218
   -4451
   -4843
   -5380
   -5985
   -6569
   -5860
    4020
   24301
   47264
   67904
   83131
   91097
   90919
   82816
   67983
   48449
   26631
    5062
  -13906
  -28377
  -36929
  -38984
  -34757
  -25127
  -11506
    4303
   20378
   34883
   46195
   53230
   55464
   52854
   45917
   35687
   23469
   10701
   -1123
  -10738
  -17240
  -20060
  -19083
  -14623
   -7316
    1839
   11659
   21065
   29088
   34850
   37836
   37898
   35129
   29991
   23259
   15698
    8185
    1559
   -3514
   -6554
   -7258
   -5659
   -2101
    2899
    8748
   14729
   20139
   24347
   26739
   27031
   25275
   21732
   16897
   11498
    6280
    1815
   -1374
   -2896
   -2643
    -723
    2594
    6918
   11675
   16324
   20351
   23332
   24980
   25190
   23977
   21519
   18157
   14307
   10409
    6937
    4283
    2671
    2192
    2914
    4717
    7322
   10377
   13531
   16415
   18703
   20199
   20757
   20350
   19090
   17108
   14704
   12187
    9828
    7845
    6409
    5657
    5659
    6397
    7753
    9572
   11632
   13688
   15459
   16804
   17617
   17782
   17307
   16274
   14788
   13039
   11267
    9632
    8323
    7558
    7376
    7771
    8706
   10039
   11606
   13230
   14724
   15891
   16677
   17025
   16897
   16326
   15354
   14119
   12764
   11469
   10352
    9529
    9038
    8920
    9207
    9823
   10643
   11631
   12676
   13659
   14492
   15126
   15484
   15535
   15297
   14802
   14108
   13310
   12508
   11798
   11276
   10958
   10848
   10980
   11309
   11789
   12369
   12982
   13548
   14006
   14287
   14366
   14304
   14156
   13939
   13703
   13477
   13307
   13216
   13198
   13224
   13264
   13284
   13235
   13145
   13027
   12812
   12469
   12033
   11576
   11170
   10896
   10751
   10768
   11005
   11415
   11919
   12484
   13028
   13465
   13644
   13371
   12498
   11058
    9268
    7454
    5985
    5062
    4792
    5264
    6463
    8189
   10309
   12544
   14617
   16340
   17539
   18080
   17988
   17335
   16181
   14658
   13026
   11469
   10030
    8826
    7993
    7599
    7761
    8493
    9693
   11285
   12949
   14438
   15736
   16710
   17238
   17133
   16376
   15043
   13483
   11921
   10429
    9133
    8244
    7894
    8077
    8739
    9750
   11044
   12504
   13863
   15094
   16076
   16576
   16394
   15647
   14472
   12947
   11454
   10177
    9249
    8833
    8806
    9058
    9510
    9983
   10326
   10501
   10466
   10274
   10061
    9876
    9786
    9885
   10161
   10570
   11110
   11699
   12281
   12917
   13497
   13921
   14229
   14326
   14180
   13849
   13316
   12534
   11599
   10593
    9606
    8800
    8297
    8100
    8289
    8813
    9589
   10623
   11786
   12908
   13923
   14704
   15135
   15162
   14758
   13888
   12640
   11180
    9660
    8288
    7238
    6603
    6502
    6815
    7265
    7741
    8162
    8482
    8753
    9019
    9268
    9570
    9969
   10452
   11016
   11629
   12250
   12867
   13407
   13761
   13851
   13621
   13014
   12023
   10766
    9394
    8094
    7072
    6475
    6367
    6817
    7745
    9025
   10498
   12006
   13379
   14500
   15269
   15604
   15538
   15099
   14290
   13270
   12211
   11199
   10386
    9809
    9488
    9427
    9483
    9684
    9977
   10344
   10891
   11684
   12522
   12941
   12707
   12048
   11166
   10147
    9191
    8473
    8043
    7961
    8285
    8950
    9876
   10980
   12142
   13189
   14068
   14661
   14858
   14721
   14283
   13596
   12780
   11930
   11107
