   22325
   21525
   20352
   18984
   17364
   15508
   13605
   12019
   10855
    9983
    9406
    9248
    9675
   10611
   11766
   12932
   13991
   14979
   15845
   16356
   16410
   16103
   15653
   15097
   14360
   13307
   11987
   10598
    9510
    8924
    8808
    8993
    9364
    9929
   10764
   11723
   12511
   13009
   13250
   13417
   13454
   13284
   12986
   12696
   12556
   12498
   12487
   12462
   12568
   12860
   13012
   12936
   12791
   12817
   13030
   13191
   13105
   12716
   12022
   11180
   10155
    8719
    6690
    4016
    1024
   -1972
   -4735
   -7080
   -8837
   -9555
   -8731
   -6252
   -2288
    2694
    8291
   14095
   19545
   24144
   27560
   29776
   30741
   30353
   28720
   26003
   22583
   18738
   14671
   10509
    6589
    3106
     279
   -1703
   -2853
   -3224
   -2911
   -1842
    -111
    2161
    4729
    7554
   10445
   13079
   15234
   16806
   17815
   18152
   17659
   16209
   14073
   11603
    8666
    5467
    2612
     449
    -884
   -1362
   -1184
    -497
     623
    2191
    4202
    6451
    8622
   10557
   12319
   13728
   14545
   14673
   14320
   13762
   12880
   11662
   10164
    8671
    7258
    5898
    4713
    3802
    3412
    3410
    3582
    4040
    4855
    6041
    7357
    8538
    9548
   10517
   11496
   12233
   12587
   12514
   12125
   11319
    9860
    7864
    5680
    3687
    1978
     832
     627
    1453
    3128
    5294
    7612
    9871
   11966
   13794
   15114
   15779
   15694
   15043
   14045
   12628
   10436
    7613
    4754
    2346
     665
    -323
    -752
    -713
    -210
     779
    2024
    3254
    4104
    4585
    4717
    4397
    3616
    2581
    1772
    1352
    1242
    1166
    1095
     970
     743
     550
     681
    1595
    3383
    5612
    7937
   10154
   12214
   13906
   14952
   15234
   14782
   13747
   12177
   10076
    7567
    4850
    2207
    -111
   -1976
   -3433
   -4468
   -4996
   -4877
   -4060
   -2734
   -1111
     689
    2557
    4375
    5988
    7399
    8529
    9449
   10129
   10375
   10060
    9200
    7993
    6618
    5063
    3406
    1750
     365
    -619
   -1235
   -1458
   -1231
    -444
     791
    2324
    3924
    5433
    6756
    7975
    9087
    9822
    9836
    9002
    7526
    5933
    4603
    3521
    2590
    1747
    1141
     907
     911
     864
     739
     734
     991
    1360
    1680
    1826
    1800
    1753
    1719
    1689
    1587
    1337
    1047
     920
     969
    1097
    1177
    1229
    1466
    1834
    2114
    2143
    1860
    1286
     367
    -880
   -2324
   -3745
   -4913
   -5554
   -5660
   -5295
   -4550
   -3316
   -1623
     262
    2102
    3681
    5055
    6112
    6685
    6594
    5733
    4212
    2201
     -24
   -2156
   -3999
   -5514
   -6695
   -7510
   -7793
   -7450
   -6613
   -5520
   -4256
   -2873
   -1295
     415
    2004
    3334
    4367
    5145
    5625
    5745
    5447
    4844
    4061
    3016
    1712
     181
   -1296
   -2531
   -3483
   -4057
   -4182
   -3754
   -2944
   -1906
    -786
     425
    1738
    3045
    4184
    5024
    5550
    5705
    5623
    5366
    4901
    4205
    3186
    1886
     413
    -999
   -2109
   -2901
   -3157
   -2932
   -2559
   -2231
   -2000
   -1728
   -1414
   -1092
    -816
    -550
    -213
     114
     434
     721
    1046
    1454
    1840
    2021
    1814
    1253
     545
    -105
    -685
   -1315
   -2084
   -3012
   -3947
   -4741
   -5401
   -5964
   -6380
   -6553
   -6393
   -6045
   -5677
   -5285
   -4866
   -4345
   -3747
   -3157
   -2666
   -2174
   -1643
   -1179
    -782
    -467
     -92
     276
     543
     562
     326
     -79
    -493
    -826
   -1096
   -1446
   -1944
   -2564
   -3131
   -3555
   -3930
   -4322
   -4730
   -4947
   -4841
   -4476
   -4033
   -3611
   -3157
   -2577
   -1990
   -1456
   -1016
    -566
       8
     534
     767
     704
     443
     185
    -134
    -599
   -1160
   -1786
   -2299
   -2744
   -3150
   -3548
   -3811
   -3763
   -3389
   -2827
   -2282
   -2002
   -2013
   -2064
   -2083
   -2193
   -2483
   -2942
   -3454
   -3881
   -4303
   -4944
   -5818
   -6803
   -7698
   -8431
   -8962
   -9261
   -9263
   -8798
   -7845
   -6708
   -5578
   -4558
   -3395
   -2085
    -945
     -88
     430
     715
     737
     385
    -385
   -1385
   -2386
   -3480
   -4685
   -5404
   -5541
   -5404
   -5726
   -6592
   -7568
   -8125
   -8193
   -8359
   -8492
   -8384
   -8191
   -7914
   -7551
   -7080
   -6595
   -6113
   -5634
   -5167
   -4626
   -3980
   -3288
   -2746
   -2410
   -2276
   -2207
   -2130
   -2126
   -2281
   -2576
   -2787
   -3029
   -3375
   -3866
   -4377
   -4940
   -5575
   -6264
   -6825
   -7237
   -7437
   -7485
   -7358
   -7079
   -6711
   -6172
   -5473
   -4530
   -3601
   -2901
   -2534
   -2370
   -2447
   -2774
   -3428
   -4306
   -5194
   -6058
   -6898
   -7686
   -8305
   -8813
   -9260
   -9592
   -9578
   -9199
   -8587
   -7824
   -6852
   -5633
   -4308
   -3035
   -1909
    -874
     -91
     310
     238
    -231
   -1058
   -2293
   -3799
   -5351
   -6670
   -7824
   -8963
  -10130
  -11181
  -11868
  -12248
  -12573
  -12979
  -13233
  -13246
  -13123
  -12882
  -12480
  -11748
  -10732
   -9527
   -8271
   -6973
   -5633
   -4444
   -3551
   -3004
   -2650
   -2513
   -2805
   -3611
   -4918
   -6492
   -8193
   -9973
  -11676
  -13107
  -14009
  -14402
  -14338
  -13830
  -12822
  -11287
   -9352
   -7213
   -5170
   -3441
   -2126
   -1130
    -395
      23
      81
    -692
   -2312
   -4158
   -6070
   -7977
   -9258
   -8539
   -6835
   -6912
   -8515
  -10417
  -11970
  -13110
  -13806
  -13971
  -13570
  -12738
  -11534
  -10116
   -8408
   -6525
   -4743
   -3228
   -2118
   -1434
   -1180
   -1510
   -2536
   -4306
   -6673
   -9320
  -12015
  -14573
  -16833
  -18645
  -19753
  -20045
  -19693
  -18835
  -17554
  -15812
  -13695
  -11450
   -9258
   -7209
   -5273
   -3742
   -2905
   -2929
   -3683
   -4752
   -6038
   -7487
   -9067
  -10579
  -11872
  -12896
  -13699
  -14301
  -14698
  -14800
  -14540
  -14019
  -13456
  -12964
  -12553
  -12111
  -11570
  -11067
  -10653
  -10325
   -9970
   -9594
   -9391
   -9421
   -9718
  -10117
  -10614
  -11246
  -11961
  -12574
  -12968
  -13203
  -13333
  -13392
  -13266
  -12889
  -12412
  -11964
  -11555
  -11124
  -10600
  -10009
   -9446
   -9090
   -8988
   -9159
   -9451
   -9812
  -10359
  -11136
  -12112
  -13136
  -13974
  -14620
  -15059
  -15256
  -15075
  -14412
  -13414
  -12227
  -10981
   -9672
   -8393
   -7368
   -6686
   -6409
   -6443
   -6636
   -7021
   -7657
   -8508
   -9525
  -10489
  -11321
  -12047
  -12651
  -13118
  -13232
  -12978
  -12531
  -12001
  -11414
  -10619
   -9681
   -8822
   -8212
   -7910
   -7807
   -7741
   -7749
   -8004
   -8563
   -9406
  -10313
  -11199
  -12069
  -12888
  -13536
  -13972
  -14270
  -14414
  -14459
  -14269
  -13838
  -13299
  -12918
  -12778
  -12812
  -12841
  -12775
  -12665
  -12593
  -12550
  -12513
  -12308
  -11966
  -11661
  -11522
  -11586
  -11706
  -11917
  -12257
  -12751
  -13261
  -13682
  -14128
  -14651
  -15208
  -15658
  -16028
  -16300
  -16482
  -16482
  -16230
  -15789
  -15288
  -14735
  -14003
  -13271
  -12721
  -12354
  -12054
  -11720
  -11405
  -11243
  -11379
  -11818
  -12472
  -13106
  -13665
  -14228
  -14817
  -15397
  -15856
  -15914
  -15518
  -14789
  -13828
  -12767
  -11542
  -10185
   -8964
   -8036
   -7574
   -7442
   -7543
   -7842
   -8294
   -8824
   -9357
   -9955
  -10573
  -11215
  -11742
  -12136
  -12462
  -12726
  -12859
  -12777
  -12511
  -12184
  -11852
  -11567
  -11257
  -10880
  -10628
  -10617
  -10888
  -11369
  -11893
  -12510
  -13157
  -13848
  -14473
  -14888
  -15166
  -15384
  -15514
  -15497
  -15247
  -14832
  -14469
  -14272
  -14231
  -14194
  -14123
  -14162
  -14402
  -14826
  -15286
  -15689
  -16113
  -16527
  -16852
  -16859
  -16420
  -15694
  -14802
  -13863
  -12865
  -11973
  -11320
  -11043
  -11225
  -11813
  -12633
  -13556
  -14537
  -15577
  -16597
  -17592
  -18358
  -18845
  -19140
  -19206
  -18982
  -18411
  -17546
  -16553
  -15541
  -14607
  -13748
  -13074
  -12642
  -12454
  -12409
  -12388
  -12471
  -12703
  -13052
  -13430
  -13815
  -14234
  -14700
  -15192
  -15580
  -15878
  -16174
  -16488
  -16716
  -16710
  -16441
  -15966
  -15400
  -14711
  -13900
  -13173
  -12704
  -12578
  -12708
  -13000
  -13455
  -14062
  -14745
  -15211
  -15381
  -15410
  -15342
  -15245
  -15068
  -14743
  -14359
  -14004
  -13806
  -13751
  -13833
  -14154
  -14669
  -15287
  -15773
  -16066
  -16337
  -16751
  -17286
  -17827
  -18173
  -18297
  -18236
  -18006
  -17635
  -17078
  -16333
  -15602
  -15028
  -14685
  -14400
  -14214
  -14274
  -14664
  -15368
  -16207
  -17076
  -17965
  -18826
  -19547
  -20032
  -20140
  -20005
  -19726
  -19366
  -18834
  -18109
  -17328
  -16545
  -15769
  -14933
  -14142
  -13446
  -13004
  -12755
  -12760
  -13051
  -13563
  -14200
  -14940
  -15862
  -16936
  -18057
  -19091
  -19837
  -20299
  -20573
  -20689
  -20687
  -20541
  -20148
  -19527
  -18821
  -18124
  -17357
  -16443
  -15514
  -14693
  -14098
  -13672
  -13435
  -13469
  -13793
  -14328
  -14882
  -15529
  -16238
  -16986
  -17714
  -18454
  -19101
  -19611
  -19819
  -19798
  -19607
  -19247
  -18588
  -17643
  -16524
  -15377
  -14398
  -13653
  -13173
  -12865
  -12717
  -12828
  -13206
  -13808
  -14472
  -15110
  -15811
  -16464
  -17051
  -17673
  -18228
  -18806
  -19439
  -20002
  -20325
  -20316
  -19975
  -19353
  -18382
  -17149
  -15946
  -14953
  -14304
  -13879
  -13623
  -13604
  -13924
  -14566
  -15442
  -16442
  -17586
  -18856
  -20086
  -21153
  -21893
  -22197
  -22065
  -21604
  -20925
  -20140
  -19278
  -18435
  -17709
  -17224
  -17018
  -16962
  -16932
  -17010
  -17292
  -17737
  -18267
  -18709
  -18985
  -19088
  -18907
  -18443
  -17669
  -16784
  -16048
  -15747
  -15902
  -16444
  -17267
  -18220
  -19162
  -19892
  -20386
  -20662
  -20669
  -20370
  -19730
  -18812
  -17811
  -16865
  -16053
  -15395
  -14812
  -14319
  -13999
  -13915
  -14093
  -14404
  -14759
  -15168
  -15662
  -16225
  -16778
  -17091
  -17114
  -17013
  -16968
  -17003
  -17045
  -17031
  -17037
  -17141
  -17366
  -17623
  -17727
  -17748
  -17749
  -17719
  -17560
  -17230
  -16869
  -16515
  -16216
  -15912
  -15610
  -15309
  -15067
  -15235
  -15804
  -16565
  -17319
  -18048
  -18667
  -19198
  -19660
  -20040
  -20258
  -20212
  -20001
  -19719
  -19425
  -19130
  -18807
  -18607
  -18614
  -18848
  -19202
  -19546
  -19875
  -20203
  -20513
  -20758
  -20842
  -20813
  -20659
  -20384
  -19943
  -19368
  -18797
  -18314
  -17943
  -17613
  -17407
  -17395
  -17628
  -17988
  -18503
  -19139
  -19862
  -20564
  -21171
  -21747
  -22286
  -22756
  -22962
  -22879
  -22530
  -21951
  -21225
  -20409
  -19589
  -18745
  -17905
  -17275
  -16948
  -16965
  -17237
  -17704
  -18390
  -19235
  -20193
  -21030
  -21686
  -22220
  -22621
  -22804
  -22631
  -22197
  -21549
  -20696
  -19730
  -18722
  -17791
  -17023
  -16435
  -15981
  -15769
  -15862
  -16236
  -16793
  -17437
  -18198
  -19066
  -19980
  -20876
  -21666
  -22392
  -22995
  -23438
  -23617
  -23496
  -23111
  -22498
  -21727
  -20706
  -19522
  -18340
  -17339
  -16595
  -16155
  -15953
  -15941
  -16167
  -16659
  -17382
  -18156
  -18883
  -19605
  -20339
  -21018
  -21521
  -21822
  -21979
  -21986
  -21868
  -21496
  -20885
  -20196
  -19581
  -19127
  -18804
  -18547
  -18434
  -18618
  -19067
  -19662
  -20215
  -20696
  -21199
  -21650
  -21953
  -22005
  -21908
  -21693
  -21404
  -21031
  -20526
  -20017
  -19715
  -19690
  -19945
  -20279
  -20611
  -20946
  -21341
  -21739
  -22147
  -22424
  -22534
  -22501
  -22349
  -22076
  -21693
  -21106
  -20458
  -19870
  -19452
  -19230
  -19089
  -19113
  -19375
  -19804
  -20425
  -21039
  -21545
  -21930
  -22290
  -22661
  -23020
  -23175
  -23073
  -22834
  -22555
  -22272
  -21957
  -21539
  -21105
  -20704
  -20340
  -19878
  -19359
  -18965
  -18810
  -18881
  -19064
  -19417
  -19939
  -20695
  -21567
  -22410
  -23213
  -23877
  -24292
  -24299
  -23956
  -23352
  -22694
  -22024
  -21377
  -20821
  -20335
  -19915
  -19474
  -19065
  -18795
  -18756
  -18987
  -19455
  -20139
  -20891
  -21620
  -22284
  -22892
  -23366
  -23638
  -23684
  -23495
  -23114
  -22608
  -21954
  -21170
  -20168
  -19022
  -18037
  -17390
  -17180
  -17294
  -17641
  -18272
  -19163
  -20273
  -21426
  -22517
  -23563
  -24497
  -25268
  -25715
  -25807
  -25603
  -25155
  -24498
  -23636
  -22663
  -21650
  -20679
  -19774
  -19016
  -18546
  -18392
  -18521
  -18866
  -19391
  -20105
  -20944
  -21813
  -22528
  -23007
  -23238
  -23252
  -23044
  -22673
  -22257
  -21908
  -21791
  -22003
  -22416
  -22623
  -22541
  -22440
  -22480
  -22711
  -22939
  -23159
  -23349
  -23459
  -23364
  -22983
  -22449
  -21869
  -21303
  -20826
  -20520
  -20401
  -20428
  -20465
  -20236
  -19839
  -19555
  -19508
  -19602
  -19901
  -20335
  -20869
  -21352
  -21697
  -21917
  -21978
  -21872
  -21591
  -21136
  -20654
  -20351
  -20263
  -20424
  -20725
  -21074
  -21509
  -22005
  -22470
  -22746
  -22606
  -22076
  -21273
  -20404
  -19455
  -18552
  -17870
  -17449
  -17331
  -17464
  -17919
  -18632
  -19561
  -20562
  -21553
  -22524
  -23496
  -24413
  -25126
  -25664
