-1364
-1373
-1356
-1314
-1248
-1159
-1049
-919
-773
-613
-441
-261
-75
111
298
481
656
821
974
1112
1233
1334
1416
1475
1512
1527
1519
1488
1435
1362
1269
1158
1032
892
741
581
415
245
75
-91
-254
-409
-555
-688
-807
-910
-995
-1062
-1110
-1139
-1147
-1136
-1107
-1060
-997
-919
-829
-728
-618
-504
-386
-267
-150
-38
66
163
248
322
381
427
457
472
472
457
430
390
340
282
218
150
81
13
-50
-108
-156
-195
-220
-232
-228
-208
-172
-120
-52
30
126
233
349
472
597
722
844
959
1063
1153
1226
1278
1308
1312
1289
1237
1157
1048
910
745
555
343
111
-135
-392
-656
-922
-1183
-1434
-1671
-1887
-2077
-2236
-2360
-2445
-2488
-2486
-2438
-2342
-2200
-2011
-1778
-1504
-1193
-850
-481
-91
311
720
1128
1525
1905
2258
2579
2860
3094
3275
3399
3463
3462
3397
3266
3071
2814
2499
2131
1715
1258
769
256
-269
-801
-1326
-1836
-2319
-2767
-3169
-3517
-3803
-4022
-4166
-4233
-4220
-4124
-3947
-3691
-3359
-2955
-2488
-1963
-1391
-780
-143
508
1164
1810
2435
3027
3573
4063
4486
4835
5100
5276
5358
5343
5230
5019
4713
4316
3833
3273
2645
1958
1225
458
-329
-1123
-1910
-2675
-3404
-4084
-4703
-5249
-5710
-6079
-6348
-6510
-6562
-6503
-6331
-6049
-5661
-5172
-4591
-3925
-3187
-2388
-1540
-659
241
1145
2039
2907
3735
4508
5215
5842
6380
6819
7153
7376
7484
7476
7351
7112
6764
6311
5761
5124
4409
3629
2796
1922
1023
113
-795
-1686
-2548
-3366
-4128
-4824
-5444
-5978
-6420
-6765
-7007
-7146
-7181
-7112
-6943
-6678
-6322
-5883
-5368
-4788
-4151
-3468
-2750
-2010
-1257
-504
238
960
1652
2304
2909
3458
3948
4371
4726
5008
5219
5356
5422
5418
5349
5217
5028
4787
4501
4175
3818
3435
3033
2619
2200
1782
1370
969
585
221
-119
-434
-722
-983
-1214
-1418
-1595
-1747
-1875
-1983
-2072
-2147
-2209
-2262
-2309
-2352
-2394
-2437
-2482
-2529
-2581
-2636
-2693
-2752
-2811
-2866
-2915
-2956
-2983
-2994
-2985
-2950
-2887
-2791
-2659
-2488
-2276
-2020
-1720
-1375
-986
-555
-83
424
964
1531
2117
2717
3321
3922
4510
5075
5607
6098
6536
6913
7219
7447
7587
7634
7583
7429
7170
6805
6334
5760
5087
4320
3467
2537
1541
491
-598
-1714
-2841
-3962
-5061
-6121
-7125
-8056
-8901
-9642
-10268
-10765
-11123
-11334
-11391
-11289
-11027
-10605
-10026
-9294
-8419
-7410
-6279
-5040
-3712
-2310
-855
631
2129
3617
5072
6472
7796
9023
10135
11113
11943
12609
13101
13411
13532
13461
13198
12745
12108
11297
10321
9195
7934
6558
5085
3538
1940
313
-1316
-2926
-4491
-5989
-7398
-8696
-9864
-10885
-11745
-12431
-12933
-13245
-13362
-13284
-13013
-12554
-11916
-11107
-10143
-9037
-7809
-6477
-5061
-3585
-2069
-539
983
2476
3916
5283
6556
7719
8754
9648
10388
10967
11377
11615
11679
11572
11297
10861
10274
9547
8694
7729
6669
5532
4338
3104
1850
597
-635
-1831
-2972
-4041
-5024
-5907
-6679
-7330
-7854
-8245
-8500
-8619
-8602
-8455
-8182
-7790
-7290
-6691
-6006
-5248
-4432
-3571
-2680
-1776
-872
15
874
1691
2452
3149
3770
4307
4755
5109
5365
5522
5580
5542
5411
5193
4894
4521
4084
3593
3059
2492
1904
1308
713
132
-424
-946
-1425
-1851
-2219
-2521
-2755
-2915
-3002
-3014
-2954
-2823
-2627
-2370
-2059
-1701
-1305
-881
-437
15
466
907
1326
1714
2063
2364
2610
2796
2916
2968
2948
2857
2696
2466
2171
1816
1409
955
464
-53
-590
-1133
-1673
-2199
-2699
-3163
-3581
-3943
-4242
-4470
-4621
-4691
-4675
-4573
-4384
-4110
-3753
-3318
-2812
-2242
-1616
-944
-238
491
1232
1972
2698
3399
4061
4673
5225
5706
6108
6423
6644
6767
6790
6709
6526
6243
5863
5390
4832
4197
3494
2733
1926
1084
221
-651
-1518
-2368
-3188
-3965
-4688
-5345
-5928
-6428
-6837
-7149
-7360
-7468
-7471
-7369
-7164
-6859
-6460
-5972
-5403
-4761
-4056
-3297
-2497
-1665
-815
41
893
1729
2538
3308
4029
4693
5291
5817
6263
6625
6900
7084
7178
7180
7093
6919
6661
6325
5915
5439
4903
4315
3684
3018
2326
1618
901
186
-518
-1205
-1865
-2492
-3079
-3619
-4108
-4539
-4911
-5219
-5462
-5638
-5747
-5789
-5765
-5677
-5528
-5321
-5059
-4748
-4391
-3993
-3562
-3100
-2616
-2114
-1600
-1080
-560
-44
460
951
1423
1872
2295
2687
3048
3374
3665
3917
4132
4307
4444
4542
4601
4623
4608
4557
4472
4353
4202
4021
3811
3573
3309
3020
2708
2373
2018
1644
1253
846
426
-5
-446
-894
-1346
-1798
-2247
-2690
-3122
-3538
-3936
-4309
-4652
-4960
-5229
-5453
-5626
-5745
-5805
-5801
-5730
-5589
-5376
-5089
-4730
-4297
-3794
-3223
-2589
-1897
-1153
-366
453
1298
2156
3016
3864
4689
5476
6214
6888
7487
7998
8411
8716
8905
8970
8907
8713
8386
7927
7339
6629
5803
4872
3847
2743
1573
357
-888
-2144
-3390
-4605
-5771
-6866
-7872
-8771
-9546
-10182
-10667
-10990
-11143
-11122
-10923
-10548
-10001
-9287
-8418
-7405
-6264
-5012
-3669
-2257
-797
684
2165
3619
5022
6351
7583
8696
9672
10493
11146
11619
11904
11995
11891
11594
11108
10443
9609
8622
7498
6258
4922
3514
2059
582
-890
-2335
-3727
-5041
-6256
-7351
-8308
-9113
-9753
-10218
-10502
-10603
-10521
-10260
-9827
-9233
-8489
-7613
-6622
-5535
-4373
-3160
-1917
-668
563
1756
2889
3943
4900
5744
6463
7045
7484
7774
7914
7905
7750
7458
7036
6497
5854
5122
4319
3461
2568
1658
751
-136
-987
-1785
-2514
-3162
-3719
-4175
-4525
-4763
-4888
-4902
-4806
-4607
-4311
-3928
-3470
-2947
-2374
-1764
-1133
-495
135
743
1316
1842
2308
2706
3029
3268
3422
3487
3464
3355
3162
2893
2554
2154
1703
1212
694
160
-376
-902
-1406
-1877
-2302
-2673
-2980
-3216
-3377
-3457
-3455
-3371
-3206
-2964
-2649
-2269
-1831
-1345
-821
-271
294
861
1419
1955
2458
2916
3319
3659
3928
4120
4230
4255
4195
4051
3824
3519
3142
2701
2204
1661
1083
482
-130
-741
-1338
-1910
-2444
-2930
-3357
-3718
-4003
-4209
-4330
-4364
-4310
-4170
-3946
-3643
-3267
-2826
-2328
-1785
-1207
-606
4
613
1207
1774
2303
2781
3201
3552
3828
4023
4133
4156
4092
3941
3708
3397
3014
2569
2071
1530
958
368
-228
-817
-1386
-1922
-2413
-2849
-3220
-3516
-3730
-3858
-3895
-3841
-3694
-3457
-3135
-2733
-2260
-1725
-1138
-513
137
800
1459
2101
2711
3274
3777
4207
4554
4809
4962
5008
4945
4769
4482
4088
3591
3000
2325
1577
770
-79
-957
-1843
-2722
-3572
-4378
-5121
-5783
-6350
-6806
-7141
-7342
-7404
-7320
-7089
-6711
-6189
-5529
-4742
-3838
-2833
-1742
-586
615
1841
3069
4274
5433
6524
7525
8414
9173
9785
10235
10511
10606
10512
10230
9759
9106
8278
7288
6152
4886
3511
2052
533
-1020
-2579
-4117
-5606
-7017
-8326
-9507
-10537
-11397
-12068
-12537
-12794
-12831
-12645
-12237
-11613
-10781
-9753
-8547
-7182
-5680
-4067
-2370
-618
1157
2926
4659
6323
7889
9331
10621
11737
12658
13368
13853
14103
14115
13886
13420
12724
11810
10693
9391
7928
6328
4618
2827
988
-869
-2712
-4510
-6230
-7844
-9325
-10645
-11783
-12720
-13440
-13930
-14182
-14192
-13962
-13494
-12797
-11885
-10772
-9478
-8027
-6442
-4752
-2985
-1172
655
2468
4233
5922
7506
8958
10255
11374
12298
13012
13504
13768
13800
13600
13173
12527
11674
10630
9414
8046
6551
4955
3285
1570
-160
-1877
-3552
-5156
-6663
-8048
-9287
-10362
-11253
-11948
-12436
-12709
-12764
-12601
-12225
-11642
-10864
-9905
-8782
-7515
-6127
-4642
-3085
-1483
134
1742
3311
4816
6230
7530
8695
9704
10541
11193
11649
11902
11948
11789
11426
10868
10125
9210
8140
6935
5615
4205
2728
1212
-316
-1831
-3306
-4715
-6034
-7238
-8309
-9226
-9974
-10541
-10917
-11095
-11073
-10852
-10436
-9834
-9055
-8115
-7031
-5822
-4510
-3120
-1675
-203
1269
2717
4112
5431
6649
7744
8696
9488
10105
10537
10775
10815
10657
10302
9758
9035
8145
7106
5935
4655
3288
1861
399
-1069
-2519
-3923
-5254
-6488
-7601
-8573
-9385
-10022
-10471
-10724
-10775
-10623
-10271
-9723
-8989
-8084
-7022
-5824
-4511
-3107
-1638
-131
1385
2884
4337
5716
6996
8153
9165
10012
10679
11153
11424
11486
11338
10982
10425
9675
8746
7656
6424
5073
3627
2113
559
-1005
-2552
-4053
-5480
-6806
-8006
-9059
-9945
-10647
-11153
-11453
-11542
-11419
-11086
-10550
-9821
-8913
-7844
-6634
-5306
-3886
-2401
-879
651
2160
3621
5004
6285
7439
8446
9287
9946
10413
10680
10742
10601
10261
9729
9018
8144
7123
5979
4734
3413
2045
656
-725
-2072
-3357
-4556
-5644
-6601
-7408
-8051
-8517
-8799
-8892
-8797
-8515
-8056
-7430
-6650
-5735
-4705
-3582
-2390
-1155
95
1337
2543
3686
4744
5694
6516
7192
7708
8054
8221
8208
8013
7641
7100
6400
5557
4588
3513
2356
1139
-110
-1366
-2603
-3794
-4914
-5938
-6844
-7613
-8228
-8674
-8941
-9023
-8915
-8619
-8139
-7483
-6664
-5697
-4599
-3393
-2101
-749
637
2030
3403
4728
5978
7129
8158
9043
9766
10314
10673
10836
10800
10563
10129
9506
8705
7741
6630
5395
4058
2643
1177
-312
-1798
-3251
-4647
-5957
-7159
-8231
-9152
-9907
-10481
-10865
-11053
-11041
-10831
-10427
-9839
-9077
-8157
-7097
-5916
-4637
-3285
-1885
-462
957
2347
3682
4938
6094
7129
8026
8769
9348
9752
9977
10022
9886
9576
9100
8467
7692
6792
5785
4690
3530
2327
1104
-115
-1309
-2456
-3534
-4525
-5412
-6179
-6813
-7306
-7649
-7839
-7875
-7757
-7492
-7086
-6548
-5892
-5131
-4281
-3360
-2386
-1379
-358
656
1646
2592
3477
4285
5000
5612
6109
6483
6729
6843
6825
6675
6399
6003
5494
4885
4186
3411
2576
1697
789
-130
-1044
-1936
-2790
-3591
-4325
-4978
-5541
-6002
-6355
-6593
-6713
-6712
-6592
-6355
-6004
-5546
-4989
-4343
-3618
-2827
-1983
-1099
-192
724
1636
2527
3384
4191
4938
5610
6198
6693
7085
7370
7543
7600
7541
7367
7080
6685
6187
5595
4918
4165
3349
2481
1577
648
-289
-1221
-2135
-3015
-3848
-4621
-5322
-5941
-6468
-6896
-7217
-7428
-7525
-7507
-7375
-7132
-6781
-6330
-5784
-5155
-4452
-3686
-2872
-2021
-1149
-268
604
1457
2275
3045
3755
4395
4955
5425
5801
6076
6248
6316
6281
6145
5913
5591
5186
4708
4168
3576
2946
2291
1623
956
303
-321
-908
-1445
-1922
-2330
-2663
-2916
-3084
-3166
-3163
-3077
-2911
-2671
-2364
-2000
-1588
-1140
-668
-184
297
765
1206
1607
1958
2247
2466
2607
2665
2635
2515
2306
2011
1632
1177
653
72
-556
-1217
-1898
-2583
-3256
-3902
-4505
-5049
-5520
-5904
-6188
-6363
-6419
-6349
-6150
-5820
-5359
-4771
-4061
-3239
-2314
-1301
-214
928
2109
3309
4505
5677
6805
7865
8839
9707
10450
11053
11502
11785
11892
11818
11560
11116
10491
9689
8721
7598
6335
4950
3461
1891
263
-1398
-3069
-4723
-6334
-7876
-9326
-10660
-11856
-12896
-13760
-14435
-14908
-15171
-15218
-15046
-14656
-14052
-13242
-12237
-11048
-9694
-8193
-6566
-4835
-3026
-1164
724
2613
4475
6283
8012
9638
11137
12490
13676
14679
15486
16086
16470
16633
16575
16294
15797
15090
14183
13089
11823
10403
8848
7180
5421
3595
1727
-158
-2035
-3880
-5668
-7376
-8980
-10461
-11798
-12975
-13977
-14791
-15406
-15815
-16014
-15999
-15772
-15336
-14697
-13865
-12850
-11666
-10329
-8857
-7270
-5589
-3837
-2036
-212
1611
3410
5160
6837
8418
9883
11212
12386
13389
14208
14832
15251
15462
15459
15245
14821
14193
13371
12366
11193
9868
8409
6838
5178
3451
1684
-99
-1872
-3609
-5285
-6875
-8357
-9709
-10910
-11944
-12795
-13451
-13903
-14144
-14171
-13984
-13587
-12986
-12191
-11215
-10073
-8784
-7367
-5846
-4244
-2587
-901
785
2449
4061
5597
7033
8346
9516
10524
11357
12000
12446
12688
12724
12556
12186
11625
10881
9971
8909
7717
6415
5026
3576
2089
592
-888
-2328
-3702
-4988
-6162
-7207
-8105
-8842
-9407
-9792
-9993
-10008
-9841
-9496
-8982
-8312
-7500
-6564
-5524
-4400
-3215
-1993
-759
463
1650
2779
3828
4778
5611
6311
6866
7267
7508
7586
7502
7258
6864
6327
5663
4886
4015
3070
2071
1043
7
-1011
-1990
-2909
-3745
-4479
-5096
-5579
-5918
-6105
-6133
-6001
-5711
-5269
-4681
-3962
-3125
-2188
-1171
-97
1010
2127
3227
4285
5276
6176
6962
7614
8114
8448
8602
8569
8345
7929
7324
6540
5586
4478
3236
1881
439
-1062
-2595
-4129
-5631
-7072
-8420
-9646
-10722
-11623
-12325
-12811
-13065
-13076
-12837
-12347
-11609
-10631
-9425
-8010
-6407
-4641
-2743
-744
1320
3413
5498
7534
9486
11314
12984
14463
15721
16731
17470
17923
18075
17921
17457
16688
15624
14279
12674
10833
8786
6566
4211
1760
-745
-3262
-5747
-8157
-10450
-12585
-14525
-16235
-17685
-18848
-19704
-20237
-20436
-20297
-19822
-19018
-17898
-16481
-14791
-12856
-10709
-8387
-5929
-3377
-773
1837
4411
6906
9279
11492
13508
15296
16825
18074
19023
19658
19972
19962
19632
18991
18052
16834
15362
13661
11765
9706
7521
5249
2928
598
-1702
-3936
-6066
-8060
-9887
-11519
-12934
-14112
-15038
-15702
-16099
-16229
-16094
-15704
-15070
-14210
-13143
-11893
-10484
-8945
-7304
-5591
-3838
-2074
-330
1366
2989
4513
5915
7178
8283
9219
9976
10547
10929
11125
11136
10971
10640
10154
9528
8778
7923
6982
5973
4918
3837
2748
1671
624
-377
-1318
-2186
-2970
-3660
-4250
-4736
-5115
-5387
-5554
-5618
-5586
-5464
-5260
-4984
-4644
-4252
-3818
-3353
-2868
-2373
-1879
-1394
-927
-485
-75
297
629
918
1160
1356
1506
1611
1674
1698
1685
1641
1571
1478
1367
1245
1116
984
853
728
613
509
420
348
292
255
235
232
246
275
316
367
427
492
559
627
691
750
800
841
870
886
887
872
842
796
734
657
567
463
348
224
92
-45
-186
-329
-472
-611
-746
-874
-994
-1103
-1201
-1286
-1357
-1413
-1453
-1477
-1485
-1476
-1451
-1410
-1353
-1280
-1194
-1093
-981
-857
-723
-580
-431
-275
-116
45
208
370
529
684
833
975
1108
1231
1343
1443
1530
1602
1660
1704
1732
1746
1744
1729
1699
1657
1602
1537
1461
1377
1286
1189
1088
983
877
769
662
556
451
349
248
150
54
-40
-134
-228
-324
-421
-523
-629
-741
-860
-986
-1121
-1265
-1416
-1576
-1743
-1916
-2092
-2270
-2446
-2616
-2778
-2926
-3057
-3164
-3244
-3292
-3301
-3268
-3188
-3057
-2872
-2629
-2328
-1967
-1547
-1068
-535
49
680
1351
2053
2778
3515
4254
4983
5688
6356
6976
7531
8011
8402
8692
8871
8928
8857
8650
8305
7819
7192
6428
5531
4511
3376
2141
820
-567
-2005
-3471
-4942
-6396
-7808
-9154
-10411
-11555
-12564
-13417
-14095
-14582
-14865
-14931
-14774
-14390
-13777
-12941
-11887
-10627
-9175
-7550
-5774
-3870
-1867
206
2319
4438
6530
8562
10501
12315
13972
15445
16708
17737
18514
19022
19252
19196
18851
18222
17314
16139
14714
13060
11200
9163
6979
4683
2309
-105
-2523
-4906
-7218
-9421
-11483
-13370
-15054
-16509
-17713
-18648
-19301
-19663
-19730
-19503
-18987
-18192
-17134
-15831
-14305
-12582
-10692
-8665
-6535
-4335
-2101
131
2329
4459
6489
8389
10133
11696
13058
14203
15116
15790
16219
16402
16342
16047
15526
14793
13865
12762
11505
10118
8626
7054
5429
3777
2124
495
-1087
-2599
-4023
-5338
-6531
-7589
-8500
-9257
-9856
-10295
-10573
-10695
-10665
-10491
-10182
-9749
-9205
-8562
-7835
-7038
-6187
-5295
-4379
-3450
-2524
-1612
-726
124
929
1682
2375
3004
3565
4054
4472
4817
5089
5291
5425
5493
5499
5446
5340
5184
4982
4740
4461
4151
3813
3452
3072
2677
2270
1855
1436
1015
596
183
-222
-616
-996
-1360
-1703
-2024
-2319
-2586
-2823
-3027
-3195
-3326
-3419
-3471
-3482
-3452
-3380
-3267
-3114
-2923
-2695
-2434
-2142
-1824
-1483
-1125
-755
-377
2
378
743
1094
1424
1728
2001
2240
2439
2597
2710
2776
2796
2769
2695
2576
2415
2214
1977
1708
1414
1098
767
426
83
-256
-588
-904
-1199
-1468
-1707
-1911
-2078
-2204
-2287
-2327
-2323
-2275
-2186
-2057
-1891
-1692
-1463
-1210
-936
-648
-351
-50
248
539
818
1080
1319
1533
1716
1868
1984
2063
2106
2110
2077
2007
1903
1766
1600
1407
1192
957
708
449
185
-79
-341
-594
-835
-1060
-1265
-1447
-1603
-1731
-1829
-1896
-1930
-1933
-1904
-1843
-1754
-1636
-1493
-1327
-1141
-938
-723
-498
-267
-33
197
423
639
844
1033
1205
1355
1483
1586
1664
1715
1739
1736
1707
1651
1571
1468
1343
1200
1040
866
680
487
289
88
-110
-305
-493
-672
-838
-989
-1123
-1239
-1334
-1407
-1458
-1486
-1491
-1473
-1432
-1370
-1288
-1186
-1068
-934
-788
-632
-467
-298
-127
43
211
373
526
668
797
911
1007
1086
1144
1182
1199
1195
1170
1124
1059
976
876
761
633
494
348
196
41
-113
-265
-412
-550
-678
-793
-893
-976
-1041
-1087
-1112
-1115
-1098
-1060
-1002
-925
-830
-718
-592
-455
-307
-153
4
163
321
474
620
755
878
985
1075
1146
1197
1226
1233
1217
1178
1118
1036
934
814
678
528
367
197
22
-155
-332
-506
-672
-829
-973
-1101
-1213
-1304
-1375
-1423
-1447
-1448
-1425
-1379
-1310
-1219
-1109
-981
-837
-681
-514
-340
-161
18
197
370
536
692
835
963
1073
1165
1237
1288
1318
1326
1313
1279
1226
1154
1066
963
848
722
589
450
308
166
26
-109
-238
-359
-469
-567
-653
-724
-781
-824
-851
-864
-864
-850
-824
-788
-742
-688
-628
-564
-497
-429
-361
-296
-233
-175
-123
-76
-36
-4
21
39
51
57
58
54
47
38
28
18
10
4
2
4
11
25
44
70
102
141
185
233
286
341
398
454
510
562
609
650
684
708
722
724
714
691
655
605
541
465
377
278
168
51
-72
-200
-331
-461
-590
-715
-833
-942
-1040
-1126
-1198
-1254
-1293
-1315
-1318
-1303
-1270
-1220
-1152
-1068
-970
-859
-737
-605
-467
-323
-176
-29
115
257
394
524
644
755
855
942
1017
1079
1128
1165
1189
1201
1201
1191
1172
1144
1108
1065
1016
962
904
841
775
706
633
557
478
394
307
215
118
15
-93
-208
-330
-459
-594
-735
-882
-1033
-1186
-1342
-1496
-1648
-1794
-1931
-2057
-2169
-2263
-2335
-2384
-2404
-2395
-2353
-2276
-2162
-2011
-1821
-1593
-1329
-1029
-696
-333
54
463
887
1321
1757
2189
2609
3010
3385
3725
4023
4273
4468
4603
4672
4671
4599
4452
4231
3937
3570
3136
2638
2083
1478
831
151
-549
-1263
-1977
-2679
-3358
-4002
-4600
-5141
-5614
-6011
-6324
-6545
-6669
-6693
-6614
-6431
-6147
-5763
-5285
-4719
-4073
-3356
-2580
-1755
-896
-16
871
1753
2613
3438
4214
4928
5570
6127
6591
6954
7210
7354
7385
7302
7106
6801
6392
5885
5290
4615
3873
3076
2237
1369
487
-393
-1261
-2100
-2899
-3644
-4324
-4930
-5453
-5885
-6221
-6458
-6593
-6627
-6560
-6396
-6139
-5796
-5374
-4881
-4329
-3725
-3083
-2412
-1725
-1033
-347
321
963
1568
2129
2639
3090
3478
3799
4051
4233
4345
4389
4367
4281
4138
3942
3699
3415
3098
2753
2389
2012
1630
1247
871
508
161
-164
-465
-738
-982
-1196
-1378
-1528
-1648
-1739
-1802
-1840
-1855
-1849
-1826
-1788
-1739
-1680
-1614
-1544
-1472
-1399
-1327
-1256
-1187
-1121
-1057
-996
-935
-876
-815
-753
-689
-620
-546
-466
-380
-285
-183
-73
43
168
299
436
575
717
859
998
1133
1261
1379
1486
1579
1656
1715
1754
1771
1767
1739
1689
1615
1519
1401
1262
1105
932
745
546
339
126
-88
-302
-512
-714
-907
-1087
-1251
-1397
-1524
-1630
-1713
-1772
-1809
-1821
-1811
-1778
-1723
-1649
-1557
-1449
-1326
-1193
-1050
-901
-749
-595
-441
-292
-147
-10
118
237
344
440
524
596
655
703
741
769
788
800
807
809
808
806
804
804
806
811
819
832
850
871
896
923
951
980
1006
1029
1046
1055
1053
1038
1008
961
895
808
698
566
409
228
24
-201
-447
-712
-991
-1282
-1580
-1881
-2179
-2468
-2744
-2999
-3228
-3425
-3583
-3697
-3763
-3774
-3728
-3621
-3451
-3218
-2920
-2560
-2140
-1664
-1137
-564
46
686
1345
2014
2682
3337
3967
4560
5105
5590
6003
6335
6577
6721
6760
6690
6507
6210
5801
5282
4658
3937
3126
2238
1285
282
-756
-1812
-2869
-3907
-4910
-5857
-6732
-7517
-8196
-8754
-9180
-9461
-9591
-9562
-9372
-9021
-8511
-7847
-7038
-6096
-5033
-3867
-2616
-1300
58
1436
2810
4155
5447
6662
7778
8774
9630
10328
10855
11199
11351
11306
11063
10623
9993
9181
8200
7066
5798
4417
2947
1414
-154
-1732
-3290
-4800
-6234
-7565
-8770
-9826
-10712
-11412
-11912
-12201
-12275
-12129
-11767
-11194
-10419
-9455
-8320
-7034
-5620
-4102
-2508
-867
791
2437
4040
5573
7006
8314
9473
10462
11263
11862
12248
12414
12358
12079
11585
10883
9987
8913
7680
6312
4832
3268
1647
0
-1644
-3258
-4811
-6277
-7630
-8845
-9903
-10785
-11476
-11966
-12246
-12313
-12167
-11811
-11254
-10506
-9581
-8497
-7273
-5933
-4500
-3000
-1458
96
1639
3142
4581
5931
7171
8281
9242
10040
10665
11106
11359
11421
11295
10984
10497
9843
9035
8090
7024
5856
4608
3301
1958
599
-750
-2072
-3343
-4545
-5659
-6669
-7562
-8325
-8949
-9426
-9752
-9925
-9945
-9816
-9542
-9130
-8590
-7932
-7170
-6316
-5387
-4396
-3361
-2298
-1222
-151
901
1919
2890
3800
4639
5396
6062
6632
7098
7459
7711
7853
7887
7816
7642
7370
7008
6560
6037
5445
4795
4096
3357
2590
1803
1008
214
-569
-1333
-2069
-2768
-3423
-4028
-4575
-5061
-5479
-5827
-6102
-6302
-6424
-6470
-6439
-6333
-6154
-5903
-5586
-5206
-4767
-4275
-3737
-3158
-2545
-1905
-1246
-576
97
767
1425
2063
2673
3249
3783
4269
4701
5074
5382
5623
5792
5888
5908
5854
5724
5521
5247
4905
4500
4036
3520
2958
2357
1726
1072
404
-267
-935
-1589
-2222
-2824
-3386
-3902
-4364
-4766
-5101
-5367
-5558
-5673
-5710
-5669
-5550
-5355
-5089
-4753
-4355
-3899
-3393
-2844
-2260
-1650
-1024
-389
243
865
1468
2043
2581
3076
3520
3908
4235
4496
4689
4812
4864
4846
4759
4605
4388
4112
3783
3406
2988
2536
2056
1557
1047
532
21
-478
-961
-1420
-1850
-2244
-2599
-2911
-3177
-3394
-3562
-3679
-3747
-3765
-3735
-3660
-3542
-3384
-3190
-2963
-2707
-2428
-2128
-1812
-1485
-1151
-813
-475
-140
186
504
810
1101
1376
1632
1869
2084
2278
2448
2594
2716
2812
2882
2927
2944
2934
2897
2832
2739
2618
2469
2292
2087
1855
1597
1314
1008
680
333
-29
-406
-792
-1184
-1577
-1967
-2347
-2714
-3061
-3384
-3675
-3931
-4144
-4312
-4429
-4490
-4493
-4436
-4315
-4130
-3882
-3571
-3200
-2771
-2288
-1758
-1186
-580
51
702
1360
2017
2662
3286
3877
4425
4922
5357
5723
6012
6217
6334
6358
6287
6120
5857
5500
5054
4522
3913
3232
2491
1700
869
11
-860
-1733
-2594
-3429
-4225
-4969
-5650
-6255
-6776
-7204
-7530
-7750
-7859
-7854
-7736
-7504
-7162
-6714
-6166
-5527
-4805
-4010
-3155
-2252
-1314
-354
612
1572
2510
3415
4271
5068
5793
6436
6989
7443
7793
8034
8162
8177
8079
7869
7552
7132
6616
6011
5326
4571
3758
2897
2000
1080
149
-779
-1693
-2582
-3432
-4233
-4976
-5650
-6248
-6762
-7187
-7518
-7751
-7884
-7916
-7848
-7682
-7420
-7067
-6628
-6110
-5519
-4865
-4154
-3399
-2607
-1790
-957
-120
709
1523
2311
3062
3768
4421
5012
5534
5983
6353
6640
6841
6955
6981
6920
6773
6544
6236
5853
5402
4889
4321
3706
3052
2368
1663
946
226
-486
-1184
-1858
-2500
-3103
-3659
-4163
-4609
-4992
-5308
-5556
-5733
-5838
-5872
-5835
-5730
-5559
-5327
-5037
-4694
-4304
-3873
-3407
-2914
-2398
-1869
-1331
-793
-259
262
766
1248
1703
2127
2515
2865
3174
3441
3664
3843
3976
4066
4112
4117
4081
4006
3896
3752
3577
3374
3146
2896
2625
2338
2037
1725
1403
1075
742
408
73
-260
-589
-914
-1230
-1538
-1836
-2120
-2391
-2645
-2882
-3099
-3294
-3465
-3611
-3729
-3818
-3875
-3899
-3888
-3842
-3758
-3636
-3476
-3277
-3040
-2765
-2455
-2110
-1734
-1329
-899
-448
19
498
983
1469
1948
2415
2863
3287
3678
4033
4344
4606
4815
4966
5055
5081
5041
4935
4762
4524
4222
3860
3442
2973
2458
1904
1319
711
87
-543
-1171
-1788
-2386
-2955
-3487
-3975
-4411
-4790
-5106
-5354
-5531
-5634
-5663
-5617
-5497
-5304
-5043
-4717
-4331
-3892
-3405
-2878
-2320
-1737
-1138
-533
70
664
1240
1790
2307
2785
3218
3600
3927
4196
4405
4552
4636
4657
4618
4519
4364
4157
3901
3601
3263
2892
2494
2075
1642
1201
757
316
-114
-530
-927
-1300
-1645
-1959
-2239
-2482
-2687
-2853
-2980
-3067
-3116
-3127
-3101
-3042
-2952
-2833
-2688
-2520
-2333
-2131
-1916
-1693
-1463
-1232
-1002
-775
-554
-342
-141
47
222
382
526
654
766
861
941
1006
1056
1094
1119
1134
1139
1136
1127
1113
1095
1074
1051
1029
1006
984
963
943
925
908
891
874
857
837
815
790
759
722
678
626
565
494
413
321
218
104
-20
-154
-297
