   41156
   44989
   48715
   52216
   55347
   58011
   60146
   61711
   62695
   62991
   62487
   61526
   60298
   58683
   56739
   54522
   52051
   49346
   46413
   43251
   39915
   37013
   34837
   33245
   31784
   30040
   28270
   27201
   27318
   26715
   23859
   19709
   15418
   12104
   10229
    9310
    8645
    8000
    7397
    6269
    4168
    2164
    1938
    3736
    7105
   12110
   18584
   25859
   33090
   39519
   44979
   49243
   52633
   56197
   60577
   65436
   70302
   73729
   72656
   66767
   60052
   55530
   53494
   52687
   50937
   46683
   40766
   34849
   29119
   23322
   18285
   13890
    8942
    3707
     -63
   -1084
     492
    3741
    8238
   13629
   20070
   27857
   36636
   45133
   52246
   57897
   61868
   64631
   66600
   67780
   68838
   70005
   71234
   72755
   74990
   77750
   80749
   83377
   85142
   85747
   84567
   81003
   75211
   67680
   58938
   49591
   40222
   31350
   23136
   15799
    9382
    3485
   -2223
   -7893
  -13175
  -17617
  -20952
  -23110
  -24235
  -24105
  -22605
  -19946
  -16154
  -11301
   -5460
    1225
    8374
   15407
   21561
   26422
   29123
   28652
   25629
   22782
   22018
   23303
   26353
   30311
   34150
   38003
   41987
   45893
   49545
   52961
   56086
   58822
   60855
   61884
   61941
   61974
   62405
   63022
   63537
   63781
   63892
   63636
   62756
   61458
   59977
   58575
   56845
   54677
   52918
   51428
   49217
   46382
   43284
   39824
   35969
   31722
   27410
   23813
   21454
   20139
   19453
   19282
   19173
   18887
   19003
   20725
   24414
   29734
   36637
   45442
   55530
   64621
   71453
   75837
   78310
   80259
   81781
   82589
   82006
   79511
   74863
   68009
   59746
   51240
   42890
   34307
   25264
   16911
    9790
    3443
   -2534
   -8458
  -13804
  -18175
  -21172
  -22139
  -20679
  -17126
  -12265
   -6810
   -1418
    3548
    8056
   12277
   16657
   21195
   25872
   30816
   36012
   41354
   46709
   52041
   57395
   62650
   67493
   71335
   74139
   76005
   77324
   78550
   79479
   79951
   79936
   79364
   78262
   76329
   73506
   70031
   66486
   63299
   60026
   55854
   50198
   43202
   35517
   27772
   20604
   14224
    8643
    3845
    -309
   -3557
   -5954
   -7563
   -8112
   -7661
   -6290
   -4145
   -1358
    1970
    5707
    9673
   13707
   18012
   22570
   27176
   31882
   36665
   41427
   46015
   50296
   54115
   57441
   60511
   63002
   64882
   66194
   66930
   67011
   66478
   65441
   63871
   61864
   59942
   58178
   56349
   54156
   51484
   48378
   44877
   41070
   36972
   32799
   28940
   25377
   22087
   19147
   16650
   14725
   13423
   12493
   11783
   11700
   12309
   13436
   15010
   17006
   19445
   22351
   25548
   28785
   31821
   34959
   38109
   41144
   44125
   47003
   49686
   52072
   53997
   55287
   56042
   56720
   57086
   57042
   56517
   55375
   53796
   52070
   50180
   47884
   45389
   42976
   40451
   37809
   35274
   33020
   31048
   29390
   27812
   26139
   24683
   23858
   23521
   23580
   23967
   24648
   25641
   26961
   28447
   29788
   31225
   33024
   34999
   37017
   38963
   40678
   41888
   42003
   40737
   38475
   35896
   32974
   29424
   25427
   21595
   18835
   17539
   17357
   17918
   19420
   22735
   27914
   34540
   42225
   50939
   60367
   69242
   75721
   78680
   79041
   78345
   76873
   74742
   72907
   71889
   70050
   66584
   61508
   54155
   44410
   33072
   21987
   12722
    5612
    1123
     571
    3528
    8537
   14319
   19782
   23850
   25563
   25317
   24694
   24574
   25055
   25981
   27122
   28171
   29767
   32599
   36260
   40115
   43905
   47155
   49365
   50331
   50569
   50982
   52103
   53852
   55543
   56358
   56206
   55895
   55972
   55938
   55250
   53927
   52519
   50720
   47960
   44621
   41402
   38142
   34996
   32082
   29226
   26662
   24742
   23441
   22843
   22748
   23038
   23740
   24755
   25783
   26615
   27624
   29057
   30732
   32553
   34529
   36632
   38800
   41188
   43730
   46162
   48686
   51200
   53596
   55856
   57948
   59744
   61162
   62058
   62207
   62234
   62398
   62423
   62282
   62007
   61557
   60806
   59608
   57846
   55767
   53529
   50935
   47979
   44506
   40666
   36522
   32089
   27565
   23076
   19420
   16899
   15019
   13644
   12497
   10946
    8933
    6357
    3181
     104
   -2861
   -6540
  -11809
  -18248
  -23474
  -24992
  -21853
  -16499
  -10611
   -2058
   11038
   26415
   40384
   50635
   55315
   53779
   46819
   35816
   24367
   16180
   13755
   17259
   24467
   32704
   39376
   43890
   46155
   45973
   43962
   40715
   37690
   36429
   38069
   42743
   49199
   55907
   62273
   69026
   76841
   86224
   98102
  112330
  125868
  134928
  137230
  132943
  124760
  116707
  112006
  111788
  113929
  114474
  109902
   98307
   82107
   66287
   52776
   41173
   29857
   18546
    8332
     722
   -3409
   -4454
   -3550
   -2217
   -2287
   -4022
   -6339
   -8978
  -11522
  -13206
  -13760
  -13346
  -12499
  -11306
   -9636
   -7394
   -4556
   -1286
    1766
    3503
    3051
     640
   -1288
   -1146
    -109
     817
    2099
    4866
    9658
   16466
   24774
   33767
   43001
   52196
   60856
   68780
   75831
