  452811
  438689
  422537
  404729
  385424
  364897
  343566
  321974
  300421
  279087
  258257
  238352
  219776
  202701
  187189
  173338
  161272
  151258
  143415
  137628
  133838
  132208
  132866
  135674
  140410
  146792
  154604
  163774
  174378
  186298
  199241
  212830
  226764
  240868
  255037
  268965
  282284
  294736
  306260
  316836
  326276
  334389
  341078
  346379
  350361
  352907
  353987
  353591
  351903
  348989
  344653
  338959
  332171
  324634
  316507
  307722
  298241
  288168
  277679
  266998
  256153
  244987
  233399
  221436
  209408
  197596
  186165
  175313
  165233
  156404
  149412
  144476
  141645
  140752
  141754
  144640
  149155
  155089
  162259
  170703
  180267
  190655
  201698
  213234
  225149
  237211
  249130
  260585
  271459
  281556
  290692
  298799
  305711
  311284
  315377
  318137
  319565
  319715
  318580
  316339
  313070
  308715
  303413
  297294
  290544
  283207
  275197
  266503
  257451
  248293
  238822
  229228
  220004
  211373
  203436
  196225
  189658
  183728
  178540
  174291
  171114
  168975
  167734
  167385
  168087
  169711
  172045
  174985
  178667
  183189
  188269
  193709
  199379
  205381
  211537
  217628
  223577
  229374
  235122
  240581
  245481
  249935
  254028
  257755
  260895
  263314
  265029
  266237
  266991
  267077
  266441
  265138
  263319
  260818
  257389
  253131
  248325
  243280
  238015
  232780
  227929
  223647
  219865
  216417
  213211
  210283
  207737
  205655
  203945
  202545
  201422
  200726
  200537
  200651
  200641
  200518
  200629
  201195
  202274
  203674
  205204
  206825
  208558
  210417
  212233
  213851
  214989
  215731
  216096
  215980
  215416
  214558
  213751
  213068
  212358
  211350
  210093
  208543
  206693
  204745
  202983
  201846
  201461
  201557
  201966
  202631
  203630
  204850
  206114
  207329
  208494
  209703
  210877
  211841
  212513
  212919
  213180
  213332
  213304
  212950
  212277
  211386
  210405
  209397
  208315
  207108
  205782
  204395
  202992
  201527
  200181
  199009
  198126
  197518
  196996
  196482
  196001
  195692
  195587
  195570
  195565
  195572
  195733
  196078
  196491
  196948
  197520
  198323
  199319
  200437
  201537
  202526
  203456
  204538
  205767
  206945
  207740
  208009
  207889
  207790
  207910
  208071
  208116
  207974
  207728
  207468
  207046
  206278
  205149
  203856
  202569
  201201
  199618
  197780
  195766
  193728
  191729
  189791
  187839
  185799
  183824
  182090
  180598
  179298
  178119
  177093
  176415
  176045
  175820
  175618
  175384
  175109
  174703
  174133
  173407
  172675
  172056
  171712
  171629
  171739
  172016
  172625
  173618
  174847
  176193
  177560
  179075
  180676
  182233
  183608
  184612
  185275
  185634
  185851
  186001
  186056
  185933
  185593
  185035
  184423
  183832
  183177
  182305
  181246
  180113
  179089
  178256
  177462
  176700
  176002
  175477
  175085
  174729
  174391
  174164
  174102
  174036
  173886
  173647
  173479
  173407
  173439
  173580
  173850
  174327
  174902
  175486
  176001
  176587
  177297
  178112
  178984
  179826
  180581
  181233
  181976
  182840
  183691
  184464
  185013
  185314
  185377
  185349
  185303
  185181
  185164
  185167
  184952
  184414
  183545
  182538
  181441
  180249
  178942
  177596
  176312
  175067
  173839
  172674
  171733
  171053
  170535
  170014
  169377
  168674
  168038
  167620
  167348
  167073
  166722
  166247
  165758
  165290
  164776
  164217
  163583
  162975
  162525
  162103
  161564
  160908
  160227
  159634
  159097
  158597
  158131
  157808
  157695
  157718
  157897
  158194
  158778
  159587
  160479
  161368
  162224
  163049
  163930
  164909
  165941
  166871
  167639
  168244
  168799
  169304
  169603
  169615
  169369
  169066
  168809
  168493
  168004
  167307
  166518
  165818
  165120
  164404
  163676
  163102
  162797
  162616
  162388
  162153
  162028
  162096
  162220
  162332
  162469
  162577
  162761
  162921
  163061
  163170
  163326
  163680
  164185
  164709
  165115
  165250
  165145
  164986
  164825
  164617
  164216
  163619
  162941
  162275
  161499
  160428
  159040
  157427
  155716
  153917
  152051
  150243
  148509
  147012
  145791
  144696
  143669
  142696
  142066
  141860
  141891
  142069
  142405
  143052
  143902
  144789
  145679
  146613
  147746
  148931
  150051
  151576
  153484
  155404
  156651
  157174
  157291
  157493
  157773
  157582
  157122
  156559
  155783
  154840
  153733
  152525
  151201
  149834
  148450
  147133
  146000
  145104
  144455
  143883
  143362
  142925
  142713
  142782
  143041
  143380
  143813
  144519
  145381
  146286
  147156
  148050
  148884
  149567
  150071
  150570
  151009
  151389
  151662
  151890
  152025
  152097
  152160
  152289
  152587
  152831
  152860
  152620
  152287
  151882
  151391
  150666
  149803
  148942
  148022
  146992
  145897
  144830
  143659
  142329
  140902
  139612
  138507
  137517
  136652
  136001
  135678
  135618
  135765
  136096
  136743
  137600
  138567
  139533
  140527
  141526
  142426
  143207
  143956
  144832
  145633
  146180
  146352
  146257
  146027
  145569
  144703
  143356
  141786
  140044
  138053
  135853
  133578
  131425
  129438
  127650
  126035
  124630
  123528
  122668
  122042
  121661
  121678
  122047
  122547
  123022
  123385
  123793
  124254
  124661
  125015
  125411
  126029
  126748
  127476
  128222
  129108
  130225
  131523
  132957
  134374
  135711
  136949
  138261
  139699
  141232
  142793
  143819
  144268
  144580
  144782
  144762
  145058
  146934
  149240
  149521
  148182
  146351
  144450
  142455
  140369
  138297
  136351
  134446
  132578
  130756
  129197
  127905
  126766
  125766
  124871
  124179
  123636
  123081
  122388
  121481
  120385
  119227
  118069
  116864
  115613
  114353
  113234
  112314
  111501
  110748
  110064
  109608
  109413
  109402
  109556
  109940
  110705
  111655
  112614
  113478
  114290
  115339
  116521
  117761
  118965
  120208
  121509
  122822
  124024
  124996
  125734
  126334
  126845
  127194
  127218
  126896
  126278
  125509
  124680
  123685
  122537
  121297
  120088
  118948
  117693
  116286
  114790
  113320
  111868
  110406
  108910
  107536
  106422
  105481
  104639
  103863
  103245
  102905
  102722
  102612
  102581
  102729
  103147
  103835
  104691
  105588
  106506
  107432
  108437
  109501
  110445
  111178
  111722
  112163
  112649
  113073
  113404
  113656
  113981
  114501
  115073
  115640
  116147
  116729
  117391
  117959
  118395
  118692
  118944
  119238
  119512
  119693
  119756
  119670
  119613
  119545
  119373
  119099
  118726
  118424
  118211
  117986
  117686
  117334
  117077
  116930
  116781
  116518
  116115
  115676
  115385
  115163
  114820
  114324
  113704
  113091
  112485
  111867
  111218
  110596
  110021
  109424
  108816
  108166
  107569
  107079
  106661
  106116
  105383
  104526
  103694
  102987
  102338
  101713
  101163
  100745
  100595
  100657
  100810
  100941
  101026
  101200
  101387
  101534
  101652
  101809
  102028
  102175
  102183
  102043
  101902
  101656
  101310
  100882
  100479
  100141
   99848
   99527
   99201
   99025
   98881
   98721
   98549
   98478
   98601
   98860
   99139
   99313
   99369
   99363
   99453
   99614
   99738
   99751
   99629
   99489
   99584
   99929
  100415
  101006
  101686
  102560
  103632
  104758
  105808
  106706
  107589
  108494
  109411
  110345
  111311
  112327
  113261
  114063
  114735
  115366
  115907
  116286
  116463
  116520
  116541
  116494
  116304
  115957
  115462
  114895
  114279
  113444
  112367
  111078
  109628
  108154
  106600
  104972
  103237
  101495
   99879
   98324
   96764
   95227
   93778
   92590
   91599
   90649
   89699
   88797
   88078
   87550
   87078
   86616
   86151
   85795
   85626
   85534
   85517
   85628
   86045
   86827
   87888
   89156
   90575
   92189
   93823
   95388
   96784
   97954
   98884
   99667
  100373
  100930
  101294
  101453
  101364
  101142
  100844
  100332
   99642
   98858
   98096
   97368
   96567
   95688
   94744
   93803
   92812
   91769
   90719
   89822
   89167
   88633
   88163
   87760
   87517
   87390
   87328
   87312
   87327
   87442
   87601
   87732
   87801
   87922
   88201
   88639
   89236
   89935
   90798
   91816
   92810
   93650
   94309
   94832
   95280
   95610
   95841
   96018
   96308
   96751
   97195
   97568
   97813
   97988
   98165
   98313
   98327
   98090
   97701
   97204
   96540
   95727
   94794
   93918
   93121
   92266
   91222
   89967
   88608
   87293
   86035
   84812
   83619
   82521
   81673
   81081
   80611
   80162
   79692
   79373
   79218
   79067
   78828
   78474
   78116
   77847
   77596
   77330
   77121
   77037
   77136
   77294
   77466
   77661
   77969
   78406
   78873
   79383
   79968
   80735
   81618
   82589
   83607
   84686
   85703
   86625
   87463
   88270
   89040
   89623
   89915
   89919
   89763
   89602
   89339
   88856
   88189
   87311
   86247
   85159
   84041
   82870
   81637
   80467
   79500
   78653
   77899
   77218
   76691
   76297
   75949
   75683
   75514
   75547
   75661
   75854
   76097
   76388
   76645
   76880
   77115
   77460
   77831
   78217
   78591
   79096
   79783
   80614
   81489
   82273
   82993
   83678
   84411
   85204
   85949
   86575
   87067
   87540
   88027
   88431
   88750
   88913
   88870
   88702
   88295
   87596
   86670
   85669
   84671
   83692
   82752
   81988
   81366
   80719
   79970
   79140
   78370
   77709
   77145
   76572
   75949
   75285
   74647
   74008
   73311
   72554
   71779
   71147
   70735
   70504
   70381
   70349
   70346
   70404
   70467
   70476
   70430
   70337
   70315
   70450
   70673
   70891
   71059
   71195
   71452
   71873
   72409
   73117
   74019
   75172
   76409
   77517
   78276
   78702
   78850
   78796
   78620
   78378
   78178
   77945
   77671
   77378
   77154
   77042
   77028
   77012
   76965
   76873
   76770
   76770
   76881
   77017
   77153
   77286
   77489
   77830
   78234
   78625
   79007
   79376
   79913
   80608
   81307
   81887
   82309
   82625
   82930
   83138
   83163
   83002
   82744
   82507
   82222
   81869
   81436
   81029
   80698
   80359
   79987
   79551
   79208
   78965
   78825
   78723
   78399
   77890
   77342
   76869
   76407
   75996
   75586
   75137
   74675
   74244
   73917
   73604
   73294
   72952
   72594
   72253
   71798
   71207
   70475
   69697
   68930
   68178
   67446
   66715
   66013
   65424
   64897
   64462
   64159
   64070
   64163
   64340
   64585
   64910
   65426
   65996
   66550
   67015
   67475
   67869
   68208
   68480
   68759
   68991
   69079
   69029
   68828
   68639
   68485
   68372
   68276
   68147
   67992
   67826
   67754
   67780
   67765
   67648
   67429
   67177
   66929
   66586
   66145
   65611
   65158
   64755
   64371
   64021
   63718
   63571
   63518
   63560
   63694
   63912
   64221
   64569
   64965
   65438
   66034
   66665
   67270
   67836
   68353
   68900
   69397
   69793
   70073
   70236
   70323
   70258
   70036
   69646
   69177
   68664
   68098
   67517
   66960
   66559
   66292
   66109
   65895
   65639
   65340
   65075
   64890
   64765
   64636
   64510
   64479
   64531
   64564
   64571
   64547
   64548
   64592
   64604
   64594
   64566
   64648
   64913
   65241
   65531
   65720
   65835
   65945
   66006
   65900
   65616
   65235
   64943
   64676
   64311
   63892
   63483
   63208
   62992
   62738
   62475
   62266
   62174
   62135
   61942
   61585
   61089
   60570
   60088
   59619
   59119
   58627
   58118
   57699
   57407
   57202
   57048
   56939
   56946
   57155
   57466
   57792
   58061
   58334
   58700
   59092
   59356
   59542
   59628
   59772
   59983
   60174
   60262
   60260
   60191
   60174
   60192
   60158
   60046
   59798
   59495
   59267
   59042
   58795
   58587
   58572
   58695
   58821
   58899
   58927
   59007
   59043
   59020
   58829
   58570
   58301
   57948
   57567
   57267
   57170
   57185
   57268
   57294
   57308
   57312
   57261
   57236
   57231
   57363
   57596
   57846
   58084
   58240
   58321
   58257
   58208
   58179
   58139
   58018
   57851
   57708
   57610
   57522
   57494
   57473
   57512
   57657
   58039
   58637
   59243
   59750
   60121
   60465
   60835
   61134
   61312
   61332
   61277
   61149
   60844
   60427
   59838
   59208
   58561
   57888
   57173
   56436
   55796
   55180
   54603
   54064
   53606
   53223
   52814
   52411
   51999
   51679
   51448
   51224
   51007
   50825
   50803
   50981
   51327
   51783
   52389
   53067
   53733
   54323
   54661
   54725
   54646
   54735
   55035
   55297
   55377
   55263
   55093
   54840
   54545
   54222
   53989
   53921
   53925
   53971
   54021
   54038
   53974
   53878
   53823
   53873
   54282
   54938
   55592
   56162
   56662
   57040
   57366
   57614
   57900
   58251
   58625
   59088
   59596
   60167
   60800
   61372
   61718
   61843
   61726
   61481
   61154
   60698
   60100
   59430
   58827
   58507
   58416
   58463
   58557
   58807
   59131
   59405
   59605
   59703
   59739
   59696
   59590
   59422
   59265
   59073
   58774
   58304
   57721
   57107
   56414
