   72464
   72197
   71753
   71090
   70237
   69337
   68374
   67253
   65979
   64619
   63253
   61896
   60642
   59482
   58488
   57628
   56830
   56142
   55694
   55605
   55804
   56217
   56881
   58416
   60820
   62795
   64293
   65546
   66579
   67609
   68611
   69408
   70168
   71341
   72671
   73794
   74706
   75449
   76090
   76648
   77085
   77318
   77461
   77470
   77338
   77065
   76715
   77002
   78682
   79895
   79789
   78860
   77590
   76142
   74590
   72922
   71252
   69509
   67599
   65517
   63286
   61017
   58651
   56139
   53545
   51045
   48827
   46933
   45316
   43981
   43008
   42492
   42273
   42340
   42793
   43407
   44273
   45678
   47766
   49895
   51604
   53224
   55004
   56723
   58243
   59482
   60507
   61872
   63950
   65617
   66563
   66957
   67197
   67530
   67832
   68040
   68034
   67822
   67420
   67102
   66848
   66588
   66208
   65794
   65364
   64991
   64640
   64166
   63556
   62863
   62224
   61583
   60908
   60290
   59775
   59413
   59177
   59028
   58972
   59015
   59252
   59672
   60272
   61000
   61825
   62649
   63371
   63992
   64557
   65126
   65514
   65966
   67209
   68366
   68777
   69036
   69072
   68680
   67764
   66294
   64277
   61822
   59135
   56280
   53310
   50358
   47615
   45036
   42682
   40499
   38582
   36977
   35545
   34273
   33263
   32545
   32085
   31924
   31991
   32290
   32826
   33647
   34747
   36195
   38046
   40300
   42856
   45570
   48405
   51334
   54357
   57431
   60492
   63503
   66285
   68779
   70925
   72754
   74262
   75348
   75978
   76094
   75763
   74986
   73791
   72343
   70655
   68779
   66774
   64754
   62757
   60831
   58978
   57147
   55357
   53613
   51976
   50354
   48700
   47130
   45717
   44439
   43302
   42348
   41545
   40959
   40549
   40253
   40143
   40259
   40530
   41010
   41665
   42526
   43563
   44794
   46150
   47665
   49215
   50797
   52314
   53743
   55127
   56466
   57669
   58691
   59543
   60385
   61256
   62171
   63217
   64316
   65349
   66289
   67094
   67706
   68160
   68371
   68350
   68057
   67745
   67480
   67221
   66936
   66609
   66200
   65604
   64855
   63910
   62778
   61461
   60038
   58574
   57163
   55846
   54608
   53440
   52329
   51370
   50569
   49905
   49341
   48912
   48612
   48331
   48021
   47718
   47433
   47152
   46761
   46292
   45734
   45240
   44843
   44527
   44285
   44151
   44135
   44166
   44251
   44418
   44689
   45087
   45587
   46217
   46985
   47870
   48784
   49689
   50568
   51406
   52189
   52912
   53618
   54240
   54810
   55288
   55633
   55899
   56082
   56159
   56058
   55810
   55436
   54993
   54476
   53881
   53265
   52659
   52016
   51344
   50721
   50204
   49880
   49688
   49629
   49587
   49623
   49754
   49957
   50101
   50219
   50328
   50430
   50582
   50793
   51110
   51510
   51958
   52474
   53184
   54035
   55029
   56048
   57092
   58152
   59119
   59929
   60384
   60585
   60486
   60010
   59024
   57621
   55909
   54019
   52055
   50160
   48385
   46779
   45346
   44059
   42997
   42145
   41485
   41016
   40654
   40461
   40421
   40564
   40865
   41312
   41835
   42317
   42688
   42892
   43007
   43025
   42955
   42828
   42670
   42591
   42585
   42662
   42837
   43149
   43569
   44539
   46457
   48238
   49331
   50033
   50522
   50954
   51583
   53035
   55397
   56915
   57043
   56605
   56343
   56279
   56054
   55597
   54976
   54106
   53138
   52123
   50952
   49667
   48375
   47045
   45696
   44305
   42989
   41733
   40508
   39329
   38298
   37431
   36670
   36004
   35407
   34940
   34609
   34373
   34211
   34158
   34215
   34524
   35039
   35503
   35755
   35997
   36324
   36816
   37426
   38128
   38840
   39585
   40372
   41224
   42184
   43188
   44298
   45463
   46629
   47871
   50242
   53890
   55735
   55830
   55827
   55924
   55881
   55593
   55085
   54468
   53703
   52769
   51680
   50498
   49264
   47954
   46608
   45174
   43716
   42264
   40889
   39603
   38498
   37575
   36736
   35970
   35222
   34530
   33918
   33270
   32600
   31856
   31167
   30582
   30168
   30059
   30180
   30441
   30758
   31331
   32316
   33716
   35434
   37149
   37666
   35654
   32685
   31037
   30706
   30681
   31368
   32809
   35030
   37494
   39816
   42129
   44250
   46104
   47867
   49578
   51111
   52573
   53936
   55229
   56500
   57793
   58895
   59698
   60452
   61000
   61109
   60543
   59595
   58349
   56719
   54860
   52814
   50643
   48549
   46515
   44533
   42669
   40855
   39184
   37799
   36648
   36131
   37147
   38273
   38641
   38720
   38730
   38731
   39032
   39517
   39967
   40443
   40974
   41617
   42262
   42803
   43282
   43933
   44896
   45845
   46565
   46919
   46925
   46710
   46326
   45806
   45090
   44064
   42879
   41932
   41018
   40134
   39371
   38759
   38773
   39111
   39739
   40807
   42144
   42713
   42393
   42077
   42049
   41761
   41126
   40136
   39186
   38424
   37871
   37557
   37314
   36706
   35693
   34341
   33304
   32511
   31643
   30852
   30291
   30042
   30015
   30118
   30294
   30586
   30980
   31485
   32179
   32996
   34125
   35925
   37471
   38488
   39175
   39531
   39713
   39868
   40004
   40026
   39996
   39915
   39876
   39855
   39732
   39513
   39204
   38930
   38827
   38762
   38610
   38421
   38386
   38468
   38538
   38580
   38596
   38626
   38703
   38797
   38912
   39032
   39209
   39496
   39928
   40469
   41031
   41669
   42619
   44633
   47748
   50659
   52799
   54148
   54914
   55114
   54871
   54270
   53305
   51967
   50297
   48354
   46137
   43759
   41306
   38853
   36478
   34169
   31939
   29827
   27917
   26299
   24932
   23846
   23702
   24782
   25293
   25069
   24834
   24679
   24858
   25451
   26036
   26610
   27183
   27696
   27859
   28099
   28700
   29621
   30751
   32017
   33323
   34679
   37033
   40753
   43586
   45168
   46177
   46894
   47600
   48268
   48737
   48882
   48783
   48463
   48004
   47414
   46721
   45888
   44902
   43927
   42915
   41906
   40897
   40001
   39276
   38623
   37996
   37408
   37056
   36542
   34759
   31070
   25975
   20021
   13759
    7750
    2026
   -3322
   -8199
  -12467
  -16041
  -18816
  -20815
  -21965
  -22335
  -21945
  -20820
  -18919
  -16277
  -12921
   -9135
   -4926
    -310
    4702
   10010
   15491
   21069
   26660
   32195
   37536
   42657
   47500
   52068
   56310
   60101
   63411
   66167
   68374
   69974
   70913
   71332
   71250
   70530
   69111
   67067
   64573
   61646
   58208
   54330
   50289
   46239
   42384
   38728
   35338
   32208
   29413
   26902
   24649
   22666
   20929
   19373
   17926
   16737
   15833
   15231
   14956
   15044
   15427
   15978
   16562
   17070
   17515
   17906
   18322
   18708
   19068
   19496
   20024
   20730
   21533
   22465
   23585
   24827
   26107
   27291
   28370
   29364
   30358
   31391
   32441
   33531
   34694
   35912
   37023
   37982
   38785
   39420
   39849
   39971
   39751
   39254
   38639
   37858
   36874
   35710
   34337
   32908
   31500
   30445
   31011
   31807
   31055
   29192
   27620
   26541
   25572
   24630
   23756
   22882
   22068
   21335
   20710
   20230
   19974
   19960
   20093
   20355
   20714
   21247
   21921
   22731
   23657
   24662
   25791
   27002
   28242
   29445
   30662
   31799
   32875
   33824
   34637
   35276
   35703
   35925
   35962
   35919
   35712
   35367
   34874
   34223
   33425
   32437
   31278
   30015
   28724
   27453
   26225
   25092
   24051
   23231
   22644
   22202
   21941
   21898
   21928
   22204
   23361
   25649
   29004
   32805
   36628
   40285
   43637
   46677
   49958
   53907
   58127
   62444
   67108
   71672
   75729
   80106
   86009
   93586
  104678
  125673
  157522
  193900
  225548
  249918
  268490
  282106
  291162
  295890
  296532
  293789
  288900
  283321
  276281
  265452
  249976
  230924
  209144
  185620
  161259
  136606
  112001
   87705
   64033
   41206
   19518
    -831
  -19541
  -36465
  -51458
  -64369
  -75099
  -83499
  -89480
  -93001
  -94118
  -92930
  -89669
  -84495
  -77548
  -68912
  -58696
  -47133
  -34401
  -20729
   -6275
    8780
   24264
   39897
   55425
   70629
   85234
   99038
  111803
  123344
  133470
  142136
  149228
  154648
  158347
  160365
  160703
  159424
  156372
  151554
  145572
  138542
  130428
  121277
  111330
  100749
   89698
   78353
   67009
   55829
   45027
   34742
   25087
   16200
    8185
    1160
   -4833
   -9698
  -13397
  -15930
  -17218
  -17315
  -16262
  -14147
  -10992
   -6874
   -1769
    4243
   11014
   18350
   25998
   33886
   41894
   49969
   58006
   65903
   73601
   81210
   88767
   96194
  103336
  109943
  115962
  121268
  125806
  129569
  132517
  134605
  135799
  136154
  135709
  134562
  132683
  130107
  126813
  122881
  118359
  113300
  107884
  102176
   96275
   90196
   84067
   77913
   71793
   65576
   59190
   52748
   46441
   40410
   34750
   29621
   25073
   21247
   18171
   15854
   14314
   13649
   13888
   15115
   17180
   20034
   23603
   27863
   32671
   37994
   43696
   49625
   55665
   61732
   67812
   73812
   79575
   85007
   90145
   94942
   99397
  103479
  107123
  110261
  112917
  114930
  116254
  116788
  116539
  115554
  113946
  111743
  109046
  105858
  102246
   98282
   93965
   89371
   84524
   79512
   74404
   69309
   64266
   59396
   54769
   50485
   46612
   43206
   40400
   38125
   36450
   35401
   34892
   34736
   34927
   35485
   36439
   37798
   39497
   41564
   43922
   46552
   49425
   52583
   55973
   59425
   62811
   66082
   69283
   72396
   75380
   78172
   80860
   83350
   85632
   87680
   89483
   91100
   92537
   93746
   94681
   95379
   95768
   95918
   95821
   95480
   94827
   93836
   92547
   90969
   89213
   87307
   85295
   83151
   80998
   79321
   78426
   78140
   78138
   78248
   78322
   78395
   78459
   78508
   78606
   78741
   78951
   79213
   79561
   79943
   80382
   80749
   80963
   81032
   80898
   80618
   80130
   79409
   78485
   77459
   76318
   75046
   73682
   72286
   70993
   69804
   68745
   67846
   67149
   66600
   66111
   65759
   65576
   65617
   65814
   66156
   66621
   67284
   68093
   69007
   69981
   70863
   71713
   73478
   76281
   79609
   83659
   88019
   92086
   96112
   99843
  102887
  104853
  105580
  105077
  103717
  102028
   99654
   97086
   94460
   91714
   88884
   85959
   82934
   79873
   76997
   74387
   72031
   69873
   67873
   65882
   63867
   61847
   59877
   58096
   56527
   55331
   54635
   54493
   54863
   56023
   58322
   61411
   65460
   70228
   75450
   80967
   86460
   91947
   97322
  102352
  106869
  110806
  114165
  116991
  119021
  120087
  120181
  119427
  117916
  115728
  112932
  109647
  105981
  102012
   97779
   93316
   88692
   83943
   79157
   74431
   69990
   66064
   62675
   59808
   57276
   55083
   53197
   51743
   50733
   50261
   50515
   51404
   52775
   54526
   56632
   59076
   61817
   64631
   67428
   70150
   72852
   75470
   77845
   80053
   82172
   84207
   86050
   87726
   89178
   90403
   91302
   91938
   92339
   92572
   92636
   92451
   92090
   91497
   90792
   90049
   89228
   88316
   87405
   86482
   85522
   84546
   83492
   82397
   81214
   79998
   78825
   77717
   76621
   75579
   74594
   73746
   73032
   72391
   71879
   71481
   71210
   71066
   71183
   71538
   72103
   72892
   73954
   75234
   76761
   78410
   80098
   81715
   83199
   84571
   85800
   86925
   87974
   88952
   89789
   90490
   91003
   91402
   91732
   92033
   92250
   92362
   92371
   92221
   91929
   91501
   90929
   90197
   89356
   88404
   87402
   86479
   85579
   84660
   83686
   82621
   81359
   80023
   78802
   77743
   76643
   75707
   75026
   74659
   74313
   73957
   73790
   73803
   73991
   74463
   75261
   75947
   76400
   76731
   76637
   75913
   74759
   73926
   74341
   75761
   77505
   79392
   81342
   83179
   84587
   85710
   86745
   87867
   88806
   90240
   91357
   91215
   90320
   88609
   86168
   83293
   80237
   77056
   73825
   70592
   67431
   64380
   61851
   60493
   59429
   58000
   56621
   55503
   54734
   54270
   54089
   54129
   54382
   54796
   55312
   56203
   57273
   58450
   59735
   61223
   62871
   64633
   66385
   68128
   69811
   71372
   72886
   74329
   75739
   77108
   78525
   79887
   81227
   82590
   84148
   86513
   89411
   91471
   93146
   94726
   95792
   96275
   96649
   96731
   96301
   95995
   95858
   94913
   93161
   91276
   89040
   85972
   82519
   79232
   76043
   73033
   70619
   68838
   66701
   64513
   63217
   62292
   61148
   60433
   60388
   59840
   58704
   57767
   57142
   56336
   55866
   56100
   56243
   55985
   56553
   58015
   59123
   60439
   62607
   64864
   66381
   67870
   70094
   72222
   73832
   75389
   76773
   77854
   78917
   80053
   80715
   80970
   81382
   81628
   81293
   81133
   80959
   80163
   79246
   78677
   77927
   77084
   76397
   75605
   74743
   74175
   73539
   72643
   71782
   70983
   70063
   69398
   69015
