   29636
   14122
    1168
   -8489
  -13070
  -11137
   -3283
    7460
   20125
   33593
   45714
   54621
   59496
   60568
   56665
   47098
   34591
   21459
    8506
   -2590
   -9156
  -10057
   -6128
    2060
   13892
   27477
   40275
   51210
   59305
   63070
   62123
   57451
   49232
   38145
   26168
   14873
    6057
    1183
     327
    3118
    9817
   18989
   28304
   37044
   44940
   51411
   56178
   57594
   55191
   49688
   40831
   29525
   18706
   10330
    6900
    8501
   13827
   17857
   13489
   12442
   29338
   55746
   85794
  116962
  140583
  145740
  122049
   80044
   43082
   14412
   -7693
  -16202
  -12491
   -1098
   14916
   33646
   52454
   71501
   91649
  107074
  112449
  107198
   90968
   66888
   39820
   13205
   -8643
  -23258
  -30065
  -27890
  -16405
    2390
   25403
   50292
   74191
   92474
  100424
   97334
   83252
   53139
   15938
   -9507
  -18966
  -18439
  -30658
  -38014
   -7231
   43078
   84396
  115230
  133570
  134591
  118755
   91642
   58152
   21099
  -13742
  -40674
  -55981
  -58975
  -49153
  -27418
    2724
   36118
   68751
   96481
  114957
  121775
  116932
  101183
   76192
   46044
   15332
  -12583
  -35189
  -49611
  -53847
  -47992
  -32000
   -6771
   23142
   52346
   76418
   93577
  105807
  111778
  104671
   84314
   54899
   23445
   -6015
  -29770
  -43785
  -45938
  -37063
  -18898
    5132
   31834
   58596
   81489
   96110
  100107
   94107
   79395
   57336
   31428
    5609
  -17344
  -34486
  -42769
  -41233
  -31389
  -14484
    9488
   36817
   61671
   81449
   93195
   94192
   84612
   66668
   43027
   16039
   -9955
  -30310
  -42361
  -44886
  -37262
  -20626
    1472
   25532
   48894
   68485
   80584
   83789
   78463
   65581
   46490
   23992
    2010
  -16458
  -29438
  -34299
  -30000
  -18380
   -2451
   15472
   33365
   47854
   57186
   60682
   57534
   48056
   34960
   20891
    7114
   -4467
  -11913
  -14563
  -12970
   -6915
    3092
   15291
   28260
   40584
   49711
   53366
   51525
   44779
   33641
   20126
    6952
   -3907
  -12230
  -17326
  -17457
  -12112
   -2381
    9983
   23754
   37322
   49105
   57018
   58864
   53926
   42495
   26439
    8759
   -9019
  -25225
  -34778
  -35939
  -31452
  -23401
  -12385
    1337
   17220
   33375
   48109
   59682
   65214
   63298
   54999
   42052
   24902
    3129
  -23714
  -56294
  -80054
  -82252
  -69192
  -45171
   -9747
   35051
   84280
  128490
  155834
  160134
  141482
  103176
   51490
   -5213
  -60260
 -107108
 -138574
 -148349
 -134503
 -100945
  -51955
    5334
   62868
  112492
  146735
  160466
  152969
  126579
   84312
   32133
  -21712
  -69173
 -105717
 -126983
 -129053
 -110581
  -73494
  -25307
   26164
   73128
  109299
  130645
  134673
  121221
   93278
   54647
    9561
  -34998
  -72451
  -98798
 -110303
 -104892
  -83404
  -49395
   -8716
   33542
   71704
  100005
  114142
  113035
   97672
   70006
   33312
   -6561
  -43320
  -72336
  -90375
  -94687
  -85377
  -64889
  -35741
   -2246
   31872
   61750
   78588
   77084
   62792
   47539
   36395
   25572
   13070
   -2313
  -20152
  -36368
  -47283
  -51110
  -47622
  -37227
  -23050
  -10701
     338
   13105
   27638
   42586
   56921
   68750
   73685
   67490
   50705
   25432
   -4065
  -31547
  -55137
  -71375
  -77052
  -71759
  -55833
  -31585
   -3638
   23914
   46990
   61407
   64275
   56588
   41610
   22850
    4780
   -7828
  -15779
  -21414
  -24091
  -23096
  -19223
  -14094
   -8047
    -910
    6337
   12029
   16080
   18429
   18032
   14453
    8945
    2303
   -5095
  -11838
  -16592
  -18966
  -19180
  -16274
  -10421
   -3201
    3257
    8651
   12990
   14856
   13518
   10073
    5440
    -442
   -6571
  -11535
  -15227
  -17909
  -18369
  -15882
  -11680
   -6944
   -2021
    2496
    5216
    5274
    3185
   -5542
  -21646
  -32624
  -28363
  -10459
   12996
   34389
   47909
   51098
   45042
   31382
   10185
  -17611
  -45554
  -65035
  -73250
  -70334
  -56987
  -35700
  -10024
   16526
   40417
   57276
   64826
   62107
   49101
   27874
    3071
  -21739
  -44540
  -61327
  -68886
  -67283
  -57859
  -40868
  -18213
    5817
   27492
   44223
   53993
   55207
   48387
   34895
   15918
   -6368
  -28224
  -46319
  -59335
  -65664
  -63747
  -53830
  -38045
  -18094
    3550
   23132
   37983
   46859
   49184
   44189
   32665
   17554
    1315
  -14116
  -28277
  -40069
  -49133
  -54368
  -53914
  -47604
  -37605
  -25241
   -9870
    7265
   22675
   34033
   39889
   38352
   30113
   17380
     754
  -17895
  -34034
  -44981
  -50631
  -50932
  -46380
  -40363
  -33698
  -22575
   -8467
    5181
   16791
   26529
   33854
   36251
   32214
   22643
    8689
   -8419
  -25815
  -40471
  -50146
  -53298
  -49701
  -40466
  -28136
  -14118
     306
   13009
   21661
   25887
   25655
   20271
   10075
   -2766
  -16231
  -29256
  -39682
  -45384
  -46135
  -42776
  -35208
  -24167
  -11801
    -267
    9725
   17305
   20564
   19169
   13794
    4902
   -6563
  -18881
  -31341
  -42048
  -47416
  -49967
  -50659
  -44639
  -33279
  -18937
   -1998
   15295
   30393
   39525
   39867
   31063
   14988
   -5196
  -25922
  -44092
  -56113
  -61378
  -60607
  -53113
  -39115
  -21415
   -3160
   13325
   25688
   31630
   30550
   22716
    9421
   -8378
  -24110
  -30177
  -29218
  -27700
  -27210
  -28190
  -29107
  -28014
  -24925
  -20948
  -15906
   -9882
   -4506
    -777
    1793
    2860
    1266
   -2597
   -7977
  -14904
  -22240
  -28710
  -34299
  -37970
  -38137
  -35447
  -30775
  -22218
   -9804
    1318
    5368
    4360
    3071
    2537
   -5990
  -19793
  -31187
  -34043
  -28398
  -23469
  -21549
  -24337
  -29902
  -36871
  -42741
  -43403
  -41429
  -32804
  -14064
   15705
   33310
   27827
   16197
    4777
   -5189
  -10304
  -11832
  -13100
  -16754
  -24815
  -34167
  -38598
  -38288
  -35246
  -29990
  -23170
  -16513
  -10248
   -4779
   -1494
    -918
   -2339
   -5523
  -10846
  -17073
  -23804
  -30001
  -35174
  -38000
  -37256
  -30804
  -21118
  -12666
   -6191
    -515
    4190
    5217
    -281
  -11309
  -25697
  -40365
  -47767
  -43180
  -27125
   -8269
    5688
   10420
    6826
    -406
  -10041
  -19954
  -27582
  -31725
  -31669
  -33820
  -49407
  -65854
  -67574
  -53781
  -30034
   -4933
   17888
   35821
   45871
   45927
   36333
   19175
   -1722
  -19440
  -30964
  -39933
  -45404
  -48186
  -45859
  -41871
  -41472
  -41776
  -44472
  -45135
  -39692
  -22831
    1956
   22671
   36635
   49542
   59239
   56649
   38212
    7691
  -27456
  -62162
  -92604
 -112423
 -117703
 -108245
  -85442
  -53094
  -16115
   20631
   51320
   71404
   78927
   72703
   53467
   24664
   -9873
  -46209
  -78934
 -103082
 -115273
 -114011
  -98228
  -69748
  -33123
    6577
   43552
   71760
   86020
   85019
   69388
   40604
    3136
  -37275
  -75492
 -106521
 -125146
 -128388
 -117029
  -92795
  -58747
  -20289
   16196
   46335
   66705
   74354
   68027
   49282
   21750
  -10638
  -43630
  -73252
  -96058
 -111214
 -116535
 -108465
  -87610
  -60543
  -36520
  -15694
    8704
   32676
   50141
   64530
   71143
   63731
   48476
   24581
  -13479
  -58607
  -95261
 -116635
 -122334
 -113697
  -92648
  -62629
  -28979
    4656
   34876
   58129
   69569
   67938
   54112
   31111
    2707
  -28602
  -59686
  -88391
 -110949
 -121183
 -115730
  -93949
  -60462
  -26222
    1927
   26036
   50160
   68729
   70794
   55621
   28269
   -4970
  -40929
  -74305
  -98784
 -111354
 -111310
  -99219
  -76178
  -45344
  -12270
   18053
   42369
   57146
   58836
   47677
   28039
    2598
  -26428
  -54724
  -77736
  -92024
  -95294
  -88454
  -73690
  -53979
  -31326
   -7527
   13865
   29475
   37893
   38102
   29179
   12218
   -9344
  -32034
  -53349
  -70019
  -79450
  -80641
  -74884
  -62470
  -44058
  -22986
   -2620
   14684
   25991
   29171
   24751
   12126
   -6503
  -26189
  -43957
  -58996
  -70658
  -76374
  -73561
  -63140
  -47815
  -30618
  -13117
    1486
    8522
    8678
    6081
   -2911
  -17717
  -34180
  -49204
  -59941
  -64549
  -60237
  -46689
  -28049
   -8566
    4333
   10545
   12347
   10704
   10724
    6416
   -1439
  -13913
  -31134
  -49201
  -64269
  -72657
  -72963
  -66669
  -54725
  -37702
  -18218
    -277
   13547
   21911
   23391
   17356
    5435
  -10296
  -28254
  -46202
  -60893
  -70040
  -73386
  -70128
  -59968
  -45005
  -28471
  -12040
    2017
    8687
    5573
   -7108
  -24396
  -41960
  -55333
  -57367
  -53912
  -52270
  -50365
  -41782
  -18753
    8530
   25232
   33601
   34468
   26066
    9673
  -11805
  -33202
  -50790
  -63742
  -72056
  -76321
  -75020
  -67102
  -54183
  -38405
  -20922
   -4179
    7223
   12120
   11377
   -2095
  -43606
  -95121
 -121650
 -114282
  -81949
  -40456
     311
   33966
   57355
   68413
   66277
   50672
   24219
   -8318
  -42905
  -75527
 -100969
 -115181
 -117048
 -106950
  -86174
  -55744
  -21982
    5139
   24805
   39360
   49895
   52106
   41024
   20388
   -4838
  -32552
  -61493
  -86238
 -101360
 -104463
  -96111
  -78890
  -55811
  -30616
   -6532
   14656
   30443
   37591
   34855
   23401
    5263
  -17565
  -41875
  -63975
  -79703
  -89371
  -93647
  -88667
  -74546
  -55944
  -35611
  -13032
    8812
   24886
   33089
   34085
   25949
    9062
  -12754
  -35847
  -57350
  -74318
  -84297
  -86464
  -81515
  -69632
  -52033
  -31488
  -11122
    6800
   19952
   25419
   22644
   13215
   -1326
  -20236
  -40740
  -59147
  -72796
  -80649
  -81278
  -73926
  -59716
  -41057
  -19537
    -804
    8931
   11027
    5388
   -8225
  -23324
  -32988
  -32817
  -28176
  -24066
  -26785
  -37150
  -52399
  -65696
  -71537
  -69657
  -62364
  -54700
  -40153
  -10052
   24381
   48003
   57775
   54002
   39471
   14805
  -17475
  -52408
  -84047
 -108905
 -123521
 -125439
 -114533
  -93630
  -64646
  -29666
    6488
   37287
   57868
   65313
   57345
   35790
    4475
  -31438
  -66460
  -94910
 -113184
 -120076
 -114418
  -96710
  -70123
  -39429
   -7316
   21279
   41187
   49889
   47059
   36599
   17565
  -11452
  -44834
  -74304
  -94896
 -105055
 -105054
  -94566
  -74502
  -48558
  -23316
     139
   19889
   34574
   43175
   42228
   29104
    7684
  -20364
  -58443
  -97195
 -115589
 -118392
 -123888
 -123493
  -98556
  -58493
  -15059
   27403
   63798
   92358
  107940
  103639
   77703
   36104
  -14114
  -64611
 -110103
 -146926
 -170213
 -175673
 -162488
 -133074
  -89528
  -36357
   17561
   62273
   92175
  104374
   97560
   73654
   36217
  -10158
  -58429
 -101548
 -134301
 -153048
 -154791
 -139250
 -108709
  -67042
  -20811
   22659
   56555
   75990
   79198
   65849
   37864
    1734
  -36858
  -74004
 -105101
 -123818
 -127616
 -118910
 -100657
  -74997
  -47813
  -25270
   -4446
   15150
   31008
   41264
   44920
   40985
   27871
    5120
  -23474
  -53039
  -80086
 -100531
 -111002
 -110123
  -97713
  -74806
  -42140
   -6818
   19239
   28211
   11538
  -19384
  -40783
  -48795
  -50422
  -49668
  -41602
  -23402
   -2348
   14502
   23668
   23673
   13786
   -5094
  -28870
  -52559
  -73414
  -89495
  -97799
  -96410
  -85836
  -68544
  -46629
  -22449
     126
   16899
   26338
   28034
   21445
    6695
  -13278
  -34774
  -55182
  -72568
  -83922
  -87196
  -82906
  -72147
  -55793
  -36086
  -16889
    -701
   10999
   16616
   14583
    6220
   -6507
  -21768
  -37215
  -51423
  -64763
  -78046
  -91701
 -104152
 -106076
  -93005
  -68677
  -38189
   -5754
   26760
   54874
   72509
   78597
   70536
   47168
   10827
  -33063
  -77541
 -116165
 -143205
 -154214
 -149883
 -133423
 -111658
  -89943
  -61093
  -18263
   29611
   72985
  106067
  124663
  124981
  104409
   63365
    6027
  -58964
 -122440
 -177680
 -225926
 -259459
 -255892
 -218876
 -154530
  -73146
   21896
  121759
  201867
  244177
  241002
  191904
  112164
   13068
  -86022
 -164550
 -218714
 -249220
 -252743
 -230978
 -186007
 -121889
  -45024
   32244
   96599
  140863
  163638
  162370
  133844
   82642
   18682
  -45070
  -99249
 -140209
 -167198
 -179469
 -175642
 -154932
 -121228
  -79845
  -34016
   10878
   48268
   72952
   82697
   78249
   60496
   30220
   -7816
  -47341
  -83794
 -113059
 -130352
 -133065
 -122024
  -99231
  -67097
  -28704
    9009
   39640
   59257
   65323
   57498
   38166
   10409
  -23617
  -60496
  -93667
 -117097
 -127307
 -123954
 -106887
  -78607
  -45369
  -13910
   12762
   34501
   47504
   48312
   36728
   16862
   -7973
  -36096
  -64362
  -87828
 -102094
 -105323
  -96725
  -76837
  -48250
  -15194
   15765
   36815
   45040
   41520
   29758
   16799
      89
  -25536
  -54359
  -79147
  -93004
  -96052
  -89469
  -77322
  -60737
  -39995
  -18077
    2204
   19902
   34324
   43520
   46234
   42274
   31659
   15478
   -3783
  -23620
  -42824
  -57282
  -61330
  -50505
  -23296
   12230
   47039
   74970
   91259
   95378
   85987
   60630
   20489
  -29143
  -82749
 -133752
 -173810
 -184381
 -151201
  -80050
    9411
   98767
  181024
  249944
  286668
  275773
  225096
  146356
   52109
  -43526
 -129178
 -195102
 -231592
 -232695
 -198894
 -134713
  -48547
   46488
  136055
  207563
  250832
  260082
  235022
  180411
  104645
   20621
  -61295
 -133545
 -185178
 -206904
 -197658
 -163279
 -108969
  -43741
   20104
   75811
  119808
  146663
  158082
  157673
  143516
  119526
   89421
   55933
   20597
