  -34337
  -35405
  -36530
  -37717
  -38818
  -39778
  -40523
  -40777
  -40555
  -40061
  -39248
  -38013
  -36500
  -34730
  -32800
  -30876
  -29161
  -27627
  -26336
  -25530
  -25216
  -25466
  -26346
  -27698
  -29351
  -31367
  -33670
  -35890
  -37898
  -39662
  -40994
  -41810
  -42137
  -42015
  -41429
  -40519
  -39439
  -38156
  -36661
  -35155
  -33844
  -32713
  -31804
  -31174
  -30805
  -30734
  -31028
  -31701
  -32600
  -33723
  -35077
  -36493
  -37811
  -38982
  -39885
  -40318
  -40310
  -40011
  -39349
  -38386
  -37389
  -36422
  -35388
  -34339
  -33483
  -32848
  -32409
  -32286
  -32470
  -32810
  -33253
  -33827
  -34419
  -34969
  -35541
  -36027
  -36316
  -36525
  -36695
  -36739
  -36733
  -36820
  -36915
  -36991
  -37096
  -37219
  -37272
  -37303
  -37327
  -37165
  -36831
  -36442
  -36054
  -35611
  -35281
  -35204
  -35305
  -35506
  -35828
  -36300
  -36760
  -37188
  -37627
  -37912
  -38008
  -38035
  -38028
  -37941
  -37863
  -37818
  -37703
  -37500
  -37320
  -37149
  -36899
  -36572
  -36269
  -35932
  -35608
  -35471
  -35411
  -35325
  -35381
  -35592
  -35689
  -35552
  -35231
  -34596
  -33663
  -32685
  -31776
  -30964
  -30470
  -30442
  -30869
  -31786
  -33137
  -34639
  -36117
  -37517
  -38634
  -39369
  -39761
  -39786
  -39396
  -38724
  -37952
  -37076
  -36167
  -35388
  -34770
  -34242
  -33885
  -33724
  -33614
  -33481
  -33304
  -33028
  -32529
  -31824
  -31002
  -30132
  -29347
  -28822
  -28617
  -28692
  -29140
  -30021
  -31158
  -32573
  -34303
  -36170
  -38011
  -39789
  -41372
  -42532
  -43312
  -43839
  -44004
  -43810
  -43371
  -42657
  -41581
  -40265
  -38842
  -37261
  -35641
  -34214
  -33120
  -32390
  -32180
  -32596
  -33496
  -34715
  -36158
  -37600
  -38881
  -39979
  -40887
  -41449
  -41680
  -41698
  -41426
  -40879
  -40216
  -39575
  -38843
  -38018
  -37172
  -36298
  -35534
  -35076
  -34960
  -35107
  -35579
  -36314
  -37080
  -37806
  -38528
  -39149
  -39576
  -39864
  -40112
  -40282
  -40432
  -40621
  -40812
  -40969
  -41082
  -41033
  -40712
  -40182
  -39558
  -38859
  -38433
  -38627
  -39212
  -39864
  -40483
  -40883
  -40842
  -40397
  -39660
  -38515
  -37048
  -35600
  -34310
  -33183
  -32154
  -31265
  -30511
  -29931
  -29593
  -29362
  -29216
  -29384
  -29970
  -30984
  -32422
  -34289
  -36308
  -38365
  -40406
  -42198
  -43640
  -44767
  -45482
  -45619
  -45245
  -44536
  -43553
  -42433
  -41318
  -40257
  -39194
  -38277
  -37611
  -37118
  -36843
  -36939
  -37339
  -37907
  -38731
  -39759
  -40796
  -41781
  -42691
  -43379
  -43780
  -43957
  -43915
  -43598
  -43136
  -42645
  -42019
  -41211
  -40405
  -39632
  -38820
  -38188
  -37829
  -37578
  -37397
  -37419
  -37569
  -37812
  -38146
  -38534
  -38886
  -39326
  -39918
  -40409
  -40804
  -41238
  -41752
  -42338
  -42951
  -43395
  -43462
  -43287
  -43035
  -42636
  -42199
  -41899
  -41640
  -41365
  -41211
  -41212
  -41231
  -41278
  -41448
  -41656
  -41781
  -41854
  -42003
  -42210
  -42483
  -42845
  -43173
  -43422
  -43665
  -43922
  -44064
  -44138
  -44194
  -44080
  -43838
  -43683
  -43511
  -43270
  -43031
  -42832
  -42739
  -42883
  -43281
  -43612
  -43751
  -43851
  -43893
  -43785
  -43678
  -43608
  -43409
  -43172
  -43020
  -42914
  -42796
  -42731
  -42665
  -42483
  -42332
  -42372
  -42476
  -42694
  -43111
  -43570
  -44002
  -44525
  -45019
  -45329
  -45531
  -45691
  -45669
  -45455
  -45187
  -44844
  -44492
  -44333
  -44281
  -44211
  -44150
  -44164
  -44166
  -44129
  -44245
  -44488
  -44743
  -45116
  -45576
  -45901
  -46076
  -46189
  -46162
  -45970
  -45736
  -45566
  -45387
  -45240
  -45156
  -45017
  -44827
  -44750
  -44792
  -44812
  -44846
  -44978
  -45124
  -45302
  -45644
  -46120
  -46519
  -46870
  -47309
  -47649
  -47833
  -47935
  -47947
  -47822
  -47656
  -47533
  -47371
  -47151
  -46974
  -46787
  -46435
  -46011
  -45598
  -45116
  -44596
  -44252
  -44101
  -44030
  -44102
  -44348
  -44624
  -44886
  -45242
  -45640
  -45879
  -45932
  -45842
  -45488
  -44927
  -44225
  -43390
  -42468
  -41392
  -40145
  -39192
  -38807
  -39117
  -39963
  -41067
  -42457
  -44059
  -45625
  -47056
  -48365
  -49267
  -49701
  -49870
  -49687
  -49076
  -48259
  -47345
  -46264
  -45253
  -44497
  -43843
  -43334
  -43188
  -43338
  -43726
  -44388
  -45140
  -45930
  -46848
  -47774
  -48480
  -49018
  -49394
  -49408
  -49042
  -48380
  -47289
  -45757
  -43907
  -41720
  -39000
  -35901
  -32797
  -29865
  -27320
  -25455
  -24318
  -23791
  -23817
  -24384
  -25197
  -26116
  -27178
  -28263
  -29195
  -29955
  -30585
  -31033
  -31599
  -32655
  -34090
  -35759
  -37504
  -38873
  -39613
  -39784
  -39402
  -38498
  -37507
  -36817
  -36313
  -35992
  -35991
  -36321
  -36872
  -37725
  -39029
  -40516
  -41981
  -43426
  -44739
  -45786
  -46275
  -46374
  -46333
  -45799
  -44865
  -43763
  -42922
  -42437
  -42166
  -41798
  -41119
  -40270
  -39633
  -39227
  -39027
  -39079
  -39339
  -39791
  -40551
  -41624
  -42736
  -43737
  -44658
  -45318
  -45607
  -45763
  -45886
  -45794
  -45543
  -45311
  -45023
  -44693
  -44499
  -44349
  -44085
  -43883
  -43744
  -43476
  -43145
  -42942
  -42830
  -42822
  -43055
  -43335
  -43551
  -43814
  -44059
  -44249
  -44491
  -44798
  -44992
  -45072
  -45206
  -45238
  -45130
  -45082
  -45066
  -44920
  -44711
  -44558
  -44494
  -44746
  -45224
  -45556
  -45973
  -46398
  -46903
  -47296
  -47544
  -47790
  -47857
  -47712
  -47500
  -47198
  -46602
  -45691
  -44580
  -43360
  -42172
  -41218
  -40404
  -39726
  -39449
  -39552
  -39640
  -39725
  -39956
  -39941
  -39663
  -39488
  -39454
  -39408
  -39622
  -40097
  -40711
  -41505
  -42427
  -43476
  -44731
  -46236
  -47753
  -49146
  -50354
  -51088
  -51327
  -51358
  -51110
  -50152
  -48386
  -45866
  -42527
  -38675
  -34769
  -31041
  -27707
  -25154
  -23560
  -22604
  -22062
  -21958
  -22265
  -22926
  -24048
  -25606
  -27545
  -29620
  -31474
  -33925
  -37041
  -40545
  -43955
  -47022
  -49550
  -51293
  -52481
  -53155
  -53128
  -52170
  -50485
  -48109
  -44980
  -41277
  -37647
  -34331
  -31572
  -29429
  -27834
  -26776
  -26304
  -26325
  -26832
  -27818
  -29118
  -30748
  -32709
  -34805
  -36962
  -39218
  -41342
  -43263
  -45198
  -46854
  -47913
  -48523
  -48516
  -47708
  -46231
  -44276
  -41815
  -39198
  -36720
  -34541
  -32732
  -31416
  -30788
  -30887
  -31553
  -32795
  -34534
  -36561
  -38815
  -41258
  -43707
  -45817
  -47355
  -48424
  -49019
  -48911
  -48205
  -47097
  -45630
  -43947
  -42318
  -40879
  -39537
  -38423
  -37691
  -37272
  -37173
  -37495
  -38130
  -38853
  -39687
  -40613
  -41389
  -41992
  -42614
  -43272
  -43844
  -44351
  -44678
  -44689
  -44498
  -44167
  -43711
  -43215
  -42652
  -41923
  -41041
  -40229
  -39538
  -38941
  -38641
  -38679
  -38987
  -39615
  -40532
  -41576
  -42689
  -43838
  -44868
  -45824
  -46697
  -47286
  -47456
  -47343
  -47127
  -46836
  -46535
  -46264
  -45832
  -45142
  -44452
  -43694
  -42738
  -41867
  -41043
  -40158
  -39448
  -39156
  -39266
  -39930
  -41278
  -43033
  -44979
  -47216
  -49314
  -50759
  -51700
  -52210
  -52148
  -51695
  -51352
  -51522
  -51938
  -51814
  -50272
  -46956
  -43390
  -40277
  -37580
  -35325
  -34339
  -34676
  -35762
  -37318
  -38994
  -40720
  -42588
  -44598
  -46891
  -49558
  -52341
  -54897
  -57035
  -58646
  -59478
  -59476
  -58792
  -57380
  -55191
  -52478
  -49573
  -46475
  -43386
  -40699
  -38726
  -37576
  -37304
  -37848
  -39097
  -40898
  -43227
  -45886
  -48519
  -51078
  -53277
  -54831
  -55566
  -55568
  -54926
  -53670
  -51987
  -50130
  -48221
  -46219
  -44342
  -42804
  -41754
  -41346
  -41656
  -42537
  -43717
  -45100
  -46626
  -48040
  -49343
  -50639
  -51861
  -52742
  -53273
  -53566
  -53634
  -53380
  -52843
  -52094
  -51032
  -49747
  -48434
  -47169
  -45950
  -45033
  -44567
  -44425
  -44593
  -45136
  -45955
  -46843
  -47755
  -48707
  -49533
  -50234
  -51029
  -51827
  -52433
  -52820
  -52976
  -52786
  -52312
  -51718
  -51050
  -50262
  -49462
  -48750
  -48047
  -47530
  -47328
  -47521
  -48031
  -48824
  -49892
  -50954
  -51843
  -52559
  -52997
  -52986
  -52668
  -52325
  -51934
  -51507
  -51149
  -50833
  -50533
  -50328
  -50270
  -50337
  -50563
  -50971
  -51405
  -51729
  -51985
  -52151
  -52133
  -52066
  -51998
  -51837
  -51552
  -51200
  -50807
  -50340
  -49906
  -49619
  -49384
  -49161
  -49015
  -48969
  -49016
  -49251
  -49797
  -50506
  -51320
  -52272
  -53235
  -54047
  -54735
  -55346
  -55770
  -56107
  -56370
  -56424
  -56211
  -55815
  -55378
  -54775
  -53999
  -53199
  -52386
  -51556
  -50886
  -50512
  -50339
  -50393
  -50688
  -51132
  -51672
  -52358
  -53158
  -53830
  -54329
  -54773
  -55100
  -55267
  -55353
  -55300
  -54952
  -54295
  -53536
  -52772
  -52008
  -51362
  -50929
  -50651
  -50619
  -50930
  -51464
  -52172
  -53110
  -54185
  -55184
  -56071
  -56880
  -57427
  -57721
  -57982
  -58234
  -58538
  -59033
  -59588
  -59932
  -60038
  -59927
  -59339
  -58094
  -56323
  -54000
  -51317
  -48725
  -46514
  -44774
  -43708
  -43415
  -43770
  -44737
  -46320
  -48422
  -50885
  -53640
  -56669
  -59670
  -63022
  -67042
  -70920
  -73065
  -73172
  -71479
  -68103
  -63578
  -58153
  -52214
  -46933
  -42858
  -40293
  -39114
  -39146
  -40424
  -42750
  -45804
  -49513
  -53562
  -57436
  -60916
  -63770
  -65713
  -66787
  -67011
  -66271
  -64681
  -62515
  -59894
  -57034
  -54186
  -51330
  -48571
  -46130
  -43994
  -42267
  -41219
  -40874
  -41178
  -42258
  -44109
  -46406
  -49064
  -52025
  -54919
  -57466
  -59595
  -61265
  -62252
  -62593
  -62399
  -61697
  -60507
  -58991
  -57351
  -55684
  -53927
  -52168
  -50641
  -49379
  -48534
  -48296
  -48621
  -49252
  -50135
  -51287
  -52481
  -53627
  -54747
  -55709
  -56386
  -56829
  -57134
  -57124
  -56808
  -56371
  -55782
  -55051
  -54381
  -53893
  -53534
  -53358
  -53486
  -53725
  -53935
  -54248
  -54607
  -54859
  -55110
  -55483
  -55875
  -56237
  -56718
  -57181
  -57460
  -57661
  -57897
  -58056
  -58062
  -57988
  -57801
  -57470
  -57123
  -56842
  -56503
  -56182
  -56058
  -55993
  -55785
  -55455
  -55315
  -55683
  -56131
  -56269
  -56299
  -56446
  -56952
  -57535
  -58053
  -58555
  -58767
  -58579
  -58299
  -58063
  -57552
  -56827
  -56051
  -55117
  -54500
  -54526
  -54822
  -54804
  -54505
  -53940
  -53461
  -53574
  -54111
  -54852
  -55707
  -56626
  -57392
  -57699
  -57566
  -57132
  -56319
  -55104
  -53732
  -52338
  -50870
  -49508
  -48521
  -47846
  -47520
  -47740
  -48551
  -49949
  -51959
  -54364
  -56712
  -58839
  -60705
  -62054
  -62878
  -63335
  -63334
  -62797
  -61961
  -60974
  -59785
  -58558
  -57494
  -56560
  -55900
  -55706
  -55796
  -56027
  -56437
  -56961
  -57443
  -57918
  -58452
  -58858
  -59176
  -59537
  -59869
  -60005
  -60002
  -59827
  -59235
  -58178
  -56986
  -55845
  -54839
  -54105
  -53833
  -54021
  -54432
  -55024
  -55757
  -56431
  -56882
  -57244
  -57751
  -58374
  -59045
  -59891
  -60830
  -61582
  -62140
  -62554
  -62648
  -62337
  -61755
  -61030
  -60173
  -59247
  -58335
  -57310
  -56152
  -55007
  -53955
  -53079
  -52534
  -52341
  -52313
  -52429
  -52758
  -53349
  -54202
  -55275
  -56460
  -57527
  -58556
  -59553
  -60219
  -60525
  -60590
  -60374
  -59848
  -59182
  -58489
  -57738
  -56452
  -54400
  -52897
  -52218
  -52173
  -52635
  -53482
  -54881
  -56972
  -59201
  -61386
  -63387
  -64887
  -65803
  -66173
  -65937
  -65059
  -63658
  -61841
  -59709
  -57480
  -55373
  -53472
  -51940
  -50893
  -50310
  -50179
  -50550
  -51392
  -52584
  -54119
  -55986
  -57937
  -59850
  -61577
  -62939
  -63775
  -64137
  -64177
  -63850
  -63175
  -62165
  -60707
  -58283
  -55582
  -53439
  -51934
  -51021
  -50740
  -51148
  -52182
  -53795
  -55876
  -58099
  -60189
  -62099
  -63726
  -64798
  -65287
  -65277
  -64677
  -63544
  -62091
  -60427
  -58632
  -56848
  -54948
  -52783
  -50721
  -49202
  -48265
  -48011
  -48588
  -49909
  -51837
  -54352
  -57245
  -60210
  -63029
  -65549
  -67435
  -68573
  -69055
  -68807
  -67921
  -66675
  -65113
  -63290
  -61404
  -59511
  -57639
  -55891
  -54391
  -53177
  -52465
  -52500
  -53200
  -54427
  -56133
  -58066
  -59995
  -61820
  -63329
  -64240
  -64592
  -64630
  -64409
  -64354
  -65216
  -65971
  -65541
  -63716
  -61033
  -58232
  -55944
  -54345
  -53598
  -53658
  -54263
  -54907
  -55432
  -55923
  -56284
  -56331
  -56128
  -56054
  -56226
  -56714
  -57559
  -58582
  -59632
  -60679
  -61606
  -62196
  -62434
  -62437
  -62206
  -61822
  -61429
  -61092
  -60911
  -60942
  -61035
  -60870
  -60472
  -60073
  -59668
  -59323
  -59286
  -59570
  -60027
  -60671
  -61418
  -62045
  -62473
  -62741
  -62713
  -62378
  -61910
  -61367
  -60728
  -60108
  -59562
  -58971
  -58353
  -57865
  -57491
  -57185
  -57103
  -57216
  -57407
  -57735
  -58247
  -58751
  -59123
  -59409
  -59589
  -59620
  -59743
  -59991
  -60232
  -60528
  -60864
  -61012
  -60972
  -60843
  -60523
  -60010
  -59539
  -59169
  -58865
  -58743
  -58795
  -58854
  -58855
  -58940
  -59103
  -59388
  -59951
  -60719
  -61461
  -62143
  -62746
  -63079
  -63065
  -62809
  -62242
  -61385
  -60475
  -59642
  -58904
  -58269
  -57684
  -57111
  -56720
  -56651
  -56791
  -57038
  -57485
  -58050
  -58228
  -58345
  -58823
  -58752
  -56733
  -53059
