-67840
-64018
-60105
-56119
-52082
-48011
-43928
-39849
-35794
-31779
-27822
-23938
-20142
-16450
-12873
-9423
-6113
-2951
52
2891
5559
8050
10360
12487
14428
16183
17752
19137
20340
21364
22213
22893
23408
23766
23974
24038
23967
23770
23454
23029
22504
21888
21190
20420
19586
18698
17763
16791
15790
14767
13730
12685
11640
10600
9571
8557
7564
6596
5655
4745
3868
3027
2223
1457
730
42
-606
-1216
-1788
-2322
-2821
-3285
-3715
-4114
-4483
-4823
-5137
-5426
-5693
-5938
-6164
-6371
-6562
-6737
-6898
-7045
-7179
-7302
-7413
-7512
-7600
-7676
-7741
-7794
-7834
-7862
-7875
-7873
-7856
-7822
-7771
-7701
-7611
-7501
-7369
-7214
-7037
-6836
-6611
-6362
-6088
-5790
-5467
-5121
-4751
-4358
-3943
-3508
-3053
-2581
-2092
-1588
-1072
-545
-10
531
1077
1625
2172
2716
3254
3784
4303
4810
5301
5775
6230
6663
7073
7457
7815
8144
8443
8711
8947
9149
9317
9449
9546
9607
9632
9621
9574
9490
9372
9218
9029
8807
8553
8266
7948
7601
7225
6822
6394
5941
5466
4970
4455
3923
3375
2813
2240
1658
1067
471
-127
-729
-1330
-1929
-2524
-3113
-3695
-4267
-4828
-5376
-5911
-6429
-6931
-7415
-7879
-8323
-8745
-9145
-9523
-9877
-10206
-10512
-10793
-11048
-11279
-11485
-11667
-11824
-11956
-12065
-12151
-12215
-12257
-12278
-12278
-12260
-12223
-12169
-12099
-12014
-11916
-11805
-11682
-11549
-11407
-11258
-11102
-10941
-10776
-10607
-10437
-10267
-10096
-9928
-9761
-9598
-9439
-9285
-9136
-8994
-8859
-8732
-8612
-8501
-8398
-8305
-8220
-8145
-8078
-8021
-7973
-7933
-7901
-7878
-7862
-7854
-7852
-7856
-7865
-7879
-7896
-7917
-7940
-7964
-7989
-8014
-8037
-8058
-8077
-8091
-8101
-8105
-8103
-8094
-8077
-8052
-8017
-7972
-7917
-7851
-7774
-7685
-7583
-7470
-7343
-7205
-7053
-6889
-6712
-6523
-6322
-6109
-5885
-5649
-5403
-5148
-4883
-4610
-4329
-4041
-3747
-3448
-3145
-2839
-2530
-2220
-1910
-1601
-1294
-990
-691
-396
-108
172
445
709
962
1204
1434
1651
1854
2043
2216
2373
2514
2638
2744
2832
2902
2952
2984
2996
2988
2961
2914
2847
2760
2654
2528
2382
2217
2033
1831
1610
1371
1114
840
549
242
-80
-419
-772
-1139
-1520
-1913
-2320
-2737
-3166
-3605
-4054
-4511
-4977
-5449
-5929
-6413
-6903
-7396
-7892
-8391
-8890
-9389
-9887
-10384
-10877
-11365
-11849
-12325
-12794
-13254
-13704
-14142
-14567
-14978
-15373
-15752
-16113
-16454
-16774
-17073
-17348
-17598
-17822
-18019
-18188
-18327
-18435
-18512
-18557
-18568
-18545
-18487
-18393
-18264
-18099
-17897
-17658
-17383
-17072
-16724
-16341
-15923
-15470
-14984
-14466
-13916
-13337
-12729
-12095
-11436
-10754
-10051
-9329
-8591
-7839
-7075
-6303
-5524
-4741
-3958
-3177
-2401
-1633
-875
-131
596
1304
1991
2653
3288
3893
4466
5005
5508
5971
6395
6777
7116
7409
7658
7859
8013
8120
8179
8189
8152
8068
7936
7759
7537
7271
6963
6615
6228
5804
5346
4856
4336
3789
3218
2625
2013
1385
744
94
-563
-1224
-1886
-2546
-3202
-3849
-4486
-5109
-5717
-6307
-6875
-7422
-7943
-8438
-8905
-9342
-9748
-10122
-10462
-10769
-11042
-11280
-11484
-11653
-11787
-11887
-11954
-11988
-11991
-11963
-11906
-11821
-11709
-11573
-11414
-11233
-11033
-10815
-10581
-10334
-10076
-9808
-9532
-9251
-8966
-8679
-8393
-8108
-7827
-7551
-7282
-7021
-6770
-6529
-6299
-6082
-5879
-5689
-5514
-5354
-5209
-5079
-4964
-4865
-4780
-4710
-4655
-4612
-4582
-4565
-4559
-4563
-4576
-4598
-4627
-4662
-4703
-4747
-4795
-4844
-4894
-4945
-4993
-5040
-5084
-5124
-5159
-5189
-5213
-5230
-5241
-5244
-5240
-5228
-5209
-5182
-5147
-5105
-5056
-5001
-4939
-4872
-4800
-4724
-4644
-4562
-4478
-4393
-4309
-4226
-4145
-4067
-3994
-3926
-3865
-3810
-3765
-3728
-3701
-3686
-3682
-3691
-3713
-3749
-3799
-3864
-3943
-4038
-4148
-4273
-4414
-4569
-4739
-4924
-5122
-5334
-5558
-5795
-6042
-6299
-6565
-6839
-7119
-7405
-7695
-7988
-8281
-8575
-8866
-9154
-9438
-9714
-9983
-10242
-10491
-10726
-10948
-11154
-11343
-11514
-11665
-11796
-11906
-11992
-12055
-12094
-12108
-12096
-12058
-11994
-11904
-11786
-11643
-11473
-11277
-11055
-10809
-10539
-10246
-9930
-9594
-9239
-8865
-8474
-8069
-7650
-7220
-6780
-6333
-5881
-5426
-4969
-4513
-4061
-3615
-3176
-2748
-2332
-1930
-1545
-1179
-833
-510
-212
60
304
520
705
858
979
1066
1119
1136
1119
1066
978
854
696
503
277
18
-271
-592
-942
-1319
-1721
-2147
-2594
-3060
-3544
-4042
-4552
-5072
-5599
-6129
-6661
-7192
-7719
-8238
-8748
-9245
-9727
-10191
-10635
-11056
-11451
-11819
-12158
-12465
-12739
-12978
-13180
-13345
-13471
-13557
-13604
-13609
-13574
-13498
-13381
-13223
-13027
-12791
-12518
-12208
-11863
-11485
-11076
-10637
-10171
-9680
-9166
-8632
-8082
-7516
-6939
-6354
-5762
-5168
-4574
-3983
-3398
-2822
-2258
-1709
-1178
-666
-177
286
723
1131
1508
1851
2161
2434
2671
2869
3029
3150
3231
3272
3274
3237
3160
3046
2894
2706
2483
2227
1939
1620
1274
901
504
86
-351
-807
-1277
-1759
-2251
-2750
-3253
-3759
-4263
-4765
-5262
-5750
-6228
-6694
-7146
-7581
-7998
-8394
-8769
-9121
-9448
-9750
-10024
-10272
-10490
-10681
-10842
-10973
-11075
-11148
-11192
-11207
-11195
-11154
-11088
-10995
-10878
-10738
-10576
-10393
-10191
-9972
-9736
-9486
-9223
-8950
-8667
-8377
-8081
-7782
-7480
-7178
-6878
-6581
-6288
-6002
-5724
-5455
-5197
-4951
-4718
-4500
-4297
-4110
-3941
-3790
-3657
-3543
-3448
-3374
-3319
-3285
-3271
-3277
-3302
-3347
-3411
-3494
-3594
-3712
-3847
-3997
-4161
-4340
-4531
-4734
-4947
-5169
-5399
-5636
-5879
-6125
-6374
-6625
-6876
-7125
-7371
-7614
-7851
-8082
-8305
-8519
-8723
-8916
-9096
-9263
-9416
-9554
-9676
-9782
-9870
-9941
-9993
-10027
-10042
-10038
-10014
-9972
-9910
-9829
-9729
-9611
-9475
-9322
-9151
-8964
-8762
-8544
-8313
-8070
-7814
-7547
-7271
-6987
-6695
-6398
-6096
-5790
-5483
-5175
-4868
-4564
-4262
-3966
-3676
-3393
-3120
-2856
-2603
-2363
-2136
-1924
-1726
-1545
-1381
-1235
-1107
-997
-907
-836
-784
-753
-741
-749
-777
-823
-889
-973
-1075
-1194
-1329
-1481
-1646
-1826
-2019
-2223
-2437
-2661
-2894
-3133
-3377
-3626
-3878
-4132
-4386
-4639
-4890
-5138
-5381
-5619
-5850
-6072
-6286
-6491
-6684
-6866
-7036
-7193
-7337
-7467
-7583
-7685
-7772
-7844
-7902
-7945
-7973
-7987
-7987
-7974
-7947
-7908
-7857
-7794
-7721
-7637
-7545
-7444
-7336
-7220
-7100
-6974
-6844
-6711
-6576
-6439
-6302
-6166
-6030
-5897
-5766
-5639
-5516
-5397
-5285
-5178
-5077
-4983
-4897
-4818
-4747
-4685
-4631
-4585
-4548
-4519
-4499
-4488
-4485
-4490
-4504
-4525
-4554
-4591
-4634
-4685
-4741
-4803
-4871
-4944
-5022
-5104
-5189
-5278
-5369
-5462
-5557
-5653
-5750
-5847
-5943
-6039
-6133
-6225
-6314
-6401
-6484
-6563
-6638
-6708
-6773
-6832
-6885
-6931
-6971
-7003
-7028
-7046
-7055
-7056
-7049
-7033
-7009
-6975
-6933
-6883
-6823
-6755
-6678
-6593
-6500
-6399
-6290
-6174
-6051
-5922
-5786
-5646
-5501
-5351
-5198
-5043
-4885
-4726
-4567
-4408
-4250
-4095
-3942
-3793
-3650
-3512
-3380
-3256
-3141
-3035
-2939
-2854
-2781
-2720
-2673
-2639
-2619
-2614
-2625
-2650
-2692
-2750
-2824
-2914
-3020
-3142
-3279
-3432
-3600
-3782
-3977
-4186
-4406
-4638
-4881
-5132
-5392
-5658
-5931
-6207
-6487
-6768
-7050
-7331
-7609
-7883
-8151
-8412
-8665
-8908
-9140
-9359
-9565
-9755
-9929
-10085
-10224
-10343
-10441
-10519
-10576
-10610
-10622
-10611
-10577
-10520
-10439
-10337
-10211
-10064
-9895
-9704
-9494
-9265
-9017
-8751
-8470
-8173
-7863
-7540
-7207
-6865
-6514
-6158
-5797
-5433
-5068
-4703
-4341
-3982
-3628
-3281
-2943
-2615
-2298
-1994
-1704
-1430
-1172
-931
-709
-506
-323
-161
-20
98
196
271
324
355
364
351
317
261
186
91
-23
-155
-304
-470
-650
-845
-1052
-1271
-1500
-1737
-1983
-2234
-2491
-2750
-3012
-3274
-3536
-3796
-4052
-4304
-4550
-4790
-5021
-5243
-5455
-5656
-5846
-6022
-6186
-6336
-6472
-6592
-6698
-6789
-6864
-6924
-6968
-6997
-7011
-7010
-6995
-6966
-6923
-6868
-6800
-6721
-6632
-6532
-6424
-6308
-6185
-6056
-5922
-5784
-5644
-5501
-5359
-5216
-5076
-4938
-4804
-4674
-4550
-4433
-4323
-4221
-4129
-4046
-3974
-3913
-3864
-3826
-3801
-3789
-3790
-3804
-3832
-3872
-3925
-3992
-4070
-4162
-4264
-4379
-4504
-4639
-4783
-4936
-5097
-5265
-5439
-5617
-5800
-5986
-6173
-6362
-6549
-6736
-6920
-7100
-7275
-7444
-7606
-7760
-7905
-8040
-8164
-8277
-8376
-8462
-8535
-8592
-8635
-8662
-8673
-8667
-8646
-8608
-8553
-8482
-8395
-8292
-8174
-8040
-7892
-7730
-7555
-7368
-7169
-6959
-6739
-6511
-6276
-6033
-5786
-5535
-5281
-5025
-4769
-4514
-4261
-4012
-3767
-3528
-3297
-3073
-2859
-2656
-2463
-2283
-2116
-1963
-1825
-1702
-1595
-1504
-1430
-1372
-1332
-1309
-1303
-1314
-1342
-1386
-1447
-1523
-1614
-1720
-1840
-1972
-2116
-2272
-2437
-2612
-2794
-2984
-3179
-3378
-3580
-3785
-3990
-4195
-4398
-4598
-4794
-4985
-5170
-5347
-5516
-5675
-5824
-5962
-6089
-6202
-6303
-6390
-6463
-6522
-6566
-6595
-6609
-6608
-6593
-6563
-6518
-6460
-6388
-6304
-6207
-6098
-5978
-5849
-5710
-5563
-5409
-5249
-5083
-4914
-4741
-4567
-4393
-4218
-4046
-3877
-3711
-3551
-3397
-3250
-3111
-2982
-2863
-2754
-2658
-2574
-2502
-2445
-2401
-2372
-2358
-2358
-2374
-2405
-2451
-2511
-2587
-2677
-2781
-2899
-3029
-3172
-3327
-3493
-3668
-3853
-4046
-4247
-4453
-4665
-4880
-5099
-5319
-5540
-5761
-5980
-6196
-6408
-6614
-6815
-7009
-7194
-7370
-7536
-7691
-7834
-7965
-8082
-8186
-8275
-8349
-8408
-8452
-8480
-8491
-8487
-8467
-8431
-8379
-8311
-8228
-8130
-8017
-7891
-7750
-7597
-7432
-7255
-7067
-6869
-6662
-6446
-6223
-5993
-5758
-5518
-5274
-5027
-4778
-4529
-4279
-4030
-3784
-3540
-3300
-3065
-2835
-2611
-2395
-2187
-1988
-1799
-1619
-1451
-1295
-1151
-1020
-903
-799
-711
-637
-579
-537
-511
-502
-509
-533
-574
-633
-708
-801
-911
-1038
-1182
-1342
-1518
-1711
-1918
-2141
-2378
-2629
-2893
-3169
-3457
-3755
-4064
-4381
-4705
-5037
-5373
-5714
-6058
-6404
-6751
-7096
-7440
-7780
-8114
-8443
-8763
-9075
-9376
-9665
-9941
-10203
-10449
-10678
-10889
-11081
-11252
-11403
-11532
-11638
-11720
-11779
-11814
-11823
-11808
-11767
-11701
-11611
-11495
-11354
-11189
-11001
-10790
-10556
-10301
-10025
-9731
-9417
-9088
-8742
-8382
-8010
-7626
-7232
-6831
-6423
-6010
-5595
-5178
-4761
-4346
-3935
-3529
-3129
-2738
-2357
-1986
-1628
-1284
-955
-641
-344
-64
196
438
661
864
1047
1210
1352
1474
1575
1657
1719
1761
1785
1792
1780
1752
1709
1650
1578
1493
1395
1287
1169
1043
908
767
621
470
315
158
0
-159
-318
-476
-633
-787
-939
-1087
-1232
-1372
-1508
-1639
-1766
-1888
-2005
-2117
-2225
-2328
-2427
-2522
-2614
-2702
-2788
-2872
-2954
-3035
-3115
-3196
-3276
-3358
-3441
-3526
-3613
-3703
-3797
-3895
-3997
-4103
-4214
-4330
-4451
-4578
-4710
-4848
-4991
-5140
-5294
-5453
-5618
-5787
-5961
-6138
-6320
-6505
-6693
-6884
-7076
-7270
-7465
-7660
-7855
-8050
-8243
-8434
-8622
-8808
-8990
-9167
-9340
-9508
-9669
-9825
-9974
-10115
-10249
-10375
-10492
-10601
-10700
-10790
-10870
-10941
-11001
-11050
-11089
-11117
-11134
-11140
-11134
-11117
-11089
-11049
-10997
-10934
-10858
-10772
-10673
-10562
-10440
-10306
-10160
-10003
-9834
-9654
-9462
-9259
-9046
-8821
-8586
-8340
-8084
-7818
-7543
-7259
-6966
-6665
-6357
-6041
-5718
-5389
-5056
-4717
-4375
-4029
-3681
-3332
-2983
-2634
-2286
-1942
-1600
-1264
-933
-608
-292
14
311
596
869
1129
1374
1604
1817
2013
2190
2348
2486
2604
2701
2775
2828
2858
2865
2849
2810
2748
2663
2556
2426
2274
2100
1906
1692
1459
1208
939
654
354
40
-285
-623
-970
-1325
-1687
-2054
-2425
-2797
-3171
-3543
-3913
-4278
-4638
-4990
-5334
-5668
-5990
-6300
-6596
-6877
-7142
-7390
-7620
-7831
-8023
-8195
-8346
-8477
-8586
-8674
-8741
-8787
-8812
-8816
-8799
-8763
-8707
-8632
-8540
-8430
-8304
-8163
-8008
-7840
-7660
-7470
-7270
-7062
-6848
-6628
-6405
-6179
-5952
-5726
-5501
-5279
-5062
-4850
-4646
-4449
-4262
-4085
-3920
-3767
-3627
-3501
-3390
-3295
-3215
-3152
-3105
-3075
-3062
-3067
-3088
-3126
-3180
-3251
-3337
-3439
-3554
-3684
-3826
-3980
-4144
-4319
-4502
-4692
-4889
-5090
-5294
-5500
-5707
-5913
-6117
-6316
-6510
-6698
-6877
-7046
-7205
-7351
-7484
-7602
-7704
-7790
-7858
-7908
-7938
-7949
-7940
-7911
-7861
-7790
-7699
-7587
-7455
-7304
-7134
-6946
-6740
-6519
-6282
-6032
-5769
-5495
-5212
-4922
-4625
-4325
-4022
-3719
-3418
-3120
-2828
-2544
-2270
-2007
-1757
-1523
-1306
-1107
-929
-773
-640
-531
-447
-391
-361
-359
-385
-440
-524
-636
-777
-946
-1142
-1364
-1612
-1885
-2180
-2497
-2834
-3190
-3562
-3948
-4347
-4755
-5172
-5594
-6019
-6445
-6868
-7288
-7700
-8103
-8495
-8872
-9234
-9576
-9898
-10198
-10472
-10721
-10942
-11133
-11294
-11423
-11520
-11583
-11613
-11608
-11569
-11496
-11388
-11248
-11074
-10868
-10631
-10365
-10069
-9747
-9400
-9029
-8636
-8224
-7795
-7351
-6894
-6427
-5952
-5472
-4989
-4505
-4024
-3548
-3079
-2619
-2171
-1738
-1320
-922
-543
-186
146
453
734
987
1211
1405
1569
1701
1802
1871
1909
1915
1890
1834
1749
1634
1490
1320
1123
902
658
392
107
-196
-517
-851
-1199
-1557
-1923
-2297
-2674
-3055
-3436
-3817
-4194
-4566
-4931
-5288
-5634
-5969
-6291
-6599
-6890
-7165
-7421
-7659
-7877
-8074
-8250
-8405
-8537
-8647
-8735
-8801
-8844
-8865
-8864
-8842
-8799
-8735
-8652
-8550
-8429
-8292
-8138
-7969
-7785
-7588
-7380
-7160
-6930
-6692
-6446
-6195
-5938
-5678
-5415
-5150
-4886
-4622
-4361
-4103
-3849
-3601
-3359
-3124
-2897
-2679
-2472
-2274
-2088
-1914
-1753
-1605
-1470
-1349
-1243
-1151
-1074
-1013
-967
-936
-921
-922
-937
-968
-1015
-1076
-1152
-1242
-1346
-1463
-1594
-1737
-1893
-2060
-2237
-2425
-2622
-2828
-3042
-3262
-3490
-3722
-3959
-4200
-4444
-4689
-4935
-5181
-5427
-5670
-5910
-6146
-6378
-6603
-6822
-7034
-7237
-7430
-7613
-7786
-7946
-8095
-8230
-8351
-8458
-8551
-8628
-8689
-8734
-8763
-8776
-8772
-8751
-8714
-8660
-8590
-8503
-8401
-8283
-8151
-8004
-7842
-7668
-7481
-7283
-7074
-6854
-6626
-6390
-6146
-5897
-5643
-5385
-5125
-4863
-4601
-4340
-4081
-3826
-3575
-3330
-3092
-2862
-2640
-2429
-2229
-2041
-1865
-1704
-1556
-1424
-1308
-1208
-1124
-1058
-1009
-978
-965
-969
-991
-1031
-1088
-1162
-1253
-1360
-1482
-1620
-1772
-1937
-2115
-2305
-2506
-2717
-2936
-3163
-3397
-3637
-3881
-4128
-4378
-4629
-4879
-5129
-5376
-5619
-5859
-6093
-6321
-6542
-6755
-6959
-7154
-7340
-7514
-7678
-7831
-7971
-8100
-8218
-8322
-8415
-8496
-8565
-8623
-8669
-8704
-8728
-8743
-8748
-8743
-8731
-8711
-8683
-8649
-8610
-8565
-8516
-8464
-8408
-8351
-8291
-8231
-8170
-8109
-8048
-7988
-7930
-7873
-7817
-7764
-7712
-7663
-7615
-7570
-7526
-7483
-7441
-7401
-7360
-7319
-7278
-7235
-7191
-7143
-7093
-7039
-6980
-6917
-6847
-6771
-6688
-6597
-6497
-6390
-6272
-6146
-6009
-5863
-5706
-5539
-5361
-5173
-4975
-4768
-4550
-4324
-4090
-3848
-3599
-3344
-3084
-2820
-2553
-2284
-2015
-1746
-1479
-1216
-958
-705
-461
-225
0
212
412
598
768
921
1056
1172
1268
1344
1398
1430
1440
1427
1390
1331
1249
1145
1017
869
698
508
298
69
-176
-437
-714
-1003
-1304
-1615
-1935
-2260
-2590
-2923
-3257
-3589
-3919
-4244
-4562
-4872
-5171
-5459
-5734
-5994
-6237
-6463
-6670
-6858
-7024
-7170
-7293
-7394
-7472
-7528
-7560
-7569
-7556
-7521
-7464
-7386
-7288
-7170
-7035
-6883
-6716
-6534
-6339
-6133
-5917
-5694
-5464
-5229
-4991
-4752
-4513
-4277
-4044
-3816
-3595
-3382
-3179
-2986
-2806
-2639
-2487
-2349
-2228
-2123
-2035
-1965
-1913
-1879
-1863
-1865
-1886
-1924
-1979
-2051
-2139
-2242
-2360
-2492
-2637
-2794
-2961
-3138
-3324
-3518
-3717
-3922
-4131
-4343
-4556
-4770
-4983
-5195
-5404
-5610
-5811
-6007
-6197
-6380
-6556
-6724
-6884
-7035
-7177
-7310
-7434
-7548
-7653
-7749
-7835
-7913
-7981
-8042
-8094
-8139
-8177
-8209
-8234
-8254
-8269
-8279
-8286
-8289
-8289
-8287
-8284
-8279
-8273
-8266
-8260
-8253
-8246
-8240
-8235
-8230
-8226
-8223
-8219
-8217
-8214
-8211
-8207
-8202
-8196
-8189
-8178
-8165
-8148
-8127
-8102
-8071
-8034
-7990
-7940
-7881
-7814
-7738
-7652
-7556
-7449
-7332
-7203
-7062
-6908
-6743
-6565
-6374
-6171
-5955
-5726
-5486
-5233
-4968
-4693
-4406
-4110
-3804
-3489
-3166
-2836
-2500
-2158
-1813
-1464
-1113
-761
-410
-60
286
628
966
1296
1618
1931
2234
2524
2801
3064
3310
3540
3752
3945
4117
4269
4398
4504
4587
4645
4678
4686
4668
4623
4551
4452
4327
4174
3995
3788
3556
3297
3012
2703
2369
2011
1630
1228
804
361
-101
-580
-1076
-1587
-2111
-2647
-3194
-3749
-4312
-4880
-5452
-6026
-6601
-7174
-7744
-8310
-8868
-9419
-9960
-10488
-11004
-11504
-11988
-12453
-12899
-13324
-13726
-14105
-14458
-14786
-15086
-15357
-15600
-15812
-15994
-16145
-16263
-16349
-16403
-16424
-16411
-16366
-16288
-16177
-16034
-15859
-15652
-15415
-15147
-14850
-14525
-14173
-13794
-13390
-12961
-12511
-12039
-11548
-11038
-10511
-9970
-9415
-8848
-8272
-7687
-7095
-6499
-5901
-5301
-4702
-4105
-3513
-2927
-2348
-1779
-1221
-676
-144
370
868
1348
1807
2246
2662
3055
3423
3766
4083
4373
4635
4869
5074
5249
5396
5513
5600
5657
5684
5682
5651
5591
5502
5386
5242
5072
4875
4654
4410
4142
3852
3542
3212
2864
2499
2119
1725
1318
901
473
38
-402
-849
-1298
-1749
-2201
-2651
-3097
-3540
-3976
-4405
-4825
-5235
-5634
-6020
-6392
-6749
-7090
-7415
-7721
-8009
-8278
-8527
-8755
-8963
-9150
-9315
-9459
-9581
-9682
-9761
-9819
-9856
-9873
-9870
-9848
-9806
-9747
-9671
-9578
-9469
-9346
-9209
-9060
-8900
-8729
-8549
-8361
-8166
-7966
-7762
-7554
-7344
-7133
-6923
-6714
-6508
-6305
-6107
-5915
-5729
-5550
-5380
-5218
-5066
-4924
-4793
-4673
-4565
-4468
-4384
-4311
-4251
-4204
-4168
-4145
-4134
-4134
-4146
-4168
-4201
-4244
-4296
-4357
-4426
-4503
-4586
-4675
-4769
-4867
-4969
-5074
-5180
-5288
-5395
-5502
-5607
-5709
-5809
-5904
-5995
-6081
-6160
-6233
-6298
-6355
-6404
-6444
-6474
-6495
-6506
-6506
-6496
-6476
-6444
-6402
-6350
-6286
-6212
-6128
-6034
-5931
-5818
-5696
-5565
-5427
-5281
-5129
-4970
-4806
-4637
-4463
-4287
-4108
-3927
-3744
-3562
-3380
-3200
-3021
-2846
-2674
-2506
-2344
-2188
-2038
-1895
-1761
-1635
-1518
-1411
-1314
-1227
-1152
-1088
-1035
-995
-966
-950
-946
-954
-974
-1006
-1051
-1107
-1175
-1253
-1343
-1443
-1552
-1671
-1798
-1934
-2076
-2225
-2380
-2540
-2704
-2871
-3041
-3212
-3384
-3556
-3726
-3894
-4059
-4221
-4377
-4527
-4672
-4808
-4937
-5056
-5166
-5266
-5355
-5432
-5498
-5551
-5592
-5620
-5634
-5635
-5623
-5597
-5558
-5506
-5440
-5362
-5272
-5170
-5057
-4934
-4800
-4657
-4507
-4348
-4184
-4014
-3840
-3662
-3483
-3302
-3122
-2944
-2769
-2597
-2431
-2272
-2120
-1978
-1846
-1725
-1617
-1522
-1443
-1378
-1331
-1300
-1288
-1294
-1319
-1364
-1428
-1513
-1618
-1742
-1887
-2051
-2235
-2437
-2657
-2895
-3149
-3419
-3703
-4000
-4309
-4629
-4957
-5293
-5635
-5981
-6330
-6679
-7027
-7372
-7713
-8047
-8373
-8688
-8992
-9282
-9558
-9816
-10057
-10278
-10478
-10657
-10813
-10946
-11054
-11137
-11194
-11226
-11232
-11213
-11167
-11096
-11001
-10881
-10738
-10573
-10386
-10179
-9954
-9711
-9452
-9179
-8894
-8598
-8294
-7983
-7667
-7348
-7027
-6708
-6392
-6081
-5775
-5479
-5192
-4916
-4653
-4404
-4171
-3954
-3754
-3571
-3408
-3263
-3137
-3029
-2941
-2871
-2819
-2785
-2766
-2764
-2775
-2799
-2834
-2879
-2932
-2991
-3054
-3119
-3185
-3249
-3309
-3363
-3409
-3444
-3468
-3477
-3471
-3447
-3403
-3340
-3254
-3144
-3011
-2853
-2670
-2460
-2225
-1964
-1678
-1366
-1031
-672
-292
108
527
964
1414
1877
2350
2829
3313
3799
4282
4760
5231
5689
6133
6559
6963
7342
7694
8014
8300
8548
8757
8923
9045
9119
9144
9119
9042
8911
8726
8486
8192
7842
7438
6980
6470
5907
5295
4635
3930
3181
2392
1567
707
-182
-1099
-2037
-2995
-3966
-4947
-5933
-6920
-7903
-8878
-9839
-10783
-11704
-12599
-13464
-14294
-15085
-15834
-16536
-17190
-17792
-18340
-18830
-19261
-19632
-19940
-20185
-20367
-20484
-20537
-20527
-20453
-20318
-20122
-19867
-19555
-19189
-18772
-18305
-17792
-17237
-16643
-16014
-15353
-14665
-13953
-13222
-12475
-11717
-10953
-10186
-9419
-8658
-7906
-7166
-6443
-5739
-5058
-4403
-3776
-3179
-2616
-2088
-1596
-1142
-728
-354
-20
272
523
734
905
1036
1129
1184
1203
1188
1140
1062
954
820
662
482
283
66
-165
-409
-662
-924
-1190
-1459
-1730
-1999
-2265
-2525
-2780
-3026
-3262
-3487
-3701
-3902
-4089
-4262
-4421
-4564
-4693
-4807
-4906
-4990
-5060
-5117
-5160
-5191
-5211
-5219
-5218
-5208
-5189
-5164
-5131
-5094
-5052
-5006
-4957
-4905
-4852
-4797
-4742
-4687
-4631
-4576
-4521
-4466
-4411
-4356
-4301
-4245
-4188
-4129
-4067
-4003
-3935
-3862
-3784
-3700
-3608
-3509
-3402
-3285
-3158
-3020
-2871
-2710
-2536
-2350
-2152
-1940
-1715
-1478
-1228
-966
-692
-408
-113
189
501
819
1142
1469
1799
2129
2457
2783
3103
3417
3721
4014
4294
4559
4806
5035
5242
5426
5585
5719
5824
5900
5945
5959
5940
5888
5802
5682
5527
5338
5114
4857
4567
4245
3892
3509
3098
2660
2197
1712
1206
682
142
-410
-974
-1545
-2122
-2700
-3278
-3853
-4421
-4979
-5526
-6058
-6572
-7067
-7539
-7987
-8408
-8800
-9163
-9493
-9790
-10053
-10281
-10473
-10629
-10748
-10831
-10878
-10889
-10866
-10809
-10719
-10599
-10449
-10272
-10069
-9843
-9596
-9331
-9049
-8755
-8449
-8136
-7818
-7499
-7179
-6864
-6554
-6254
-5965
-5690
-5432
-5192
-4973
-4777
-4605
-4460
-4341
-4251
-4190
-4158
-4157
-4187
-4246
-4335
-4454
-4601
-4775
-4975
-5200
-5448
-5716
-6004
-6308
-6626
-6955
-7294
-7639
-7987
-8336
-8682
-9023
-9356
-9677
-9985
-10276
-10548
-10798
-11024
-11223
-11394
-11533
-11641
-11714
-11753
-11755
-11720
-11646
-11535
-11386
-11198
-10972
-10709
-10409
-10075
-9706
-9305
-8873
-8412
-7924
-7412
-6878
-6325
-5755
-5171
-4576
-3974
-3366
-2756
-2147
-1542
-945
-357
217
777
1318
1838
2335
2807
3251
3665
4049
4399
4716
4998
5243
5452
5624
5758
5854
5914
5937
5923
5874
5791
5674
5526
5347
5139
4904
4644
4361
4057
3734
3394
3040
2673
2296
1912
1521
1127
732
337
-54
-441
-822
-1196
-1560
-1913
-2255
-2583
-2898
-3197
-3482
-3750
-4002
-4238
-4458
-4661
-4848
-5020
-5177
-5319
-5448
-5563
-5667
-5760
-5844
-5918
-5985
-6046
-6101
-6153
-6202
-6249
-6296
-6343
-6392
-6443
-6498
-6557
-6622
-6691
-6767
-6849
-6938
-7034
-7137
-7247
-7364
-7487
-7615
-7750
-7889
-8032
-8178
-8326
-8476
-8626
-8774
-8921
-9064
-9202
-9334
-9458
-9574
-9680
-9774
-9857
-9925
-9979
-10017
-10038
-10042
-10027
-9993
-9939
-9866
-9772
-9657
-9522
-9366
-9189
-8993
-8777
-8542
-8288
-8017
-7730
-7427
-7109
-6779
-6436
-6084
-5722
-5353
-4977
-4598
-4216
-3833
-3451
-3071
-2696
-2325
-1962
-1608
-1264
-932
-612
-307
-16
256
513
751
970
1169
1349
1508
1646
1762
1858
1933
1987
2021
2034
2027
2001
1957
1895
1816
1721
1610
1486
1348
1198
1037
866
687
499
306
106
-96
-303
-512
-722
-932
-1141
-1349
-1554
-1756
-1954
-2148
-2336
-2518
-2695
-2864
-3027
-3183
-3331
-3472
-3606
-3732
-3850
-3960
-4064
-4160
-4249
-4331
-4406
-4476
-4539
-4597
-4649
-4697
-4739
-4778
-4812
-4844
-4871
-4896
-4919
-4939
-4957
-4973
-4988
-5001
-5014
-5025
-5035
-5045
-5054
-5063
-5071
-5079
-5087
-5094
-5100
-5107
-5113
-5118
-5124
-5128
-5132
-5136
-5139
-5142
-5144
-5145
-5146
-5146
-5145
-5144
-5142
-5140
-5137
-5134
-5131
-5128
-5124
-5121
-5117
-5114
-5111
-5109
-5107
-5106
-5106
-5107
-5108
-5111
-5115
-5121
-5127
-5135
-5145
-5156
-5168
-5182
-5198
-5214
-5233
-5252
-5273
-5295
-5317
-5341
-5365
-5390
-5415
-5440
-5465
-5490
-5513
-5536
-5558
-5578
-5597
-5614
-5628
-5640
-5649
-5655
-5657
-5656
-5651
-5642
-5628
-5610
-5588
-5560
-5527
-5489
-5446
-5398
-5344
-5285
-5220
-5150
-5075
-4995
-4910
-4820
-4725
-4626
-4524
-4417
-4308
-4195
-4080
-3963
-3844
-3725
-3605
-3484
-3365
-3247
-3130
-3016
-2905
-2798
-2696
-2599
-2507
-2422
-2345
-2275
-2214
-2163
-2121
-2089
-2069
-2060
-2063
-2079
-2107
-2149
-2204
-2273
-2356
-2452
-2563
-2687
-2825
-2976
-3140
-3317
-3506
-3707
-3918
-4140
-4371
-4611
-4858
-5111
-5370
-5633
-5898
-6165
-6432
-6698
-6961
-7220
-7473
-7719
-7956
-8183
-8398
-8599
-8785
-8956
-9108
-9242
-9355
-9447
-9516
-9561
-9581
-9577
-9545
-9488
-9402
-9290
-9149
-8981
-8784
-8560
-8309
-8031
-7727
-7398
-7044
-6667
-6268
-5849
-5410
-4954
-4482
-3996
-3498
-2990
-2474
-1953
-1428
-901
-377
144
659
1166
1663
2147
2615
3066
3497
3906
4291
4651
4983
5285
5557
5797
6003
6174
6309
6408
6470
6493
6479
6427
6336
6208
6042
5839
5600
5326
5017
4675
4301
3897
3465
3006
2521
2014
1485
937
373
-205
-796
-1396
-2005
-2618
-3235
-3852
-4467
-5078
-5683
-6280
-6866
-7440
-7999
-8542
-9067
-9572
-10056
-10518
-10956
-11370
-11757
-12118
-12451
-12756
-13033
-13280
-13499
-13688
-13848
-13979
-14082
-14156
-14202
-14221
-14213
-14179
-14121
-14038
-13932
-13804
-13655
-13486
-13299
-13094
-12873
-12636
-12386
-12123
-11848
-11564
-11270
-10968
-10660
-10346
-10027
-9705
-9381
-9054
-8727
-8401
-8075
-7750
-7428
-7110
-6794
-6483
-6177
-5876
-5580
-5290
-5006
-4729
-4459
-4195
-3938
-3689
-3447
-3212
-2985
-2765
-2553
-2348
-2150
-1960
-1777
-1601
-1433
-1271
-1117
-970
-829
-695
-568
-447
-333
-225
-124
-28
60
143
220
291
356
415
468
516
557
593
624
649
668
681
689
692
688
680
666
647
622
592
557
516
471
420
364
302
236
165
89
8
-76
-167
-262
-362
-466
-575
-688
-805
-927
-1053
-1183
-1317
-1455
-1596
