 -961535
 -846335
 -726015
 -601599
 -474111
 -344575
 -214015
  -83455
   46079
  173055
  296959
  416767
  531455
  638975
  739839
  833023
  916991
  992255
 1057791
 1112575
 1156095
 1188351
 1208831
 1217535
 1215999
 1205759
 1187327
 1160703
 1126911
 1084415
 1035775
  978943
  915967
  846847
  772095
  692735
  609279
  521215
  431103
  337919
  243199
  148479
   52735
  -41983
 -135679
 -227327
 -317439
 -404479
 -487935
 -566783
 -642047
 -711167
 -775167
 -833535
 -885247
 -930815
 -968703
-1000959
-1025023
-1041919
-1051647
-1053695
-1048063
-1035263
-1015295
 -988159
 -954367
 -913407
 -866815
 -813567
 -755711
 -692735
 -625151
 -553983
 -479231
 -402431
 -322559
 -242175
 -160767
  -78847
    1535
   80895
  158207
  232447
  304127
  371711
  434687
  493567
  546815
  594431
  636415
  671231
  700927
  722943
  739327
  749055
  752127
  750079
  740863
  726527
  705535
  679423
  648191
  611327
  570367
  525311
  476671
  423935
  368639
  311295
  250879
  189951
  127487
   63999
    1023
  -61439
 -123903
 -185343
 -244735
 -302591
 -357887
 -411135
 -460799
 -507391
 -550399
 -589311
 -624127
 -654335
 -679935
 -700415
 -715775
 -726527
 -731647
 -731647
 -727039
 -717311
 -701951
 -681983
 -657919
 -628223
 -594943
 -556543
 -515071
 -470015
 -421375
 -370175
 -317439
 -262655
 -206847
 -150015
  -93695
  -37375
   18431
   73215
  126463
  177151
  225279
  271359
  313343
  353279
  388095
  419327
  446975
  470015
  488447
  502271
  511999
  516607
  517119
  513535
  505855
  493567
  478207
  458239
  435199
  409087
  379391
  347135
  312319
  274943
  235519
  194559
  152063
  109055
   65023
   19967
  -24063
  -68095
 -111103
 -154111
 -195071
 -236031
 -273919
 -311295
 -345599
 -378367
 -407551
 -435199
 -458751
 -479743
 -496639
 -510463
 -520703
 -527359
 -530431
 -529919
 -525823
 -518143
 -507391
 -493055
 -475647
 -454655
 -431103
 -404479
 -374783
 -343039
 -309247
 -273919
 -237567
 -199679
 -160767
 -122367
  -83967
  -46079
   -8703
   27647
   62975
   96255
  127487
  157695
  184831
  209919
  232447
  251903
  268287
  283135
  293887
  302079
  306687
  308735
  307199
  303615
  295935
  286719
  273407
  258047
  240639
  220671
  198143
  174079
  148479
  121343
   92671
   62975
   32767
    1535
  -29183
  -60415
  -92671
 -122879
 -153599
 -182271
 -210431
 -237567
 -263167
 -286719
 -308735
 -329215
 -348159
 -364031
 -377855
 -389631
 -399359
 -405503
 -410111
 -411647
 -410623
 -407039
 -401407
 -392703
 -382975
 -369151
 -354303
 -337919
 -318463
 -297983
 -275967
 -252415
 -227839
 -202751
 -176639
 -148991
 -121855
  -94719
  -67583
  -40447
  -13823
   11775
   36351
   60415
   82431
  103935
  123391
  141311
  157695
  171519
  183807
  193535
  201215
  206335
  209919
  210943
  209407
  206335
  200703
  193023
  183807
  172031
  159231
  143871
  127487
  110079
   91647
   72703
   53247
   32767
   12287
   -8191
  -28671
  -49151
  -68607
  -88063
 -106495
 -124927
 -142335
 -158719
 -174591
 -188927
 -203263
 -216063
 -227839
 -238591
 -247295
 -255487
 -262143
 -266751
 -269823
 -271871
 -270847
 -268799
 -264191
 -256511
 -246271
 -232959
 -216575
 -197631
 -175103
 -150015
 -122879
  -93695
  -63487
  -32255
     511
   33279
   67071
   99839
  133119
  165375
  196607
  226815
  255487
  282111
  307199
  329727
  350207
  367615
  381439
  392191
  400383
  404991
  405503
  403967
  397823
  388607
  376319
  360959
  342527
  321023
  297471
  271359
  243199
  212991
  180735
  147967
  112639
   77823
   41471
    5119
  -31743
  -68095
 -103935
 -139775
 -174591
 -207359
 -238591
 -267775
 -295423
 -320511
 -343039
 -363519
 -381439
 -396287
 -409087
 -418303
 -424447
 -428031
 -428031
 -425471
 -420351
 -412159
 -401407
 -388607
 -373247
 -355839
 -336383
 -314879
 -291839
 -267263
 -241663
 -215039
 -187391
 -159743
 -131583
 -102911
  -75263
  -48127
  -20991
    4607
   29183
   52735
   74751
   94719
  113663
  130559
  145919
  158207
  169983
  178687
  185343
  190463
  192511
  193535
  191487
  187903
  181759
  173567
  163839
  152575
  138751
  123391
  107007
   89087
   69119
   48639
   27647
    4607
  -17919
  -41471
  -65023
  -88575
 -112127
 -135679
 -158719
 -180735
 -202751
 -223231
 -242687
 -261119
 -278015
 -293887
 -307711
 -320511
 -331775
 -340991
 -348671
 -354815
 -358399
 -360959
 -360959
 -359423
 -355327
 -350207
 -342527
 -333311
 -322559
 -309759
 -295935
 -280575
 -263679
 -246271
 -227327
 -207871
 -187903
 -166911
 -146431
 -124927
 -104447
  -83455
  -62975
  -43519
  -24063
   -6143
   11263
   27647
   42495
   56319
   68607
   78847
   88575
   96255
  102399
  107007
  109567
  110591
  110079
  108543
  104447
   99327
   92159
   83967
   74751
   63999
   52223
   39423
   25087
   10239
   -6143
  -22015
  -38911
  -56319
  -74239
  -91647
 -109055
 -126975
 -143871
 -160767
 -177151
 -192511
 -207359
 -220671
 -233471
 -244735
 -254975
 -263679
 -270847
 -276479
 -281599
 -284159
 -285695
 -285183
 -283647
 -280575
 -276479
 -270335
 -263167
 -255487
 -246271
 -236031
 -224767
 -212991
 -200703
 -186879
 -173567
 -158719
 -144383
 -128511
 -114175
  -99327
  -84991
  -71167
  -56831
  -44031
  -31231
  -19455
   -8191
    1535
   11263
   19967
   27135
   33791
   39423
   43519
   47615
   49663
   51199
   51199
   50175
   48639
   45567
   41471
   35839
   30207
   23039
   15871
    7167
   -2047
  -12799
  -23039
  -34303
  -46591
  -58367
  -70655
  -82943
  -95231
 -107519
 -119295
 -130559
 -141311
 -152063
 -161279
 -170495
 -178175
 -185343
 -190975
 -196095
 -200191
 -203263
 -204799
 -206335
 -206335
 -205823
 -203775
 -201215
 -197631
 -194047
 -188415
 -182783
 -176127
 -168959
 -160767
 -152063
 -142847
 -133119
 -123391
 -113151
 -103423
  -93695
  -82943
  -73215
  -63999
  -54783
  -45055
  -37375
  -29183
  -22015
  -15359
   -9727
   -5119
   -1023
    2047
    4607
    6143
    6655
    6655
    5119
    3583
     511
   -3071
   -8191
  -12799
  -18431
  -24575
  -31231
  -37887
  -44543
  -51711
  -58879
  -66047
  -72703
  -79871
  -87039
  -93695
 -100351
 -106495
 -112127
 -118271
 -123391
 -127999
 -132607
 -136703
 -139263
 -142847
 -144383
 -146431
 -147967
 -147967
 -148479
 -147967
 -147455
 -146431
 -144383
 -142335
 -140287
 -137727
 -134655
 -131071
 -127999
 -123903
 -120319
 -116223
 -112127
 -108031
 -103935
  -99327
  -95743
  -91135
  -87039
  -82943
  -78847
  -74751
  -71167
  -67583
  -64511
  -60927
  -57855
  -55295
  -52735
  -50687
  -49151
  -48127
  -47103
  -46079
  -46079
  -47103
  -47103
  -48639
  -49663
  -51711
  -54271
  -56831
  -59391
  -62975
  -66047
  -70143
  -74239
  -77823
  -81919
  -86527
  -90623
  -95231
  -99327
 -103935
 -108031
 -112127
 -116223
 -119295
 -122879
 -125439
 -127999
 -129535
 -130559
 -131071
 -131071
 -130559
 -129535
 -128511
 -126975
 -124927
 -122367
 -119807
 -116735
 -113151
 -109567
 -105471
 -101375
  -97791
  -93183
  -89087
  -84991
  -80383
  -76287
  -72191
  -68607
  -63999
  -60415
  -57855
  -54271
  -51711
  -49663
  -48127
  -46079
  -45055
  -43519
  -43007
  -43007
  -43007
  -44031
  -45055
  -46079
  -48127
  -50687
  -53247
  -55807
  -58879
  -62463
  -66047
  -69631
  -73727
  -77823
  -82431
  -87039
  -91647
  -96255
 -101375
 -106495
 -110591
 -115711
 -119807
 -123903
 -127999
 -131583
 -135679
 -138239
 -141311
 -143359
 -145407
 -146943
 -147967
 -148991
 -149503
 -149503
 -149503
 -148991
 -148479
 -147455
 -146431
 -144895
 -143359
 -141311
 -139263
 -136703
 -134655
 -131583
 -128511
 -124927
 -121855
 -118271
 -114175
 -110079
 -106495
 -101887
  -98303
  -94207
  -90111
  -87039
  -82943
  -79359
  -76287
  -73215
  -70143
  -67583
  -65535
  -63487
  -61951
  -60927
  -59903
  -59391
  -59391
  -59903
  -60415
  -61439
  -62975
  -64511
  -66559
  -68607
  -71167
  -73215
  -75775
  -78847
  -80895
  -83967
  -87039
  -89599
  -92671
  -95743
  -98815
 -101887
 -104959
 -108031
 -111103
 -114175
 -117759
 -120319
 -123903
 -126975
 -129535
 -131583
 -134655
 -136703
 -138239
 -140287
 -141311
 -142335
 -142847
 -142847
 -142847
 -142335
 -141311
 -140287
 -139263
 -137215
 -135167
 -132607
 -130559
 -127487
 -124927
 -121343
 -118271
 -114687
 -111615
 -108031
 -104447
 -101375
  -97791
  -94719
  -91647
  -88063
  -85503
  -82943
  -79871
  -78335
  -76287
  -74239
  -73215
  -72191
  -71167
  -70143
  -69631
  -69119
  -69119
  -69631
  -69119
  -70143
  -70655
  -71679
  -73215
  -74239
  -76287
  -78335
  -79871
  -82943
  -84991
  -88063
  -90623
  -93183
  -95743
  -98815
 -101887
 -104447
 -107519
 -110079
 -112639
 -115199
 -117247
 -119807
 -121343
 -122879
 -124927
 -125951
 -127999
 -128511
 -129535
 -130559
 -131071
 -131583
 -131583
 -131583
 -132095
 -132095
 -132095
 -131583
 -131071
 -130559
 -129535
 -128511
 -127999
 -126975
 -124927
 -123903
 -121855
 -120831
 -118783
 -117247
 -115199
 -113151
 -111103
 -109055
 -107007
 -104959
 -102399
 -100351
  -98303
  -96767
  -94719
  -93183
  -91647
  -90623
  -88575
  -88063
  -87039
  -86015
  -85503
  -84991
  -84479
  -83967
  -83455
  -83455
  -83455
  -83455
  -83455
  -83455
  -83967
  -84991
  -85503
  -86015
  -87039
  -88063
  -88575
  -89599
  -90623
  -91647
  -92159
  -93695
  -94719
  -95743
  -96255
  -96767
  -98303
  -99327
 -100351
 -101375
 -103423
 -104447
 -106495
 -107519
 -109055
 -110591
 -111615
 -113151
 -114175
 -115199
 -116223
 -116735
 -117759
 -117759
 -118271
 -118271
 -118271
 -117759
 -117247
 -116735
 -115199
 -114687
 -113151
 -112127
 -110079
 -108543
 -107007
 -105471
 -102911
 -100863
  -98815
  -96767
  -94719
  -91647
  -89599
  -87551
  -85503
  -82943
  -80895
  -78847
  -77311
  -75263
  -73215
  -71679
  -69631
  -68607
  -66559
  -65535
  -63999
  -63487
  -62463
  -61439
  -61439
  -60415
  -60415
  -60415
  -60927
  -60927
  -62463
  -63487
  -64511
  -66047
  -68095
  -70143
  -72191
  -75263
  -78335
  -80895
  -83967
  -87551
  -90623
  -92671
  -95231
  -97279
  -98303
  -98303
  -98303
  -97279
  -95231
  -92671
  -89087
  -84991
  -80895
  -75263
  -69631
  -63487
  -57855
  -50687
  -44543
  -38399
  -31743
  -26111
  -20479
  -15871
  -11775
   -6655
   -2047
    2047
    5631
    8703
   11263
   12287
   13311
   13311
   12799
   11263
    9727
    6655
    3583
    -511
   -5119
  -10751
  -15871
  -22527
  -29183
  -35839
  -43519
  -51711
  -59391
  -67583
  -75775
  -84479
  -92671
 -100863
 -109567
 -117247
 -125439
 -133119
 -140287
 -147455
 -154111
 -159743
 -165887
 -170495
 -174591
 -178175
 -181247
 -182783
 -184319
 -184831
 -184319
 -182783
 -180735
 -177663
 -174591
 -170495
 -166399
 -161279
 -155647
 -150015
 -143359
 -136703
 -129535
 -122879
 -115199
 -108031
 -100351
  -92671
  -86015
  -78847
  -72191
  -65535
  -58879
  -52735
  -47103
  -41471
  -36351
  -32255
  -27647
  -24575
  -21503
  -18943
  -16895
  -15871
  -15359
  -14847
  -15871
  -16895
  -18431
  -20991
  -24063
  -27647
  -32255
  -36863
  -41983
  -48127
  -54271
  -60415
  -67583
  -74751
  -81919
  -89599
  -97791
 -105471
 -113151
 -121343
 -128511
 -135679
 -142847
 -148991
 -155135
 -159743
 -164863
 -168447
 -170495
 -172543
 -173567
 -173055
 -172031
 -169983
 -166911
 -163327
 -158207
 -152063
 -146431
 -138751
 -130047
 -120831
 -111103
 -100351
  -89087
  -77311
  -65023
  -51711
  -38399
  -25599
  -11775
    1535
   15359
   28159
   41471
   53759
   65535
   75775
   86527
   94719
  102911
  109567
  115199
  119295
  122367
  123391
  123391
  121343
  118783
  113663
  108031
  101375
   93183
   83455
   72703
   60927
   47615
   33791
   19455
    4607
  -11775
  -28159
  -44031
  -61439
  -78335
  -95231
 -112127
 -128511
 -144895
 -160255
 -175103
 -189439
 -202751
 -215039
 -226303
 -236543
 -245247
 -252415
 -258559
 -263167
 -266751
 -268287
 -268799
 -267263
 -265215
 -261119
 -255999
 -249343
 -241663
 -232447
 -222719
 -210943
 -199167
 -186367
 -173055
 -158719
 -144383
 -129023
 -114687
  -99327
  -84991
  -70143
  -55807
  -41983
  -28671
  -15871
   -3071
    7679
   18943
   28159
   37887
   45567
   53247
   59903
   65023
   69631
   72703
   75775
   77311
   77311
   76799
   74751
   71679
   67071
   61951
   55295
   47615
   39423
   29695
   19455
    8191
   -4095
  -16383
  -29183
  -42495
  -55807
  -70143
  -83967
  -98303
 -112639
 -126463
 -140287
 -153599
 -166399
 -178687
 -190463
 -201727
 -211455
 -221183
 -229375
 -236543
 -242687
 -247295
 -251391
 -254463
 -255487
 -255999
 -254975
 -253439
 -249855
 -245759
 -240639
 -235007
 -227327
 -219135
 -210943
 -201727
 -190975
 -180735
 -169983
 -158207
 -146943
 -134655
 -122367
 -110079
  -98303
  -86015
  -74239
  -62975
  -52223
  -41983
  -31743
  -22527
  -14335
   -6655
     511
    6655
   12287
   16383
   19967
   23039
   25087
   25087
   25087
   24063
   22015
   19455
   15359
   10239
    5631
   -1023
   -7679
  -14847
  -23039
  -30719
  -39423
  -48127
  -56319
  -65023
  -73215
  -81919
  -90623
  -98815
 -107007
 -115199
 -122879
 -129535
 -136703
 -143359
 -148991
 -154111
 -158719
 -162815
 -166911
 -169471
 -171519
 -172543
 -173567
 -174079
 -173567
 -172543
 -171007
 -168959
 -166399
 -163327
 -159743
 -156159
 -152063
 -147455
 -142335
 -137727
 -131583
 -126975
 -120831
 -115199
 -109055
 -103935
  -98303
  -92671
  -87039
  -81919
  -77311
  -72191
  -67583
  -63487
  -59391
  -56831
  -53247
  -50175
  -47615
  -45567
  -43007
  -41471
  -39935
  -38911
  -38399
  -37375
  -37375
  -37375
  -38399
  -38911
  -39935
  -40959
  -42495
  -44031
  -46079
  -48639
  -50687
  -53759
  -56831
  -59391
  -62463
  -66559
  -70143
  -73727
  -77311
  -81407
  -85503
  -89087
  -93695
  -97279
 -101375
 -104447
 -107519
 -110079
 -113151
 -115711
 -117759
 -119807
 -121343
 -122879
 -123903
 -124415
 -124927
 -124927
 -124927
 -124927
 -124415
 -123903
 -122879
 -121855
 -121343
 -119807
 -118783
 -117247
 -115199
 -113663
 -112127
 -109567
 -108031
 -105471
 -103423
 -101375
  -99839
  -98303
  -96767
  -94719
  -93695
  -92159
  -90623
  -89087
  -88063
  -87039
  -86015
  -85503
  -84991
  -84991
  -84991
  -84991
  -84991
  -86015
  -86527
  -87039
  -88063
  -89087
  -89599
  -91135
  -92159
  -93183
  -94207
  -95231
  -96767
  -97791
  -98815
  -99327
 -100863
 -101375
 -102399
 -103423
 -104447
 -104447
 -104447
 -104447
 -104447
 -103423
 -102399
 -100863
  -99839
  -98303
  -96767
  -95231
  -93695
  -91647
  -89599
  -87551
  -85503
  -82943
  -80383
  -78335
  -75263
  -72703
  -69119
  -66047
  -62975
  -59391
  -55807
  -52735
  -49151
  -45567
  -41983
  -38911
  -36351
  -33791
  -32255
  -30207
  -29183
  -28671
  -28671
  -29183
  -29695
  -31231
  -33279
  -35839
  -38399
  -41471
  -45055
  -48127
  -51711
  -55807
  -58879
  -62463
  -66559
  -70143
  -73215
  -76799
  -79871
  -83967
  -87039
  -90623
  -93695
  -96767
  -99327
 -102399
 -105471
 -108543
 -111103
 -114175
 -116223
 -118783
 -120831
 -122879
 -124927
 -126975
 -128511
 -129535
 -131071
 -132095
 -132607
 -132607
 -132607
 -132095
 -130559
 -129023
 -126975
 -123903
 -119807
 -116223
 -111615
 -106495
 -100863
  -95743
  -89087
  -82943
  -76287
  -70143
  -64511
  -58367
  -53247
  -48127
  -43007
  -39423
  -35839
  -32767
  -30207
  -28159
  -26623
  -25599
  -25599
  -25599
  -26623
  -28671
  -30207
  -33279
  -36351
  -39935
  -43519
  -47615
  -51711
  -55807
  -59903
  -63999
  -67583
  -71679
  -75775
  -79359
  -82943
  -86527
  -89599
  -93183
  -95743
  -99327
 -102399
 -105471
 -108543
 -111103
 -113663
 -116223
 -118271
 -120831
 -122367
 -123903
 -124927
 -125951
 -126463
 -126975
 -126975
 -126463
 -126463
 -125951
 -125439
 -124927
 -123903
 -123391
 -122879
 -121343
 -120831
 -119807
 -118783
 -117759
 -116735
 -115199
 -113663
 -112127
 -110591
 -109055
 -107007
 -105471
 -102911
 -100863
  -98303
  -96767
  -94207
  -91647
  -89599
  -88063
  -86527
  -84991
  -82943
  -81919
  -80895
  -80895
  -79871
  -79871
  -79359
  -79359
  -79871
  -79871
  -80895
  -81407
  -82431
  -82943
  -83967
  -85503
  -87039
  -88063
  -89599
  -91647
  -93695
  -95743
  -97279
  -99839
 -101887
 -104447
 -106495
 -109055
 -111103
 -114175
 -116223
 -118271
 -119807
 -121855
 -123903
 -124927
 -125951
 -127999
 -129023
 -130047
 -131071
 -131583
 -132607
 -132607
 -132607
 -132095
 -132095
 -131071
 -130559
 -129023
 -127999
 -125951
 -123903
 -121855
 -119295
 -117247
 -114175
 -111103
 -108543
 -105471
 -102399
  -98815
  -96255
  -93695
  -90623
  -88063
  -84991
  -83455
  -80895
  -79359
  -77311
  -76287
  -74751
  -74239
  -73215
  -73215
  -73215
  -72703
  -72703
  -72191
  -72191
  -72191
  -71679
  -71167
  -70143
  -70143
  -69119
  -67583
  -66047
  -63487
  -60415
  -56831
  -52735
  -49151
  -45055
  -41983
  -38399
  -35327
  -32767
  -30207
  -28671
  -26623
  -24575
  -23551
  -23039
  -23551
  -24063
  -25599
  -27647
  -30207
  -33791
  -38399
  -43007
  -48127
  -52735
  -58367
  -63487
  -68607
  -73215
  -78335
  -81919
  -84479
  -87039
  -87551
  -87039
  -85503
  -83455
  -80383
  -76287
  -71167
  -66559
  -60415
  -54783
  -49151
  -41983
  -35327
  -28671
  -20991
  -13311
   -6143
    1535
    9215
   16383
   22527
   28671
   34815
   39935
   44543
   48639
   52223
   55295
   57343
   58879
   59391
   59391
   58367
   57343
   54783
   52223
   48639
   44543
   39423
   33791
   28159
   20991
   13311
    5631
   -3071
  -12287
  -22015
  -32255
  -42495
  -53247
  -64511
  -75263
  -86015
  -96767
 -107519
 -118271
 -127999
 -138239
 -147455
 -157183
 -165887
 -173567
 -180223
 -187391
 -193535
 -198655
 -203775
 -207359
 -210431
 -212479
 -214527
 -214527
 -214527
 -213503
 -211455
 -208383
 -204799
 -200191
 -195071
 -188927
 -182783
 -175615
 -168447
 -159743
 -152063
 -143359
 -134655
 -125951
 -116735
 -108031
  -99327
  -90623
  -82431
  -74751
  -66559
  -59391
  -51711
  -45055
  -38911
  -33279
  -27647
  -23039
  -19455
  -15871
  -13311
  -11263
   -9727
   -9727
  -10239
  -11263
  -12799
  -15871
  -18943
  -23039
  -27647
  -32767
  -38399
  -44543
  -50687
  -57855
  -64511
  -72191
  -79359
  -87039
  -94719
 -102399
 -109567
 -116735
 -123391
 -130559
 -136703
 -142335
 -147967
 -153087
 -157695
 -161791
 -164863
 -168447
 -171007
 -173055
 -174591
 -175615
 -176639
 -176127
 -175615
 -173567
 -171519
 -168959
 -165887
 -161791
 -157695
 -153087
 -147967
 -142335
 -136191
 -130047
 -123903
 -117247
 -110079
 -103935
  -97791
  -91135
  -84991
  -79359
  -73215
  -68607
  -62975
  -58367
  -53759
  -49663
  -45567
  -42495
  -39423
  -36863
  -34815
  -33279
  -31743
  -31231
  -31231
  -31743
  -32767
  -34303
  -36351
  -38911
  -41471
  -44543
  -48127
  -51711
  -55807
  -60415
  -65023
  -70143
  -75263
  -80895
  -86527
  -91647
  -97279
 -102911
 -108543
 -113151
 -118783
 -123903
 -128511
 -133119
 -137215
 -141311
 -144895
 -147967
 -151039
 -154111
 -156159
 -158207
 -159231
 -160767
 -160767
 -160767
 -159743
 -158719
 -156159
 -153087
 -147967
 -142847
 -136703
 -129535
 -121855
 -113151
 -104447
  -94719
  -85503
  -75263
  -65535
  -55295
  -45055
  -34303
  -24575
  -13823
   -4607
    5631
   15359
   24575
   34303
   43007
   52223
   59903
   68095
   75263
   81407
   87039
   92159
   95743
   98303
   99327
   99839
   98303
   95743
   92159
   87039
   80383
   73215
   64511
   54783
   44543
   32767
   20991
    7679
   -5631
  -18943
  -32767
  -46079
  -59391
  -72703
  -84991
  -97279
 -108543
 -119295
 -129535
 -138751
 -147455
 -155135
 -161791
 -167423
 -172543
 -176127
 -178687
 -179199
 -180223
 -178687
 -176639
 -173567
 -169471
 -164351
 -158719
 -152063
 -144895
 -137215
 -129535
 -121343
 -113151
 -104959
  -96767
  -88063
  -80383
  -72191
  -64511
  -57855
  -50687
  -44031
  -38399
  -32767
  -27647
  -22527
  -18431
  -14847
  -11263
   -8191
   -6143
   -4095
   -2559
   -1535
   -1023
   -1535
   -2559
   -4607
   -6655
   -9727
  -12799
  -16895
  -20991
  -26111
  -30719
  -35839
  -40959
  -46079
  -51199
  -55807
  -60415
  -64511
  -68607
  -71167
  -74751
  -77823
  -79871
  -82943
  -84991
  -87039
  -89599
  -91647
  -93183
  -95231
  -96767
  -97791
  -99327
 -100863
 -101887
 -103423
 -104959
 -106495
 -108031
 -109055
 -111103
 -112127
 -113151
 -114175
 -115199
 -116223
 -116223
 -117247
 -117247
 -117247
 -117247
 -117247
 -116735
 -116223
 -115199
 -114175
 -113151
 -111103
 -109055
 -106495
 -103423
 -100351
  -96255
  -91647
  -87039
  -81919
  -75775
  -70143
  -63487
  -57343
  -50687
  -45055
  -38911
  -33279
  -27647
  -22527
  -17919
  -13823
  -10239
   -8191
   -5631
   -4095
   -3583
   -3583
   -4095
   -4095
   -6143
   -7167
   -9215
  -10751
  -13311
  -15871
  -18431
  -20991
  -24575
  -27647
  -31231
  -34815
  -38399
  -41983
  -46079
  -49663
  -53759
  -57855
  -62463
  -67071
  -71167
  -75775
  -79871
  -83967
  -87039
  -89599
  -92159
  -93695
  -95231
  -95743
  -95743
  -95743
  -94719
  -93695
  -92671
  -90623
  -88575
  -87039
  -84991
  -82431
  -80383
  -78847
  -77311
  -75263
  -74239
  -72191
  -71679
  -70655
  -70143
  -70143
  -70143
  -69631
  -70655
  -70655
  -71679
  -72191
  -73215
  -74239
  -75263
  -76799
  -78335
  -78847
  -80383
  -81919
  -82431
  -83455
  -83967
  -84991
  -84991
  -84991
  -84991
  -84991
  -83967
  -83967
  -82943
  -82431
  -81919
  -80895
  -80383
  -79871
  -79871
  -79359
  -79359
  -79359
  -79871
  -79871
  -80383
  -81407
  -81919
  -82943
  -83967
  -84991
  -86527
  -87039
  -88575
  -90111
  -90623
  -92159
  -92671
  -92671
  -92159
  -91647
  -90623
  -88575
  -86527
  -83967
  -79871
  -75775
  -71167
  -66047
  -60415
  -54783
  -49151
  -42495
  -36351
  -30207
  -24063
  -17919
  -11775
   -6143
    -511
    4607
    9727
   15359
   19967
   25087
   29183
   33279
   36863
   39935
   43007
   45055
   46591
   47615
   47615
   47103
   45567
   43519
   40959
   37375
   32767
   28159
   22527
   16383
   10751
    5119
       0
   -5119
   -9215
  -12799
  -15359
  -17919
  -19967
  -21503
  -23039
  -24575
  -25599
  -26111
  -27135
  -28159
  -29183
  -30207
  -31231
  -32255
  -33279
  -34815
  -36351
  -37887
  -38911
  -40447
  -40959
  -43007
  -43007
  -45055
  -46079
  -47103
  -49151
  -50687
  -52735
  -54783
  -56831
  -59391
  -61951
  -64511
  -67071
  -70143
  -73215
  -76287
  -79871
  -82943
  -86527
  -89087
  -92671
  -95231
  -97279
  -99839
 -101375
 -102911
 -103423
 -103935
 -103423
 -102911
 -101375
  -99839
  -96767
  -93695
  -88575
  -83967
  -78847
  -72703
  -66047
  -59391
  -51711
  -45055
  -37375
  -29695
  -22527
  -15871
   -9215
   -3071
    2559
    7167
   11263
   14335
   17407
   18943
   19967
   19967
   19455
   17407
   14335
   11263
    6655
    1535
   -4095
   -9727
  -16895
  -24575
  -31743
  -39423
  -48127
  -55807
  -64511
  -73215
  -80895
  -89087
  -97279
 -104447
 -111103
 -116735
 -121343
 -124927
 -126975
 -128511
 -127999
 -126463
 -123903
 -120319
 -116223
 -111103
 -105471
  -99839
  -93183
  -87039
  -80383
  -74239
  -67583
  -61439
  -55295
  -49151
  -43519
  -37375
  -32255
  -27135
  -21503
  -16895
  -11775
   -7679
   -3071
    1535
    5631
    9727
   13311
   16383
   18431
   20991
   23039
   25087
   26623
   28159
   28159
   28671
   29183
   28671
   27647
   26111
   24063
   20991
   17407
   13311
    8703
    3071
   -3071
   -9215
  -16895
  -24575
  -33279
  -41983
  -51199
  -60415
  -69631
  -79871
  -88575
  -97791
 -106495
 -114175
 -121855
 -129023
 -135167
 -140799
 -144895
 -148479
 -151039
 -152575
 -153087
 -153087
 -152063
 -150015
 -147455
 -144383
 -140799
 -136191
 -131583
 -125951
 -119807
 -113663
 -107519
 -100351
  -94207
  -88063
  -80895
  -74239
  -68095
  -61951
  -56319
  -50687
  -46079
  -41471
  -37375
  -33279
  -29695
  -26111
  -22527
  -19967
  -16895
  -14847
  -12799
  -10239
   -9215
   -7679
   -7167
   -6143
   -5631
   -6143
   -7167
   -8191
  -10239
  -12799
  -15871
  -19967
  -24575
  -29695
  -35839
  -41983
  -49151
  -56319
  -63487
  -71167
  -78335
  -84991
  -92671
  -99839
 -107519
 -114687
 -121855
 -128511
 -135167
 -141311
 -147455
 -153087
 -157695
 -162303
 -166399
 -169471
 -171519
 -172543
 -172543
 -171519
 -169471
 -166911
 -162815
 -158207
 -153087
 -147455
 -141311
 -134655
 -126975
 -119807
 -112127
 -104447
  -96767
  -89087
  -81407
  -74239
  -67583
  -60415
  -54783
  -48639
  -43007
  -37887
  -33279
  -28671
  -25599
  -22015
  -19455
  -17919
  -16895
  -15871
  -15359
  -15359
  -16383
  -17407
  -18943
  -20479
  -23039
  -25599
  -28671
  -32255
  -36351
  -39935
  -44031
  -48127
  -53247
  -58367
  -63487
  -69119
  -75263
  -80895
  -87039
  -93183
  -98815
 -104959
 -110591
 -116735
 -122367
 -127999
 -133631
 -138751
 -143871
 -147967
 -152575
 -156671
 -160255
 -162815
 -165887
 -168447
 -169983
 -171519
 -172543
 -172543
 -172543
 -171519
 -170495
 -168447
 -165887
 -163327
 -159743
 -156159
 -152063
 -147455
 -142335
 -137215
 -132095
 -125951
 -119807
 -113663
 -107519
 -100351
  -93695
  -87551
  -79871
  -74239
  -67071
  -60927
  -54783
  -48127
  -40959
  -34303
  -26623
  -18943
  -10239
   -2047
    6655
   15359
   24063
   32767
   41471
   49663
   58367
   66047
   73215
   80383
   86015
   91135
   95743
   99839
  102911
  105983
  108031
  109567
  110079
  110591
  110079
  109055
  108031
  105983
  103935
  101375
   98815
   95231
   92159
   88063
   83455
   77823
   72191
   65535
   58367
   49663
   41471
   31743
   22015
   11775
    1535
   -8703
  -19455
  -30207
  -41471
  -53247
  -64511
  -76799
  -88063
  -99839
 -111103
 -121855
 -132095
 -142335
 -152063
 -160767
 -169471
 -177663
 -185343
 -191487
 -197631
 -202751
 -207359
 -210943
 -213503
 -215551
 -216063
 -215551
 -214527
 -212991
 -209407
 -205823
 -201215
 -195071
 -188927
 -182271
 -174079
 -165887
 -157695
 -148479
 -139263
 -129535
 -120319
 -110591
 -101375
  -92671
  -83455
  -75263
  -66559
  -57855
  -49151
  -40959
  -32255
  -23551
  -14847
   -6143
    2047
   11263
   19967
   28671
   36863
   45055
   52223
   59903
   66047
   71679
   76799
   79871
   83455
   84991
   85503
   85503
   83455
   80895
   76799
   71679
   66047
   59391
   51199
   42495
   33791
   24063
   14335
    4095
   -6143
  -15871
  -26111
  -35839
  -45567
  -54783
  -64511
  -73215
  -82431
  -91135
  -99327
 -107519
 -114687
 -121855
 -128511
 -134655
 -140799
 -146431
 -151551
 -156159
 -160767
 -164351
 -167423
 -169983
 -171519
 -172543
 -171519
 -168959
 -163327
 -155135
 -142335
 -127999
 -109567
  -88575
  -66047
  -40959
  -15359
   11775
   38911
   66047
   92671
  119295
  143871
  167423
  189439
  209919
  227839
  244223
  257023
  267263
  275455
  280063
  282111
  281087
  276991
  270847
  261631
  249855
  235519
  218623
  199679
  179199
  156671
  132095
  105471
   78335
   50175
   20479
   -9215
  -38399
  -68095
  -97791
 -125951
 -153599
 -180223
 -205823
 -229887
 -252927
 -273919
 -293375
 -310783
 -326143
 -339967
 -350719
 -359423
 -366591
 -370687
 -372735
 -372223
 -369663
 -364543
 -356863
 -348159
 -336895
 -323583
 -308735
 -292351
 -274943
 -255487
 -236031
 -214527
 -193023
 -170495
 -147967
 -125439
 -102399
  -79871
  -57343
  -35327
  -13823
    7679
   28159
   46591
   65023
   81919
   97279
  111103
  123391
  134655
  143359
  150527
  155647
  159231
  161279
  161279
  159231
  156159
  150527
  143871
  136191
  126463
  115711
  103423
   89599
   75775
   59391
   43519
   26111
    8191
  -10239
  -29183
  -48639
  -67583
  -87039
 -106495
 -124927
 -143359
 -161791
 -178687
 -195071
 -210431
 -224767
 -238079
 -249343
 -260095
 -269823
 -276479
 -282623
 -287231
 -290303
 -292351
 -292351
 -291327
 -288255
 -283647
 -278015
 -270847
 -262655
 -252927
 -241663
 -229375
 -216575
 -201727
 -186367
 -170495
 -153087
 -135679
 -117759
  -99327
  -81919
  -63487
  -45567
  -28671
  -12287
    3583
   17919
   31743
   44543
   55807
   66559
   75775
   83967
   91135
   96767
  100863
  104447
  105983
  106495
  105471
  102911
   99327
   94207
   88063
   80383
   71679
   61951
   51199
   39423
   27135
   13823
       0
  -13823
  -28671
  -43519
  -58879
  -73215
  -88575
 -103423
 -118271
 -132607
 -146943
 -160767
 -173567
 -186367
 -197631
 -208383
 -218111
 -227839
 -235519
 -242687
 -247807
 -252415
 -255999
 -258047
 -259071
 -259071
 -258047
 -255487
 -251903
 -247295
 -241663
 -235007
 -226815
 -218623
 -209407
 -199167
 -188927
 -177663
 -166911
 -155135
 -142847
 -131583
 -118783
 -107519
  -95231
  -83455
  -71679
  -60415
  -49663
  -39423
  -29183
  -20479
  -11263
   -3071
    4607
   11263
   17407
   23039
   27135
   30719
   33279
   34815
   35839
   35327
   34303
   32255
   29695
   26111
   22015
   16383
   10751
    4095
   -2559
   -9727
  -18431
  -26623
  -35327
  -44031
  -53247
  -62463
  -72191
  -81919
  -91135
 -100351
 -109567
 -118783
 -127999
 -135679
 -144383
 -152063
 -159231
 -165887
 -172031
 -178175
 -183295
 -187391
 -190975
 -194047
 -195583
 -196607
 -197119
 -196607
 -196095
 -194047
 -191487
 -187903
 -183807
 -178175
 -171519
 -163839
 -153599
 -142335
 -129023
 -113663
  -97791
  -79359
  -60927
  -40447
  -19967
    1023
   23039
   44543
   66559
   87551
  108031
  127487
  145407
  162303
  177663
  190463
  201215
  209919
  217087
  220671
  223743
  223231
  221695
  217087
  210943
  202239
  191999
  179711
  165887
  150015
  133119
  114175
   94719
   73727
   51711
   29183
    6655
  -16895
  -39423
  -62463
  -84991
 -107519
 -128511
 -150015
 -169983
 -189439
 -207359
 -224255
 -240127
 -254463
 -267263
 -278527
 -288767
 -296959
 -303615
 -308223
 -311807
 -312319
 -310783
 -307711
 -303103
 -295935
 -287743
 -277503
 -266239
 -253439
 -238591
 -223743
 -207359
 -190975
 -173567
 -156671
 -138751
 -120831
 -102911
  -86015
  -68095
  -51199
  -34303
  -18943
   -4095
   10239
   23551
   35839
   47103
   57343
   66047
   74751
   80895
   86527
   90111
   93183
   95231
   95231
   94207
   92159
   88063
   83455
   76799
   69631
   60927
   51711
   40959
   29695
   17407
    4607
   -9215
  -23039
  -37375
  -51711
  -67071
  -81407
  -96767
 -111103
 -125951
 -139263
 -153087
 -166399
 -178687
 -189951
 -201215
 -211455
 -220159
 -228863
 -236031
 -242687
 -247295
 -251391
 -253439
 -255487
 -255487
 -253951
 -251903
 -248319
 -243711
 -238079
 -231423
 -224255
 -215551
 -206847
 -197631
 -186879
 -175615
 -164863
 -153087
 -140799
 -128511
 -116223
 -103935
  -91647
  -79359
  -67583
  -56319
  -45055
  -34303
  -24063
  -14847
   -5631
    2047
   10239
   17407
   23551
   29183
   34815
   38911
   42495
   45055
   46591
   47615
   47615
   46079
   44031
   40959
   36863
   31743
   25599
   19455
   11263
    2559
   -6143
  -15871
  -26623
  -37375
  -48639
  -60415
  -72191
  -83967
  -96767
 -108543
 -120319
 -131583
 -143359
 -154111
 -164351
 -173567
 -181759
 -189951
 -196607
 -202751
 -207359
 -211455
 -214527
 -216575
 -218111
 -217599
 -217087
 -215551
 -212479
 -208383
 -203775
 -198655
 -192511
 -185343
 -177663
 -169471
 -160767
 -150527
 -140287
 -129023
 -117247
 -103935
  -90623
  -76799
  -62463
  -47615
  -32255
  -17919
   -3071
   11775
   25599
   39423
   51711
   62975
   73727
   83455
   91135
   98303
  103935
  107007
  109567
  110079
  109055
  107007
  102911
   97279
   91135
   82943
   73727
   63487
   52223
   40447
   29183
   16895
    5119
   -6143
  -17407
  -28671
  -38911
  -48639
  -57855
  -67071
  -75263
  -82943
  -90111
  -96767
 -103423
 -108543
 -114175
 -118783
 -122879
 -127999
 -131071
 -134655
 -136703
 -139263
 -141311
 -142335
 -143359
 -143359
 -143359
 -141823
 -140287
 -137727
 -135679
 -131583
 -127999
 -123903
 -118783
 -113151
 -108031
 -102399
  -96255
  -90623
  -84479
  -78847
  -73215
  -68095
  -62975
  -58367
  -54271
  -49663
  -46079
  -43007
  -39423
  -36351
  -33791
  -31231
  -29183
  -27647
  -25599
  -24575
  -23551
  -22527
  -22527
  -23039
  -23551
  -24575
  -26111
  -28671
  -30719
  -33791
  -36863
  -40447
  -45055
  -49151
  -54271
  -59391
  -65023
  -70143
  -76799
  -82431
  -88575
  -94719
 -100351
 -107007
 -112639
 -118271
 -123903
 -129023
 -134143
 -139263
 -143359
 -147455
 -151039
 -154623
 -157695
 -159743
 -161791
 -163327
 -164863
 -164863
 -164863
 -164863
 -163839
 -162815
 -161279
 -159231
 -156671
 -154623
 -151551
 -148479
 -145407
 -141311
 -137727
 -133631
 -129535
 -124927
 -120319
 -115711
 -111103
 -105983
 -100863
  -96767
  -91647
  -87039
  -82431
  -78335
  -74239
  -70143
  -66559
  -63487
  -60415
  -57855
  -55807
  -53759
  -52223
  -50687
  -50175
  -50687
  -50687
  -51199
  -52223
  -53759
  -55807
  -57855
  -60415
  -63487
  -66559
  -70143
  -73215
  -77311
  -80895
  -84991
  -89087
  -93695
  -97791
 -102399
 -106495
 -110591
 -115199
 -118783
 -122879
 -126463
 -130047
 -133119
 -136191
 -138239
 -140799
 -142847
 -144383
 -146431
 -147455
 -148479
 -149503
 -149503
 -150015
 -148991
 -148479
 -147967
 -146431
 -144895
 -142847
 -140799
 -138239
 -135679
 -132607
 -129535
 -126463
 -122879
 -119807
 -116735
 -113151
 -109055
 -105471
 -102399
  -98815
  -95231
  -91647
  -88575
  -84991
  -81919
  -78847
  -76287
  -73727
  -72191
  -69631
  -68607
  -67583
  -66559
  -65535
  -65535
  -65023
  -65535
  -65535
  -66559
  -67071
  -68607
  -69631
  -71167
  -72703
  -75263
  -76799
  -78847
  -81919
  -83967
  -86527
  -89599
  -91647
  -95231
  -97791
 -100863
 -103935
 -107007
 -110079
 -113151
 -115199
 -118271
 -120319
 -122879
 -124927
 -126975
 -128511
 -130047
 -131583
 -132095
 -133119
 -133631
 -134143
 -134143
 -134143
 -133631
 -133119
 -131583
 -130559
 -129535
 -127487
 -125951
 -123391
 -120831
 -118783
 -115199
 -113151
 -109567
 -107007
 -103423
 -100351
  -97791
  -94719
  -91647
  -88575
  -86015
  -83455
  -80383
  -78335
  -76287
  -74239
  -72191
  -70655
  -69119
  -68607
  -67583
  -66559
  -66559
  -66559
  -66047
  -66559
  -67071
  -67583
  -68607
  -69119
  -70655
  -71679
  -73215
  -74239
  -75775
  -77311
  -78847
  -80383
  -82431
  -83967
  -86015
  -88575
  -90623
  -93695
  -95743
  -99327
 -101887
 -104447
 -107519
 -110079
 -113151
 -116223
 -118783
 -121343
 -123903
 -125951
 -127999
 -130047
 -131583
 -133631
 -134655
 -135679
 -135679
 -136191
 -135679
 -135679
 -133631
 -132607
 -130559
 -128511
 -125439
 -122367
 -118783
 -115199
 -111615
 -107519
 -103423
  -99327
  -94719
  -90623
  -86527
  -81919
  -78335
  -74239
  -70655
  -67071
  -63487
  -59903
  -57855
  -54783
  -52735
  -50175
  -49151
  -47103
  -46079
  -45055
  -45055
  -44543
  -45055
  -45055
  -46079
  -47103
  -48639
  -50687
  -52735
  -55295
  -58367
  -61439
  -65023
  -68607
  -72191
  -76799
  -80895
  -85503
  -89599
  -94207
  -98815
 -103423
 -107519
 -112127
 -116223
 -119807
 -123903
 -127999
 -130559
 -133631
 -136703
 -139263
 -140799
 -142335
 -143359
 -144383
 -144895
 -144383
 -144383
 -143871
 -142335
 -141311
 -139263
 -137215
 -134655
 -132095
 -129023
 -125951
 -122879
 -118783
 -116223
 -111615
 -108543
 -103423
  -99839
  -95743
  -91647
  -87039
  -82943
  -79359
  -75263
  -72191
  -68095
  -65023
  -61439
  -58879
  -56831
  -53759
  -52223
  -51199
  -49663
  -49151
  -49151
  -49663
  -49663
  -50687
  -51711
  -52735
  -53759
  -54783
  -56319
  -57343
  -58367
  -59391
  -60415
  -61951
  -62975
  -64511
  -66047
  -67583
  -68607
  -70143
  -71679
  -73727
  -75263
  -76799
  -78847
  -80895
  -82431
  -84479
  -87039
  -88575
  -90623
  -92671
  -94719
  -96767
  -98815
 -100863
 -102911
 -105471
 -107007
 -109055
 -110079
 -112127
 -114175
 -115199
 -116735
 -117759
 -118271
 -119295
 -119807
 -119807
 -120319
 -120319
 -119807
 -119807
 -118783
 -118271
 -117247
 -116223
 -115199
 -113663
 -112639
 -111615
 -110079
 -108543
 -107519
 -105983
 -104447
 -102911
 -101887
 -100863
  -99327
  -98303
  -96767
  -96255
  -95231
  -94207
  -93183
  -92671
  -91647
  -90623
  -90111
  -89599
  -89087
  -88575
  -88575
  -88575
  -88063
  -88575
  -88575
  -89599
  -89599
  -90623
  -91135
  -92159
  -93183
  -94207
  -95743
  -96767
  -97791
  -99327
 -100351
 -101887
 -102911
 -104447
 -105983
 -107519
 -108543
 -110079
 -111103
 -112639
 -114175
 -114687
 -115199
 -116223
 -117247
 -117759
 -118271
 -118271
 -118271
 -118783
 -118783
 -118783
 -118271
 -118271
 -117759
 -117247
 -116223
 -115711
 -114687
 -114175
 -112639
 -112127
 -110591
 -109567
 -108031
 -107007
 -105471
 -104447
 -102399
 -101375
  -99327
  -98303
  -96767
  -95743
  -94719
  -93695
  -92671
  -91647
  -90623
  -90111
  -89087
  -88575
  -88063
  -87551
  -87039
  -87039
  -86015
  -86527
  -87039
  -86527
  -87039
  -87039
  -88063
  -88063
  -88575
  -89599
  -90623
  -91647
  -92159
  -93183
  -94719
  -95743
  -96767
  -97791
  -99327
  -99839
 -101375
 -102399
 -103423
 -104447
 -106495
 -107007
 -108543
 -109567
 -110079
 -111615
 -112127
 -113151
 -113663
 -114175
 -115199
 -115711
 -115711
 -116223
 -116223
 -116735
 -116735
 -116223
 -116735
 -116223
 -115711
 -115199
 -115199
 -114175
 -113663
 -113151
 -112127
 -111615
 -110591
 -109567
 -109055
 -108031
 -106495
 -105983
 -104447
 -103423
 -102911
 -101375
 -100351
  -99327
  -98815
  -97791
  -96767
  -96767
  -95743
  -94719
  -94207
  -93695
  -92671
  -92671
  -92671
  -92159
  -92159
  -92671
  -92671
  -92671
  -93183
  -93695
  -94719
  -95231
  -95743
  -96767
  -97791
  -98303
  -98815
  -99839
 -100863
 -101375
 -102399
 -103423
 -104447
 -105471
 -107007
 -108031
 -109055
 -110079
 -111103
 -112127
 -113151
 -113151
 -114687
 -115199
 -115711
 -116223
 -116223
 -116223
 -116223
 -116223
 -116223
 -115711
 -115199
 -115199
 -114175
 -113663
 -112639
 -111615
 -111103
 -109567
 -108543
 -107519
 -106495
 -105471
 -104447
 -103423
 -102911
 -101887
 -100863
 -100351
  -99839
  -98815
  -98303
  -97791
  -97791
  -97279
  -96767
  -96767
  -96767
  -96767
  -96767
  -97279
  -96767
  -97279
  -97791
  -98303
  -98303
  -98303
  -99327
  -99327
  -99839
 -100351
 -101375
 -101375
 -102399
 -103423
 -103423
 -104959
 -105471
 -106495
 -107519
 -108543
 -109055
 -110079
 -110591
 -111103
 -112127
 -112127
 -112639
 -113151
 -113663
 -113663
 -113663
 -114175
 -114175
 -113663
 -113663
 -113151
 -113151
 -112639
 -112639
 -112127
 -112127
 -111615
 -111103
 -110591
 -110079
 -109567
 -109567
 -108543
 -108543
 -107519
 -107007
 -106495
 -105983
 -105471
 -104959
 -104447
 -103935
 -103423
 -102911
 -102399
 -101887
 -101375
 -100863
 -100863
 -100351
  -99839
  -99839
  -99327
  -99327
  -99327
  -99327
  -99327
  -99327
  -99327
  -99839
 -100351
 -100351
 -100863
 -101375
 -101375
 -102399
 -102399
 -102399
 -102911
 -102399
 -102911
 -103423
 -102911
 -103423
 -103423
 -103423
 -103423
 -103423
 -103423
 -103935
 -103423
 -103935
 -104447
 -104447
 -104447
 -104959
 -105471
 -105471
 -105983
 -106495
 -107519
 -107519
 -108543
 -109055
 -109567
 -110079
 -110591
 -111103
 -112127
 -112127
 -112127
 -113151
 -113663
 -113151
 -113663
 -114175
 -114175
 -114175
 -114175
 -115199
 -114687
 -115199
 -115199
 -115199
 -115199
 -115199
 -115199
 -115199
 -115199
 -114687
 -114687
 -114175
 -114175
 -113663
 -113151
 -112639
 -112127
 -111103
 -110079
 -109055
 -108543
 -107519
 -106495
 -105471
 -104447
 -103423
 -102399
 -101887
 -100351
  -99839
  -98815
  -97791
  -97791
  -96767
  -96255
  -96255
  -95743
  -95743
  -95743
  -95743
  -96255
  -96255
  -96255
  -96767
  -97279
  -97279
  -97791
  -98303
  -99327
  -99327
 -100351
 -100863
 -101887
 -101887
 -102911
 -103423
 -103423
 -104447
 -104959
 -105471
 -105983
 -106495
 -107007
 -108031
 -108543
 -109055
 -109055
 -110079
 -110079
 -110591
 -110591
 -111103
 -111103
 -111103
 -111103
 -111615
 -111615
 -111615
 -111615
 -112127
 -112127
 -112127
 -112127
 -112127
 -111615
 -112127
 -111103
 -111103
 -111103
 -110079
 -110079
 -109567
 -109055
 -108543
 -108543
 -107519
 -107007
 -106495
 -105983
 -104959
 -104447
 -103935
 -103423
 -102399
 -101887
 -101375
 -100863
 -100351
 -100351
  -99327
  -99327
  -99327
  -98815
  -98815
  -98815
  -98815
  -99327
  -99327
  -99327
  -99327
  -99839
  -99839
 -100351
 -100863
 -100863
 -101375
 -102399
 -102399
 -103423
 -103935
 -104447
 -104959
 -105471
 -105983
 -106495
 -106495
 -107519
 -107519
 -108031
 -108543
 -108543
 -109055
 -109055
 -109055
 -109055
 -109055
 -109055
 -109567
 -110079
 -109567
 -109567
 -110079
 -110079
 -110079
 -110079
 -110591
 -110591
 -110591
 -110591
 -110591
 -110079
 -110079
 -110079
 -109567
 -109055
 -109055
 -108543
 -108543
 -107519
 -107007
 -107007
 -106495
 -106495
 -105471
 -105471
 -104959
 -104447
 -104447
 -103935
 -103423
 -103423
 -103423
 -103423
 -103423
 -103423
 -103423
 -103423
 -103423
 -103423
 -103935
 -103935
 -104447
 -104447
 -104959
 -104959
 -105471
 -105471
 -105983
 -106495
 -106495
 -106495
 -107519
 -107519
 -107519
 -108031
 -108543
 -108543
 -108543
 -108543
 -108543
 -109055
 -109055
 -109055
 -109055
 -109055
 -108543
 -108543
 -108543
 -108543
 -108543
 -108031
 -108031
 -108031
 -107519
 -107519
 -107519
 -107519
 -107519
 -107007
 -107007
 -106495
 -106495
 -106495
 -105471
 -105471
 -105471
 -105471
 -104959
 -104447
 -104447
 -103935
 -103423
 -103423
 -102399
 -102399
 -102399
 -102399
 -102399
 -101887
 -101887
 -102399
 -101887
 -102399
 -102399
 -102399
 -102399
 -102399
 -102911
 -102399
 -103423
 -103423
 -103423
 -103423
 -103935
 -104447
 -104447
 -104959
 -105471
 -105471
 -105983
 -105983
 -106495
 -106495
 -107007
 -107519
 -107519
 -108543
 -108543
 -108543
 -108543
 -109055
 -109055
 -109055
 -109055
 -109055
 -109567
 -109567
 -109055
 -109567
 -109567
 -109055
 -109567
 -109567
 -109055
 -109055
 -109055
 -109567
 -109055
 -110079
 -110079
 -110079
 -110591
 -111103
 -111103
 -111615
 -112127
 -112127
 -112127
 -112127
 -112127
 -111615
 -112127
 -111103
 -111103
 -110591
 -110079
 -110079
 -109055
 -109055
 -108543
 -107519
 -107519
 -107007
 -106495
 -106495
 -106495
 -105983
 -105983
 -105983
 -105471
 -105983
 -105471
 -105471
 -105471
 -105471
 -104959
 -104959
 -104959
 -104447
 -104447
 -104447
 -104447
 -103423
 -103935
 -103423
 -103423
 -103423
 -103423
 -103423
 -103935
 -103935
 -103935
 -103423
 -104447
 -103935
 -103935
 -103935
 -103935
 -103935
 -104447
 -103423
 -103935
 -103935
 -103423
 -103935
 -104447
 -103935
 -104447
 -104447
 -104447
 -104447
 -105471
 -105471
 -105471
 -105471
 -105983
 -105983
 -105983
 -106495
 -105983
 -105983
 -106495
 -105983
 -106495
 -106495
 -107007
 -107007
 -107519
 -107519
 -108543
 -108543
 -109055
 -109055
 -110079
 -110079
 -110591
 -110591
 -110591
 -110591
 -110079
 -110079
 -109567
 -109055
 -109055
 -108543
 -108543
 -107519
 -107519
 -107519
 -107007
 -106495
 -106495
 -106495
 -106495
 -105471
 -105471
 -105471
 -104959
 -104959
 -104447
 -104447
 -103935
 -103935
 -103423
 -103423
 -102911
 -102911
 -102399
 -102399
 -102399
 -102399
 -102399
 -102399
 -102399
 -102911
 -102911
 -103423
 -103423
 -103935
 -103935
 -104447
 -104447
 -104447
 -104447
 -104447
 -104959
 -104447
 -104959
 -104959
 -105471
 -104959
 -105471
 -105471
 -105471
 -105471
 -105471
 -105471
 -105983
 -105983
 -105983
 -106495
 -105983
 -105983
 -106495
 -106495
 -106495
 -106495
 -106495
 -106495
 -106495
 -106495
 -107007
 -106495
 -107007
 -107007
 -107007
 -107519
 -107519
 -107519
 -107519
 -107519
 -108031
 -108031
 -108543
 -108543
 -108543
 -109055
 -109055
 -109055
 -109055
 -109055
 -109055
 -109055
 -109055
 -109567
 -109055
 -109055
 -109567
 -109055
 -109055
 -109055
 -108543
 -108031
 -107007
 -106495
 -105983
 -105471
 -104447
 -103423
 -102399
 -101375
 -100351
  -99327
  -98815
  -97791
  -96767
  -96767
  -95743
  -94719
  -94719
  -94207
  -94207
  -93695
  -93695
  -94207
  -94719
  -94719
  -95231
  -95743
  -96255
  -97279
  -97791
  -98303
  -98815
  -99327
 -100351
 -100863
 -101887
 -102399
 -103423
 -103935
 -104959
 -105471
 -105983
 -106495
 -107007
 -108031
 -108031
 -109055
 -109055
 -109567
 -110079
 -111103
 -111615
 -112127
 -113151
 -113151
 -114175
 -114687
 -114687
 -115199
 -115199
 -115199
 -115199
 -115199
 -115199
 -115199
 -114687
 -114687
 -114175
 -114175
 -113663
 -113151
 -113151
 -112127
 -112127
 -111615
 -111103
 -110591
 -110079
 -110079
 -109055
 -108543
 -108543
 -107519
 -107007
 -105983
 -105471
 -104959
 -103935
 -103423
 -102399
 -102399
 -101887
 -101887
 -101375
 -100863
 -100351
 -100351
  -99839
  -99327
  -99327
  -98815
  -98815
  -99327
  -98815
  -98815
  -98815
  -99327
  -99327
  -99327
  -99839
  -99839
 -100351
 -100863
 -101375
 -101375
 -101887
 -102399
 -102911
 -103423
 -103935
 -104447
 -104959
 -105471
 -105983
 -106495
 -107007
 -107519
 -108031
 -108543
 -109055
 -109055
 -109567
 -110079
 -110591
 -111103
 -111103
 -111615
 -112127
 -112127
 -112127
 -112127
 -112127
 -112127
 -112639
 -112127
 -112639
 -112639
 -112639
 -112127
 -112127
 -112127
 -112127
 -111615
 -111103
 -111103
 -110591
 -110079
 -109567
 -109055
 -108543
 -107519
 -106495
 -106495
 -105471
 -104959
 -103935
 -103423
 -102911
 -102399
 -101887
 -101375
 -100351
 -100351
  -99839
  -99327
  -99327
  -99327
  -98303
  -98815
  -98303
  -98303
  -98303
  -98815
  -98815
  -99327
  -99327
  -99839
  -99839
 -100351
 -101375
 -101375
 -102399
 -102399
 -103423
 -103935
 -104447
 -105471
 -105983
 -106495
 -107007
 -108031
 -108543
 -109055
 -110079
 -110079
 -111103
 -111615
 -112639
 -112639
 -113151
 -113663
 -114175
 -114175
 -114175
 -114687
 -115199
 -115199
 -115199
 -115199
 -115199
 -115199
 -114175
 -114175
 -113663
 -113151
 -112127
 -112127
 -111103
 -110079
 -109055
 -108543
 -107519
 -106495
 -105471
 -104959
 -104447
 -103935
 -103423
 -102399
 -102399
 -101375
 -101375
 -100351
 -100351
  -99327
  -99327
  -98815
  -98815
  -98303
  -97791
  -98303
  -98303
  -98303
  -98303
  -98303
  -99327
  -99327
 -100351
 -100351
 -101375
 -101887
 -102911
 -103935
 -104959
 -105983
 -107007
 -108031
 -109055
 -109567
 -111103
 -112127
 -112639
 -113663
 -114175
 -115199
 -115711
 -116223
 -116735
 -117247
 -117247
 -117247
 -117247
 -117247
 -116735
 -116735
 -116735
 -116223
 -115711
 -115199
 -115199
 -114175
 -113663
 -112639
 -112127
 -111103
 -110591
 -109567
 -108543
 -108031
 -107519
 -105983
 -105471
 -104959
 -103935
 -103423
 -102911
 -102399
 -102399
 -101887
 -101887
 -101887
 -101887
 -101887
 -102399
 -102399
 -102911
 -102911
 -103423
 -103935
 -103935
 -104447
 -104447
 -104447
 -104447
 -104447
 -104447
 -104447
 -104447
 -104447
 -104447
 -104447
 -104447
 -104447
 -104447
 -104447
 -104447
 -104447
 -104959
 -104959
 -104959
 -104959
 -105471
 -105471
 -105471
 -105471
 -104959
 -105471
 -104959
 -104959
 -104447
 -104447
 -103423
 -103423
 -102399
 -102399
 -102399
 -101887
 -101375
 -101375
 -101375
 -100863
 -101375
 -101375
 -101375
 -101375
 -101887
 -101887
 -102399
 -102911
 -103423
 -103423
 -104447
 -104959
 -105471
 -106495
 -106495
 -107519
 -107519
 -108543
 -108543
 -109055
 -109567
 -110079
 -110079
 -111103
 -111103
 -111615
 -112127
 -112127
 -112639
 -113151
 -113151
 -113151
 -113151
 -113151
 -113151
 -113151
 -113151
 -113151
 -113151
 -112639
 -112639
 -112639
 -112639
 -112127
 -112127
 -112127
 -112127
 -111103
 -110591
 -110591
 -109567
 -109055
 -108543
 -108031
 -107007
 -106495
 -105471
 -105471
 -104959
 -104447
 -103935
 -103935
 -103935
 -103935
 -103423
 -104447
 -104447
 -104447
 -104959
 -104959
 -104959
 -104447
 -104959
 -104959
 -104959
 -104959
 -105471
 -105471
 -105471
 -105471
 -105983
 -106495
 -106495
 -107007
 -107519
 -107519
 -108543
 -108543
 -109055
 -109055
 -110079
 -110079
 -110591
 -111103
 -111615
 -111615
 -111615
 -112127
 -112127
 -112127
 -111615
 -111103
 -110591
 -110079
 -109567
 -109055
 -108543
 -107519
 -106495
 -105983
 -105471
 -104447
 -103423
 -103423
 -102399
 -102399
 -101375
 -101375
 -101375
 -100863
 -101375
 -100863
 -100863
 -100863
 -101375
 -100863
 -101375
 -101375
 -101887
 -101887
 -101887
 -102399
 -102399
 -103423
 -103423
 -103935
 -104447
 -104447
 -104447
 -104959
 -104447
 -105471
 -105471
 -105471
 -105983
 -105471
 -106495
 -106495
 -106495
 -107007
 -107519
 -107519
 -108031
 -108543
 -108543
 -108543
 -109055
 -109055
 -109055
 -109055
 -109055
 -108543
 -107519
 -106495
 -104447
 -103423
 -101375
  -99839
  -97791
  -96767
  -95231
  -93695
  -92159
  -90623
  -90111
  -88575
  -88063
  -87551
  -87039
  -86527
  -86015
  -85503
  -85503
  -84991
  -84991
  -84479
  -83967
  -83967
  -82943
  -82431
  -81919
  -81407
  -81407
  -81407
  -81407
  -81919
  -81919
  -82943
  -83967
  -84479
  -86015
  -87039
  -88575
  -90623
  -92159
  -93695
  -96255
  -98303
 -100351
 -102911
 -104959
 -107519
 -109055
 -112127
 -113663
 -115199
 -117247
 -118783
 -120831
 -121855
 -123391
 -124415
 -125439
 -125951
 -126463
 -126463
 -126975
 -125951
 -125951
 -125439
 -124927
 -123903
 -122367
 -121855
 -119807
 -118783
 -117247
 -116223
 -114175
 -112639
 -111103
 -109567
 -107519
 -106495
 -104447
 -102911
 -101375
  -99327
  -97791
  -96255
  -94719
  -92671
  -91135
  -89599
  -88063
  -87039
  -86015
  -85503
  -84479
  -83967
  -83967
  -83455
  -83455
  -83967
  -83967
  -84991
  -84991
  -86015
  -87039
  -88575
  -89599
  -91135
  -92671
  -94719
  -96767
  -97791
  -99839
 -101887
 -103423
 -105471
 -107519
 -108543
 -110591
 -111615
 -113663
 -115199
 -116223
 -117759
 -118783
 -119807
 -120831
 -121855
 -121855
 -122879
 -122879
 -123391
 -123391
 -123903
 -123903
 -123391
 -122879
 -121855
 -119807
 -118783
 -116735
 -114687
 -113151
 -111103
 -109567
 -107519
 -106495
 -104447
 -102911
 -101375
  -99839
  -98303
  -97279
  -95743
  -95231
  -93695
  -93183
  -92671
  -92159
  -92159
  -91647
  -92159
  -92159
  -92671
  -92671
  -93695
  -94207
  -94719
  -95743
  -96255
  -97279
  -98303
  -98815
 -100351
 -101375
 -102399
 -103423
 -104447
 -105471
 -107007
 -108031
 -109055
 -110591
 -111615
 -113151
 -114175
 -115711
 -117247
 -118271
 -119295
 -120831
 -121343
 -122367
 -123391
 -123903
 -123903
 -124415
 -124927
 -124415
 -123903
 -123903
 -122879
 -122367
 -121855
 -120319
 -119807
 -118783
 -117247
 -115711
 -114687
 -112639
 -111103
 -110079
 -108543
 -107007
 -105471
 -103423
 -102399
 -101375
  -99839
  -98303
  -97791
  -96255
  -95743
  -94719
  -93695
  -93695
  -92671
  -92671
  -92159
  -91647
  -91647
  -91135
  -91647
  -90623
  -90623
  -91135
  -91135
  -91647
  -91647
  -92671
  -93183
  -93695
  -94719
  -95743
  -96767
  -97791
  -98303
  -99839
 -100863
 -102399
 -103423
 -104447
 -105983
 -107007
 -108031
 -109055
 -110079
 -111103
 -112127
 -112639
 -113151
 -114175
 -114687
 -115199
 -115711
 -116223
 -116223
 -116223
 -116223
 -115711
 -116223
 -115199
 -115199
 -114175
 -113663
 -113151
 -112127
 -111103
 -110079
 -109567
 -109055
 -108543
 -107519
 -107519
 -106495
 -105983
 -105471
 -104959
 -103935
 -103423
 -102399
 -102399
 -100863
 -100351
  -99839
  -98815
  -98303
  -97791
  -97791
  -97791
  -97279
  -97279
  -97279
  -97279
  -97279
  -97791
  -97791
  -97791
  -98303
  -99327
  -99327
 -100351
 -100863
 -101375
 -102399
 -102911
 -103423
 -104447
 -104447
 -105471
 -105471
 -105983
 -106495
 -106495
 -107519
 -107519
 -107519
 -108031
 -108031
 -108031
 -107519
 -107519
 -107519
 -107519
 -107519
 -107519
 -107007
 -106495
 -106495
 -105983
 -105983
 -105471
 -104447
 -103935
 -103423
 -102399
 -101375
 -101375
 -100351
  -99327
  -99327
  -98303
  -98303
  -97791
  -97791
  -97791
  -97791
  -97279
  -96767
  -97279
  -97791
  -97279
  -97791
  -97791
  -97791
  -98303
  -98303
  -98815
  -99327
  -99327
 -100351
 -100351
 -100351
 -101375
 -101375
 -101375
 -101375
 -101887
 -102399
 -102399
 -102911
 -103423
 -103423
 -103935
 -104447
 -104447
 -104447
 -104959
 -105471
 -105983
 -105983
 -105983
 -106495
 -106495
 -106495
 -107007
 -107007
 -107007
 -107519
 -107007
 -107007
 -106495
 -105983
 -105983
 -105471
 -105471
 -104447
 -104447
 -103423
 -103423
 -102911
 -102399
 -102399
 -101375
 -101375
 -101375
 -100863
 -100351
 -100351
  -99839
  -99839
  -99327
  -99327
  -98815
  -98815
  -98815
  -98303
  -98303
  -98303
  -98303
  -98303
  -98303
  -98303
  -98303
  -98303
  -98303
  -97791
  -97791
  -98303
  -97791
  -97791
  -98303
  -98303
  -97791
  -97791
  -97791
  -97279
  -96767
  -95743
  -95743
  -95231
  -94719
  -93695
  -93695
  -92671
  -92671
  -92159
  -91647
  -91647
  -91647
  -91647
  -91647
  -92159
  -92671
  -93695
  -94207
  -94719
  -95743
  -96255
  -97279
  -97791
  -98303
  -99327
  -99839
 -100863
 -101375
 -101887
 -102399
 -103423
 -103423
 -104447
 -104959
 -105471
 -105471
 -106495
 -106495
 -107007
 -106495
 -107007
 -106495
 -106495
 -106495
 -105983
 -105983
 -105471
 -105471
 -104447
 -104447
 -104447
 -103935
 -103423
 -103423
 -103423
 -102911
 -102399
 -102399
 -102399
 -101375
 -101375
 -101375
 -101375
 -100863
 -100863
 -100863
 -100863
 -100863
 -100863
 -101375
 -101375
 -101887
 -101887
 -102399
 -102399
 -102911
 -103423
 -103935
 -103935
 -104447
 -104959
 -105471
 -105471
 -105471
 -105983
 -105983
 -106495
 -106495
 -105983
 -105983
 -105983
 -105471
 -105471
 -105471
 -105471
 -104447
 -104447
 -104447
 -104447
 -103935
 -104447
 -103935
 -103935
 -103423
 -103935
 -103423
 -103423
 -103423
 -102911
 -102911
 -102399
 -101887
 -101375
 -101375
 -100863
 -100351
 -100351
 -100351
 -100351
 -100351
 -100351
 -100351
 -100351
 -100351
 -100351
 -100863
 -100863
 -101375
 -101375
 -101375
 -101887
 -102399
 -102911
 -102911
 -103423
 -103935
 -104447
 -104447
 -104447
 -104959
 -104959
 -105471
 -104959
 -105471
 -105471
 -105471
 -105983
 -105983
 -105983
 -105983
 -106495
 -106495
 -107007
 -107007
 -107519
 -108031
 -108543
 -109055
 -109055
 -109055
 -110079
 -110079
 -110591
 -110079
 -110079
 -110079
 -109567
 -109567
 -109567
