   68047
   50907
   33650
   16296
   -1136
  -18634
  -36142
  -53644
  -71092
  -88478
 -105809
 -122939
 -139833
 -156511
 -172904
 -188999
 -204780
 -220231
 -235302
 -250004
 -264293
 -277996
 -291075
 -303567
 -315559
 -327091
 -338072
 -348305
 -357723
 -366824
 -375837
 -384492
 -392541
 -399732
 -405975
 -411411
 -416191
 -420353
 -423842
 -426791
 -429290
 -431041
 -431740
 -431378
 -430054
 -427709
 -424371
 -420177
 -415316
 -409941
 -404046
 -397683
 -390729
 -382932
 -374171
 -364532
 -354147
 -343432
 -333153
 -323215
 -312659
 -300956
 -288158
 -274651
 -260986
 -247488
 -233934
 -220026
 -205816
 -191363
 -176540
 -161494
 -146547
 -131585
 -116241
 -100297
  -83884
  -67237
  -50464
  -33667
  -16780
     251
   17304
   34096
   50411
   66227
   81488
   96302
  110738
  124786
  138566
  152101
  165360
  178391
  191245
  203850
  216123
  227873
  238990
  249369
  258868
  267332
  274803
  281342
  287034
  291959
  296211
  299857
  302851
  305250
  306997
  307949
  308024
  307174
  305499
  303104
  300018
  296235
  291763
  286663
  280954
  274630
  267737
  260264
  252244
  243691
  234567
  224805
  214253
  202875
  190487
  176917
  162424
  147699
  133121
  118670
  104306
   89817
   75038
   60097
   45049
   29897
   14646
    -650
  -15973
  -31319
  -46733
  -62232
  -77743
  -93027
 -107988
 -122653
 -137063
 -151199
 -165016
 -178535
 -191798
 -204734
 -217269
 -229337
 -241045
 -252372
 -263085
 -273268
 -283114
 -292567
 -301542
 -310063
 -318158
 -325828
 -332975
 -339417
 -345051
 -349936
 -354186
 -357804
 -360904
 -363481
 -365366
 -366296
 -366210
 -365178
 -363192
 -360131
 -356174
 -351837
 -347323
 -342642
 -337608
 -331914
 -325593
 -318749
 -311537
 -304093
 -296500
 -288808
 -280830
 -272369
 -263440
 -254217
 -244747
 -234812
 -224392
 -213661
 -202741
 -191747
 -180567
 -169168
 -157486
 -145404
 -132845
 -119939
 -106883
  -93831
  -80930
  -68238
  -55760
  -43432
  -31149
  -18964
   -6858
    5194
   17170
   29036
   40753
   52329
   63758
   75014
   86024
   96650
  106889
  116752
  126336
  135697
  144755
  153479
  161843
  169811
  177366
  184406
  190886
  196832
  202370
  207557
  212235
  216194
  219300
  221607
  223215
  224230
  224757
  224800
  224334
  223352
  221793
  219722
  217101
  213954
  210345
  206245
  201657
  196596
  191034
  184994
  178472
  171442
  163911
  155988
  147674
  138981
  129944
  120620
  111021
  101139
   90973
   80525
   69856
   59022
   47976
   36770
   25434
   13977
    2371
   -9330
  -21065
  -32841
  -44587
  -56195
  -67639
  -78967
  -90236
 -101461
 -112639
 -123713
 -134665
 -145501
 -156143
 -166494
 -176585
 -186409
 -195950
 -205171
 -214020
 -222472
 -230590
 -238403
 -245779
 -252699
 -259184
 -265236
 -270826
 -275947
 -280586
 -284724
 -288429
 -291716
 -294487
 -296757
 -298538
 -299804
 -300538
 -300785
 -300547
 -299835
 -298706
 -297118
 -294956
 -292316
 -289206
 -285662
 -281744
 -277390
 -272552
 -267283
 -261663
 -255623
 -249155
 -242325
 -235148
 -227602
 -219689
 -211414
 -202823
 -194000
 -184999
 -175736
 -166160
 -156327
 -146297
 -136100
 -125776
 -115305
 -104707
  -94044
  -83386
  -72691
  -61913
  -51113
  -40351
  -29638
  -19034
   -8613
    1442
   11068
   20365
   29449
   38249
   46693
   54808
   62709
   70587
   78470
   86227
   93773
  101167
  108601
  116067
  123462
  130717
  137853
  144813
  151286
  156875
  161388
  165135
  168411
  171232
  173624
  175838
  177909
  179392
  180148
  180170
  179252
  177376
  174730
  171728
  168625
  165454
  162329
  159549
  156936
  154171
  151001
  147219
  142636
  137073
  130722
  123943
  116914
  109643
  102100
   94252
   86073
   77786
   69551
   61252
   52815
   44203
   35325
   26098
   16516
    6767
   -2937
  -12455
  -21825
  -31200
  -40749
  -50444
  -60030
  -69408
  -78678
  -87954
  -97197
 -106281
 -115292
 -124349
 -133304
 -142015
 -150542
 -158831
 -166863
 -174691
 -182209
 -189351
 -196141
 -202540
 -208599
 -214311
 -219657
 -224647
 -229349
 -233798
 -237841
 -241440
 -244637
 -247416
 -249771
 -251721
 -253221
 -254243
 -254815
 -254956
 -254616
 -253823
 -252590
 -250913
 -248811
 -246306
 -243424
 -240204
 -236689
 -232700
 -228240
 -223382
 -218133
 -212521
 -206569
 -200317
 -193825
 -187120
 -180171
 -172981
 -165606
 -158088
 -150495
 -142806
 -135043
 -127225
 -119342
 -111402
 -103235
  -94848
  -86391
  -77877
  -69416
  -61162
  -53140
  -45406
  -37981
  -30697
  -23622
  -16998
  -11055
   -5638
    -194
    5822
   12521
   19249
   25749
   32630
   40267
   48046
   55187
   61242
   65817
   68863
   70540
   71181
   71625
   72656
   74767
   77880
   81430
   84807
   87471
   89408
   90582
   90978
   90736
   90033
   89183
   88530
   88334
   88551
   88885
   89037
   88919
   88768
   88746
   89009
   89845
   91154
   92201
   92180
   90702
   87892
   84462
   81285
   79024
   77786
   76959
   75632
   73017
   68757
   63555
   58459
   53726
   49181
   44417
   39373
   34291
   29493
   25097
   20977
   16858
   12435
    7315
    1543
   -4649
  -11212
  -17994
  -24829
  -31653
  -38506
  -45499
  -52610
  -59781
  -66951
  -74111
  -81275
  -88579
  -96252
 -104460
 -113043
 -121374
 -129177
 -136793
 -144363
 -151720
 -158601
 -164869
 -170497
 -175610
 -180325
 -184691
 -188741
 -192521
 -196017
 -199246
