  -19414
  -19029
  -18909
  -19036
  -19406
  -19875
  -20416
  -21078
  -21843
  -22621
  -23303
  -23805
  -24028
  -24003
  -23669
  -23136
  -22530
  -21831
  -21025
  -20049
  -18972
  -17956
  -17042
  -15636
  -13715
  -12726
  -12830
  -13656
  -15121
  -16923
  -18866
  -20982
  -22955
  -24158
  -24674
  -24935
  -24985
  -24760
  -24177
  -23274
  -22146
  -20967
  -19752
  -18630
  -17660
  -16944
  -16432
  -15494
  -13321
  -11785
  -12063
  -13676
  -15935
  -18486
  -21100
  -23648
  -25878
  -27681
  -29052
  -29954
  -30380
  -30229
  -29662
  -28854
  -27858
  -26650
  -25191
  -23538
  -21887
  -20370
  -19037
  -17849
  -17029
  -16621
  -16485
  -16785
  -17447
  -18101
  -18447
  -19040
  -20316
  -21870
  -23285
  -24665
  -26018
  -27324
  -28461
  -28801
  -27810
  -26668
  -25898
  -25373
  -24734
  -23760
  -22620
  -21409
  -20363
  -19603
  -19165
  -18803
  -18545
  -18477
  -18696
  -19112
  -19659
  -20221
  -20760
  -21381
  -22105
  -22886
  -23540
  -24000
  -24281
  -24329
  -24136
  -23633
  -22883
  -22002
  -21058
  -20144
  -19222
  -18368
  -17610
  -17019
  -16644
  -16556
  -16911
  -17676
  -18690
  -19746
  -20933
  -21973
  -22034
  -21937
  -22478
  -23000
  -23525
  -24257
  -25220
  -26430
  -27834
  -29309
  -30582
  -31497
  -31960
  -31939
  -31310
  -30204
  -28719
  -27018
  -25233
  -23445
  -21899
  -20739
  -19965
  -19539
  -19521
  -19892
  -20622
  -21625
  -22779
  -23958
  -25036
  -25876
  -26322
  -26302
  -25918
  -25323
  -24519
  -23543
  -22464
  -21349
  -20289
  -19323
  -18655
  -18346
  -18447
  -18866
  -19556
  -20542
  -21778
  -23231
  -24724
  -26128
  -27349
  -28220
  -28684
  -28671
  -28164
  -27202
  -25909
  -24343
  -22646
  -20982
  -19509
  -18358
  -17536
  -17201
  -17457
  -18142
  -19079
  -20266
  -21705
  -23228
  -24699
  -25965
  -27012
  -27790
  -28259
  -28370
  -28138
  -27546
  -26647
  -25526
  -24276
  -22947
  -21669
  -20458
  -19500
  -18876
  -18696
  -18951
  -19518
  -20328
  -21357
  -22583
  -23864
  -24933
  -25655
  -25968
  -25775
  -25115
  -24153
  -23035
  -21857
  -20774
  -19827
  -19156
  -18837
  -18906
  -19076
  -19277
  -19503
  -19747
  -20023
  -20342
  -20836
  -21481
  -22273
  -23115
  -23990
  -24853
  -25581
  -26069
  -26261
  -26155
  -25772
  -25190
  -24377
  -23473
  -22502
  -21592
  -20820
  -20247
  -19959
  -19988
  -20372
  -21086
  -22072
  -23346
  -24794
  -26280
  -27588
  -28612
  -29310
  -29646
  -29590
  -29137
  -28430
  -27513
  -26443
  -25271
  -24066
  -22907
  -21840
  -20950
  -20253
  -19857
  -19753
  -19986
  -20552
  -21370
  -22354
  -23401
  -24414
  -25291
  -26040
  -26643
  -27006
  -27152
  -27098
  -26946
  -26694
  -26368
  -25946
  -25432
  -24829
  -24239
  -23682
  -23214
  -22865
  -22543
  -22249
  -21943
  -21652
  -21444
  -21371
  -21406
  -21559
  -21789
  -22199
  -22755
  -23396
  -24053
  -24630
  -25084
  -25313
  -25327
  -25165
  -24788
  -24108
  -23229
  -22185
  -21149
  -20181
  -19378
  -18906
  -18834
  -19363
  -20301
  -21583
  -23241
  -25264
  -27451
  -29591
  -31443
  -32800
  -33453
  -33311
  -32416
  -30905
  -28934
  -26640
  -24247
  -21931
  -19856
  -18245
  -17162
  -16646
  -16675
  -17232
  -18270
  -19748
  -21639
  -23855
  -26264
  -28586
  -30692
  -32466
  -33769
  -34441
  -34395
  -33707
  -32414
  -30603
  -28418
  -26062
  -23270
  -19779
  -16845
  -15261
  -14830
  -15343
  -16574
  -18121
  -19162
  -19425
  -20593
  -23222
  -26360
  -28977
  -30804
  -32098
  -32924
  -33152
  -32897
  -32099
  -30840
  -29343
  -27718
  -25971
  -24326
  -22898
  -21804
  -21020
  -20618
  -20594
  -20979
  -21654
  -22509
  -23578
  -24750
  -25948
  -27054
  -28012
  -28801
  -29371
  -29645
  -29692
  -29378
  -28720
  -27990
  -27480
  -27036
  -26577
  -26039
  -25498
  -25010
  -24661
  -24428
  -24277
  -24159
  -24050
  -23988
  -23870
  -23732
  -23656
  -23600
  -22467
  -19944
  -19301
  -20772
  -22545
  -24175
  -25781
  -27379
  -28840
  -29936
  -30685
  -31028
  -30964
  -30545
  -29752
  -28704
  -27503
  -26303
  -25139
  -24089
  -23196
  -22536
  -22061
  -21772
  -21798
  -22104
  -22726
  -23626
  -24716
  -26047
  -27474
  -28925
  -30188
  -31134
  -31665
  -31644
  -31158
  -30313
  -29311
  -28016
  -26349
  -24395
  -22365
  -20658
  -20577
  -23543
  -27954
  -31077
  -32479
  -33055
  -32478
  -30708
  -27847
  -24575
  -21621
  -19035
  -17131
  -16116
  -15810
  -16077
  -16985
  -18390
  -20146
  -22041
  -23848
  -25380
  -26696
  -27856
  -28516
  -28751
  -28832
  -29093
  -29299
  -29325
  -29301
  -29137
  -28838
  -28383
  -27651
  -26700
  -25659
  -24606
  -23674
  -22853
  -22031
  -21314
  -20428
  -18478
  -16919
  -16849
  -17795
  -19434
  -21526
  -23623
  -25568
  -27480
  -29197
  -30548
  -31362
  -31726
  -31713
  -31281
  -30251
  -28563
  -26645
  -24891
  -23599
  -22847
  -22613
  -22809
  -23346
  -24232
  -25509
  -26983
  -28127
  -29002
  -29579
  -29775
  -29601
  -28593
  -27121
  -25327
  -23183
  -21014
  -20045
  -20533
  -21539
  -22587
  -24148
  -26201
  -28609
  -30800
  -32424
  -33354
  -33518
  -33102
  -32715
  -32478
  -32368
  -31772
  -30706
  -29594
  -28364
  -26991
  -25514
  -24153
  -23039
  -22307
  -21912
  -21866
  -22159
  -22676
  -23355
  -23939
  -23962
  -24280
  -25228
  -26541
  -28130
  -29731
  -31071
  -32018
  -32629
  -32840
  -32597
  -31879
  -30801
  -29545
  -28196
  -26847
  -25520
  -24182
  -23028
  -22270
  -21886
  -21751
  -21828
  -22201
  -22837
  -23698
  -24673
  -25626
  -26571
  -27420
  -28092
  -28554
  -28657
  -28388
  -27831
  -27171
  -26439
  -25530
  -24148
  -22277
  -20775
  -20144
  -20413
  -21389
  -22961
  -24878
  -26955
  -29035
  -30979
  -32662
  -33934
  -34729
  -34974
  -34654
  -33817
  -32470
  -30794
  -28985
  -27152
  -25397
  -23778
  -22416
  -21387
  -20102
  -18229
  -17646
  -18696
  -20584
  -22929
  -25286
  -27383
  -29475
  -31435
  -33125
  -34466
  -35694
  -36353
  -36051
  -34917
  -33133
  -30907
  -28473
  -26031
  -22811
  -18451
  -15446
  -14554
  -15115
  -16711
  -18848
  -21327
  -24097
  -27026
  -29833
  -32344
  -34287
  -35544
  -36060
  -35841
  -34995
  -33507
  -31573
  -29327
  -26951
  -24562
  -22279
  -20340
  -18918
  -18086
  -17711
  -18151
  -20516
  -25411
  -32060
  -39465
  -46633
  -52510
  -56747
  -59101
  -59399
  -57655
  -54063
  -48833
  -42494
  -35561
  -28570
  -22039
  -16426
  -12003
   -8984
   -7437
   -7554
   -9197
  -12120
  -15947
  -20329
  -25007
  -29611
  -33819
  -37282
  -39834
  -41274
  -41557
  -40667
  -38752
  -36096
  -32882
  -29398
  -25904
  -22681
  -20008
  -17931
  -16507
  -15970
  -16405
  -17712
  -19600
  -21943
  -24717
  -27674
  -30390
  -32622
  -34065
  -34632
  -34311
  -33195
  -31394
  -29196
  -26853
  -24531
  -22472
  -20862
  -19935
  -19656
  -19977
  -20758
  -21943
  -23389
  -25010
  -26841
  -28868
  -31064
  -33233
  -35209
  -36765
  -37846
  -38430
  -38403
  -37716
  -36375
  -34591
  -32471
  -30082
  -27646
  -25428
  -23712
  -22552
  -21998
  -21930
  -22294
  -23037
  -24019
  -25066
  -26073
  -27115
  -28163
  -29159
  -30049
  -30781
  -31431
  -32019
  -32455
  -32594
  -32522
  -32294
  -31910
  -31451
  -30817
  -30043
  -28859
  -25994
  -22911
  -21815
  -22487
  -23432
  -24260
  -25261
  -26477
  -27808
  -29201
  -30510
  -31663
  -32559
  -33117
  -33253
  -32950
  -32309
  -31425
  -30413
  -29239
  -28016
  -26858
  -25826
  -25027
  -24510
  -24273
  -24329
  -24725
  -25313
  -26095
  -27001
  -27987
  -29003
  -29985
  -30927
  -31778
  -32435
  -32757
  -32827
  -32634
  -32214
  -31687
  -31077
  -30481
  -29957
  -29493
  -29070
  -28682
  -28367
  -28091
  -27877
  -27617
  -27347
  -27151
  -26961
  -26753
  -26663
  -26588
  -25855
  -24152
  -21564
  -18826
  -16590
  -15183
  -14777
  -15340
  -16185
  -16632
  -16977
  -17313
  -17252
  -17209
  -17570
  -17437
  -15402
  -11207
   -3302
   14665
   43535
   75516
   98874
  108951
  106906
   94410
   73376
   45983
   14687
  -17521
  -47157
  -70687
  -87380
  -98954
 -106254
 -108494
 -105349
  -96781
  -83134
  -65524
  -45487
  -24744
   -4932
   12392
   26072
   35179
   39366
   38598
   33205
   23850
   11368
   -3078
  -18311
  -33156
  -46614
  -57881
  -66484
  -72025
  -74291
  -73305
  -69238
  -62591
  -53892
  -43902
  -33295
  -22781
  -13053
   -4766
    1565
    5649
    7302
    6551
    3485
   -1564
   -8159
  -15723
  -23716
  -31551
  -38708
  -44613
  -48900
  -51298
  -51907
  -50932
  -48015
  -43396
  -37705
  -31561
  -25329
  -19504
  -14557
  -10800
   -8342
   -7313
   -7636
   -9228
  -11917
  -15387
  -19361
  -23459
  -27381
  -30806
  -33508
  -35363
  -36212
  -36126
  -35203
  -33603
  -31417
  -28823
  -25973
  -23081
  -20374
  -18106
  -16526
  -15653
  -15453
  -15816
  -16649
  -17849
  -19245
  -20554
  -21486
  -21962
  -21961
  -21653
  -21083
  -20373
  -19597
  -18759
  -17904
  -17113
  -16484
  -15994
  -15632
  -15382
  -15279
  -15320
  -15574
  -16020
  -16715
  -17639
  -18641
  -19722
  -20772
  -21745
  -22548
  -23225
  -23755
  -24339
  -25147
  -26104
  -27051
  -27862
  -28459
  -28742
  -28691
  -28287
  -27628
  -26768
  -25793
  -24650
  -23399
  -22075
  -20762
  -19514
  -18441
  -17585
  -16986
  -16626
  -16561
  -16813
  -17402
  -18301
  -19338
  -20448
  -21602
  -22736
  -23699
  -24357
  -24595
  -24471
  -23960
  -23144
  -22046
  -20880
  -19749
  -18860
  -18314
  -18112
  -18193
  -18535
  -19088
  -19831
  -20686
  -21567
  -22501
  -23471
  -24443
  -25297
  -26043
  -26593
  -26931
  -26983
  -26760
  -26277
  -25554
  -24669
  -23637
  -22597
  -21545
  -20568
  -19813
  -19494
  -19651
  -20208
  -21033
  -21994
  -23045
  -24021
  -24882
  -25556
  -25985
  -26046
  -25775
  -25297
  -24770
  -24233
  -23634
  -22975
  -22307
  -21729
  -21119
  -20547
  -20053
  -19654
  -19357
  -19072
  -18805
  -18568
  -18448
  -18390
  -18470
  -18611
  -18776
  -18998
  -19349
  -19869
  -20502
  -21177
  -21792
  -22307
  -22664
  -22888
  -22906
  -22289
  -20737
  -18500
  -16114
  -13972
  -12380
  -11444
  -11243
  -11755
  -12795
  -14298
  -16061
  -17975
  -19848
  -21554
  -22991
  -24177
  -25138
  -25822
  -26265
  -26401
  -26336
  -26184
  -25964
  -25590
  -25113
  -24634
  -24114
  -23596
  -23017
  -22417
  -21759
  -21074
  -20378
  -19764
  -19361
  -19152
  -19142
  -19246
  -19492
  -19882
  -20384
  -20899
  -21414
  -21909
  -22347
  -22830
  -23244
  -22609
  -20683
  -18166
  -14940
  -11626
   -8993
   -7002
   -5885
   -6097
   -8033
  -11694
  -16816
  -22560
  -27956
  -32988
  -36976
  -39509
  -40549
  -40080
  -38264
  -35378
  -31677
  -27274
  -22443
  -17617
  -13274
   -9784
   -7560
   -6798
   -7465
   -9378
  -12241
  -15802
  -19594
  -23193
  -26241
  -28549
  -29721
  -29280
  -27585
  -24587
  -20695
  -16435
  -12250
   -8685
   -5886
   -4031
   -3387
   -4016
   -5806
   -8579
  -12012
  -16042
  -20497
  -25068
  -29334
  -32980
  -35771
  -37562
  -38214
  -37658
  -36014
  -33446
  -30256
  -26689
  -23079
  -19676
  -16664
  -14105
  -11921
  -10264
   -9289
   -9264
  -10171
  -11943
  -14305
  -17072
  -19958
  -22528
  -24631
  -26220
  -27328
  -27912
  -27898
  -27309
  -26430
  -25371
  -24265
  -23162
  -22114
  -21338
  -20763
  -20320
  -20005
  -19868
  -19892
  -20091
  -20461
  -21019
  -21616
  -22194
  -22652
  -22921
  -23058
  -22995
  -22815
  -22471
  -21970
  -21358
  -20737
  -20107
  -19532
  -19084
  -18774
  -18660
  -18778
  -19134
  -19625
  -20187
  -20741
  -21325
  -21855
  -22307
  -22622
  -22727
  -22693
  -22572
  -22388
  -22153
  -21901
  -21473
  -20890
  -20231
  -19542
  -18784
  -18012
  -17266
  -16654
  -16274
  -16215
  -16505
  -17137
  -18070
  -19131
  -20248
  -21306
  -22256
  -23015
  -23563
  -23863
  -23864
  -23526
  -22828
  -21898
  -20851
  -19840
  -18907
  -18161
  -17657
  -17449
  -17490
  -17767
  -18220
  -18722
  -19343
  -20004
  -20734
  -21497
  -22394
  -23292
  -23935
  -24234
  -24411
  -24318
  -23821
  -22936
  -22051
  -21313
  -20530
  -19767
  -19091
  -18421
  -17718
  -17433
  -17721
  -18428
  -19842
  -22078
  -24810
  -27122
  -27819
  -26910
  -25195
  -22989
  -20619
  -18427
  -16926
  -16073
  -15685
  -15535
  -15813
  -15822
  -16238
  -18100
  -20822
  -24168
  -27872
  -31495
  -34547
  -36818
  -38148
  -38470
  -37790
  -36210
  -33485
  -29217
  -24568
  -20684
  -17451
  -14880
  -13020
  -12016
  -11881
  -12629
  -14163
  -16369
  -19124
  -21861
  -24510
  -26959
  -29038
  -30557
  -31406
  -31557
  -31119
  -30172
  -28821
  -27236
  -25426
  -23571
  -21756
  -20084
  -18548
  -17343
  -16488
  -15889
  -15344
  -14285
  -12906
  -12669
  -13227
  -14119
  -15657
  -17829
  -19996
  -22142
  -24385
  -25926
  -26551
  -27216
  -28052
  -28398
  -28448
  -28777
  -29010
  -28571
  -27661
  -26345
  -24339
  -21723
  -19709
  -18306
  -16604
  -15116
  -14652
  -14657
  -14782
  -16115
  -18724
  -21647
  -24509
  -27588
  -30163
  -31644
  -32650
  -33591
  -33221
  -31363
  -29449
  -27203
  -24027
  -20823
  -18683
  -17116
  -15359
  -14208
  -14210
  -14870
  -16171
  -18124
  -20275
  -22280
  -24535
  -26909
  -28659
  -29889
  -31061
  -31339
  -30822
  -30280
  -29349
  -27587
  -25610
  -23612
  -21503
  -19664
  -18187
  -16793
  -15921
  -15860
  -16322
  -17207
  -18651
  -20178
  -21585
