-16384
-13340
-10002
-6483
-2897
641
4027
7162
9960
12348
14272
15690
16582
16943
16785
16134
15034
13537
11707
9614
7333
4943
2518
135
-2138
-4240
-6118
-7726
-9032
-10014
-10659
-10968
-10949
-10622
-10013
-9156
-8090
-6857
-5501
-4069
-2605
-1153
247
1562
2759
3812
4703
5416
5944
6285
6441
6419
6232
5895
5425
4843
4171
3430
2644
1835
1024
230
-527
-1233
-1873
-2436
-2913
-3296
-3582
-3769
-3857
-3848
-3747
-3560
-3294
-2960
-2566
-2125
-1648
-1148
-637
-128
366
834
1265
1650
1979
2245
2442
2568
2619
2597
2502
2340
2116
1836
1511
1151
765
367
-31
-420
-786
-1120
-1412
-1653
-1838
-1962
-2022
-2019
-1952
-1826
-1646
-1418
-1151
-853
-535
-207
119
435
730
996
1223
1405
1538
1618
1642
1612
1527
1392
1211
991
739
462
170
-126
-419
-700
-958
-1187
-1378
-1526
-1627
-1676
-1673
-1618
-1511
-1356
-1157
-921
-653
-362
-57
253
560
852
1122
1360
1558
1710
1809
1851
1836
1760
1627
1439
1202
921
607
267
-85
-442
-789
-1116
-1411
-1665
-1867
-2011
-2092
-2105
-2049
-1925
-1738
-1491
-1194
-855
-485
-97
295
680
1044
1375
1660
1891
2059
2158
2184
2136
2016
1827
1577
1273
925
547
149
-252
-646
-1017
-1354
-1644
-1879
-2051
-2154
-2185
-2144
-2033
-1856
-1621
-1334
-1008
-653
-282
91
457
801
1112
1381
1600
1761
1862
1899
1873
1786
1643
1449
1213
943
649
341
30
-273
-561
-824
-1053
-1244
-1391
-1490
-1542
-1546
-1503
-1418
-1293
-1136
-952
-747
-529
-306
-83
132
334
518
679
815
922
1000
1048
1065
1054
1016
953
869
765
647
516
376
231
84
-61
-204
-340
-467
-583
-686
-774
-846
-900
-934
-948
-942
-914
-865
-795
-704
-595
-469
-327
-174
-12
154
322
486
641
783
906
1007
1081
1124
1134
1109
1047
950
819
656
465
252
22
-217
-459
-695
-917
-1116
-1286
-1419
-1509
-1551
-1543
-1483
-1371
-1209
-1002
-754
-474
-170
147
467
780
1073
1335
1557
1729
1844
1895
1880
1797
1647
1434
1164
844
486
100
-299
-699
-1085
-1443
-1759
-2021
-2219
-2343
-2389
-2352
-2233
-2033
-1758
-1416
-1019
-579
-110
370
846
1300
1716
2079
2375
2593
2722
2758
2698
2542
2294
1962
1555
1088
576
36
-513
-1054
-1566
-2031
-2433
-2757
-2991
-3126
-3156
-3080
-2898
-2617
-2245
-1795
-1281
-720
-132
462
1044
1594
2091
2519
2863
3111
3254
3287
3209
3022
2732
2349
1887
1360
786
186
-420
-1013
-1573
-2080
-2517
-2871
-3129
-3284
-3330
-3267
-3098
-2828
-2468
-2030
-1529
-982
-408
173
743
1283
1775
2204
2556
2821
2990
3059
3028
2898
2676
2369
1989
1549
1064
550
26
-492
-989
-1447
-1854
-2196
-2464
-2651
-2751
-2764
-2690
-2534
-2301
-2001
-1644
-1243
-810
-361
89
529
943
1320
1648
1918
2123
2257
2318
2306
2222
2070
1856
1588
1276
929
559
178
-201
-569
-914
-1226
-1495
-1714
-1878
-1982
-2024
-2004
-1924
-1786
-1598
-1364
-1093
-794
-476
-150
173
485
776
1036
1258
1436
1565
1641
1662
1630
1545
1411
1233
1017
772
505
225
-57
-333
-595
-833
-1039
-1207
-1333
-1412
-1442
-1423
-1357
-1247
-1096
-912
-701
-471
-230
11
246
465
662
828
958
1048
1096
1100
1062
982
866
718
545
354
153
-49
-246
-429
-591
-725
-826
-892
-919
-907
-857
-773
-657
-516
-356
-184
-8
164
326
469
588
678
733
753
736
684
597
481
341
182
13
-159
-328
-485
-623
-736
-817
-864
-874
-846
-780
-680
-549
-393
-218
-32
157
342
514
666
790
882
937
951
925
858
753
614
447
257
54
-154
-361
-556
-732
-881
-997
-1075
-1111
-1105
-1055
-964
-836
-675
-488
-283
-68
148
358
553
723
864
969
1035
1058
1039
977
877
741
577
390
188
-19
-225
-422
-601
-755
-879
-968
-1019
-1031
-1003
-938
-838
-709
-555
-384
-202
-17
162
331
481
608
706
773
806
804
770
704
611
495
360
214
63
-87
-230
-361
-474
-565
-630
-669
-679
-662
-618
-551
-464
-361
-248
-128
-9
105
211
302
376
429
461
469
455
419
364
292
207
114
15
-83
-177
-264
-338
-398
-440
-463
-467
-451
-416
-364
-298
-219
-133
-42
49
137
219
290
348
391
417
425
414
386
341
281
208
126
37
-54
-146
-235
-316
-388
-447
-492
-520
-532
-525
-502
-462
-406
-337
-257
-169
-74
21
117
210
296
372
436
486
521
538
537
519
482
429
360
277
183
80
-28
-139
-250
-356
-455
-543
-617
-674
-712
-729
-724
-697
-647
-575
-483
-374
-249
-113
29
174
318
455
579
687
774
836
870
873
846
787
697
578
434
269
88
-102
-297
-488
-668
-830
-968
-1075
-1148
-1181
-1172
-1121
-1028
-895
-726
-526
-302
-61
186
432
668
883
1069
1218
1323
1380
1384
1334
1231
1077
878
639
369
78
-223
-523
-811
-1074
-1303
-1488
-1620
-1694
-1705
-1652
-1536
-1360
-1130
-855
-543
-207
140
487
818
1122
1386
1599
1752
1840
1858
1804
1680
1490
1241
942
604
239
-136
-511
-870
-1198
-1484
-1717
-1886
-1987
-2014
-1968
-1849
-1663
-1416
-1119
-782
-419
-43
330
687
1016
1302
1537
1712
1820
1859
1827
1728
1566
1347
1082
781
457
121
-212
-531
-824
-1080
-1291
-1449
-1550
-1592
-1575
-1502
-1377
-1207
-1000
-765
-513
-254
0
242
462
651
805
918
989
1016
1001
948
860
744
606
454
296
138
-10
-146
-262
-354
-421
-461
-474
-462
-429
-377
-312
-240
-164
-92
-28
23
60
79
78
58
20
-32
-97
-170
-246
-319
-385
-439
-475
-490
-482
-448
-389
-306
-200
-75
63
210
359
504
637
753
845
908
937
931
887
806
689
540
364
165
-46
-266
-484
-692
-882
-1046
-1178
-1272
-1323
-1329
-1289
-1204
-1077
-910
-711
-486
-243
9
263
508
735
938
1108
1240
1329
1372
1368
1318
1223
1087
915
713
489
250
5
-238
-472
-689
-881
-1044
-1173
-1263
-1313
-1323
-1293
-1225
-1123
-989
-830
-651
-457
-256
-52
146
336
512
668
801
909
990
1041
1063
1057
1023
962
877
771
647
507
355
195
31
-133
-296
-453
-599
-733
-851
-951
-1028
-1083
-1112
-1114
-1088
-1035
-954
-847
-715
-560
-386
-197
1
207
412
611
798
967
1111
1227
1307
1350
1351
1309
1224
1097
929
726
492
234
-38
-319
-599
-867
-1114
-1331
-1510
-1643
-1725
-1751
-1718
-1627
-1478
-1277
-1028
-740
-421
-83
262
603
928
1224
1480
1686
1834
1918
1933
1879
1755
1566
1318
1019
679
311
-71
-455
-826
-1170
-1475
-1728
-1920
-2043
-2093
-2067
-1965
-1792
-1554
-1259
-918
-545
-152
243
629
989
1310
1580
1789
1928
1993
1982
1895
1735
1509
1227
899
538
158
-224
-597
-944
-1252
-1510
-1709
-1839
-1898
-1884
-1797
-1643
-1426
-1158
-848
-510
-157
195
535
848
1121
1345
1510
1612
1646
1611
1511
1350
1136
877
584
271
-49
-364
-661
-928
-1153
-1329
-1448
-1507
-1503
-1437
-1313
-1137
-916
-661
-381
-90
200
478
731
951
1126
1252
1322
1334
1289
1188
1036
841
610
353
82
-191
-457
-704
-921
-1100
-1233
-1315
-1344
-1317
-1237
-1106
-932
-720
-481
-223
41
303
551
774
965
1115
1219
1272
1274
1223
1123
977
792
576
337
84
-171
-419
-651
-858
-1031
-1164
-1252
-1292
-1283
-1227
-1125
-982
-804
-598
-372
-136
100
330
544
734
892
1015
1096
1135
1130
1081
993
868
712
531
333
125
-83
-286
-476
-646
-789
-901
-979
-1020
-1024
-991
-923
-825
-699
-552
-389
-217
-42
128
289
435
559
659
731
774
786
768
721
648
552
438
309
172
31
-107
-240
-361
-466
-552
-617
-657
-673
-665
-632
-578
-504
-413
-310
-198
-82
33
145
248
339
414
472
509
525
520
494
448
383
303
211
110
4
-102
-205
-302
-388
-460
-516
-552
-568
-562
-536
-489
-424
-342
-248
-143
-32
79
189
292
384
462
521
561
578
573
544
492
419
328
222
104
-20
-147
-272
-390
-496
-585
-654
-700
-721
-716
-684
-626
-544
-441
-321
-187
-46
97
238
370
488
588
665
716
738
731
694
628
537
422
290
143
-9
-165
-315
-455
-578
-680
-756
-802
-818
-801
-753
-675
-570
-443
-299
-142
18
178
330
468
585
677
740
771
769
734
667
570
448
306
149
-14
-180
-339
-486
-613
-716
-791
-833
-841
-814
-753
-661
-542
-400
-241
-72
99
268
424
564
679
765
819
837
820
767
680
563
420
257
81
-100
-281
-453
-610
-745
-851
-925
-964
-965
-928
-855
-747
-611
-449
-269
-78
116
307
487
649
786
894
967
1002
999
957
878
764
620
451
263
63
-140
-341
-532
-706
-855
-976
-1063
-1113
-1125
-1097
-1032
-931
-797
-636
-454
-255
-49
159
362
552
723
869
985
1067
1113
1120
1089
1021
918
783
620
436
236
26
-185
-393
-590
-770
-927
-1055
-1151
-1210
-1232
-1215
-1160
-1067
-941
-783
-600
-396
-178
46
272
491
696
881
1039
1165
1254
1304
1312
1276
1198
1080
923
733
515
275
21
-239
-497
-746
-976
-1180
-1350
-1480
-1565
-1602
-1587
-1521
-1403
-1237
-1027
-779
-501
-199
114
431
740
1031
1294
1519
1698
1823
1889
1893
1832
1708
1522
1280
988
655
291
-90
-479
-862
-1225
-1555
-1841
-2072
-2239
-2334
-2353
-2294
-2157
-1944
-1663
-1320
-926
-494
-37
427
886
1323
1722
2070
2352
2559
2682
2716
2657
2506
2267
1947
1556
1104
608
84
-451
-980
-1484
-1945
-2347
-2676
-2919
-3068
-3116
-3059
-2900
-2643
-2295
-1866
-1372
-828
-252
335
915
1469
1976
2419
2783
3054
3224
3285
3236
3076
2812
2452
2007
1493
927
328
-282
-886
-1461
-1988
-2449
-2829
-3114
-3295
-3366
-3325
-3174
-2918
-2566
-2130
-1627
-1072
-486
111
701
1262
1776
2226
2596
2876
3057
3133
3104
2970
2739
2419
2022
1562
1056
522
-21
-557
-1067
-1534
-1942
-2281
-2539
-2710
-2789
-2776
-2673
-2486
-2224
-1895
-1513
-1093
-648
-194
253
680
1073
1420
1711
1938
2097
2183
2198
2142
2020
1839
1605
1329
1021
691
350
10
-317
-626
-905
-1148
-1349
-1504
-1611
-1668
-1675
-1636
-1553
-1430
-1273
-1088
-879
-655
-422
-186
47
271
482
674
843
986
1102
1186
1240
1261
1250
1207
1135
1035
908
758
589
404
207
3
-203
-407
-603
-786
-952
-1094
-1209
-1293
-1342
-1355
-1329
-1265
-1162
-1024
-852
-651
-427
-186
65
319
567
801
1014
1196
1343
1447
1505
1512
1469
1374
1231
1044
817
558
275
-21
-322
-616
-893
-1143
-1357
-1526
-1645
-1707
-1711
-1656
-1543
-1376
-1160
-903
-615
-305
15
335
641
924
1173
1378
1533
1631
1670
1648
1567
1430
1241
1010
743
453
148
-157
-454
-731
-978
-1187
-1350
-1462
-1521
-1524
-1474
-1373
-1226
-1041
-824
-586
-335
-81
164
394
600
774
912
1010
1065
1077
1049
982
883
756
608
447
279
114
-43
-186
-310
-409
-483
-529
-548
-540
-510
-461
-398
-325
-248
-173
-104
-47
-4
20
26
13
-17
-64
-124
-191
-262
-330
-390
-437
-465
-471
-451
-402
-325
-221
-91
59
227
405
585
759
919
1058
1166
1237
1264
1245
1175
1054
883
667
409
119
-195
-523
-852
-1171
-1466
-1726
-1938
-2094
-2183
-2201
-2142
-2007
-1796
-1514
-1168
-768
-327
141
621
1096
1548
1962
2321
2611
2819
2936
2954
2871
2687
2405
2032
1579
1061
493
-105
-715
-1315
-1883
-2400
-2847
-3207
-3465
-3610
-3637
-3542
-3325
-2994
-2556
-2027
-1422
-761
-68
635
1325
1977
2567
3076
3484
3777
3944
3977
3874
3639
3277
2801
2225
1571
858
113
-640
-1375
-2066
-2690
-3224
-3650
-3953
-4122
-4152
-4041
-3793
-3416
-2924
-2333
-1665
-942
-190
564
1295
1979
2590
3109
3517
3801
3952
3965
3840
3583
3204
2717
2139
1492
798
83
-628
-1311
-1943
-2500
-2966
-3323
-3562
-3675
-3659
-3517
-3255
-2884
-2419
-1878
-1280
-647
-3
629
1228
1774
2247
2632
2916
3092
3156
3106
2947
2687
2336
1909
1423
895
347
-203
-735
-1230
-1671
-2045
-2338
-2542
-2653
-2668
-2588
-2419
-2170
-1850
-1473
-1055
-610
-156
290
715
1101
1438
1713
1918
2049
2102
2077
1978
1810
1582
1302
984
638
279
-80
-427
-749
-1036
-1278
-1467
-1599
-1671
-1682
-1633
-1528
-1373
-1175
-942
-684
-411
-134
137
395
628
830
995
1118
1195
1227
1214
1157
1061
930
771
590
394
193
-7
-201
-379
-538
-671
-776
-850
-892
-902
-882
-833
-759
-664
-553
-430
-301
-170
-42
77
186
280
358
418
459
481
485
473
447
408
361
306
248
188
129
74
22
-22
-62
-95
-122
-144
-161
-174
-185
-194
-203
-212
-222
-233
-245
-258
-270
-280
-288
-291
-289
-280
-262
-236
-199
-153
-98
-34
35
110
188
265
339
406
463
507
535
546
537
507
456
386
297
192
75
-50
-181
-311
-436
-551
-650
-730
-786
-816
-818
-791
-736
-652
-544
-415
-268
-110
52
216
373
517
643
746
820
865
876
854
800
714
601
464
309
142
-31
-204
-370
-523
-656
-765
-846
-896
-914
-898
-850
-772
-668
-542
-399
-245
-85
72
223
362
483
583
657
705
725
717
682
624
544
447
337
220
99
-20
-134
-238
-328
-403
-461
-501
-521
-525
-511
-484
-444
-395
-340
-281
-221
-162
-107
-56
-11
26
59
85
107
126
142
156
171
187
204
223
243
264
284
302
317
325
325
315
293
258
208
144
66
-24
-126
-235
-347
-459
-567
-664
-746
-808
-846
-856
-837
-785
-702
-588
-445
-277
-91
108
314
518
712
888
1038
1154
1232
1265
1251
1188
1077
920
722
488
228
-49
-335
-618
-886
-1129
-1337
-1501
-1612
-1667
-1660
-1591
-1462
-1276
-1039
-759
-447
-114
227
563
883
1171
1418
1613
1747
1816
1815
1744
1605
1404
1147
844
507
149
-216
-575
-914
-1219
-1478
-1681
-1820
-1889
-1887
-1813
-1670
-1465
-1205
-900
-564
-209
149
499
826
1116
1359
1546
1669
1724
1710
1628
1482
1278
1025
734
416
86
-244
-560
-851
-1105
-1311
-1463
-1554
-1583
-1549
-1453
-1302
-1101
-860
-589
-299
-3
287
560
805
1012
1173
1283
1338
1337
1280
1170
1013
816
588
338
77
-184
-436
-668
-870
-1036
-1159
-1235
-1262
-1238
-1167
-1051
-896
-709
-497
-269
-34
198
419
621
795
936
1040
1102
1122
1098
1034
932
797
634
450
252
47
-156
-352
-534
-695
-831
-938
-1012
-1052
-1058
-1030
-971
-883
-769
-635
-485
-323
-156
11
175
330
472
598
705
790
852
890
903
892
859
802
726
631
521
397
262
119
-27
-175
-322
-464
-598
-720
-829
-920
-992
-1041
-1066
-1066
-1038
-983
-900
-791
-657
-500
-324
-132
69
278
486
687
877
1047
1192
1307
1385
1424
1420
1371
1277
1139
959
741
491
216
-76
-377
-676
-965
-1232
-1469
-1666
-1815
-1909
-1944
-1917
-1825
-1672
-1459
-1193
-881
-533
-159
227
615
989
1337
1646
1904
2102
2230
2283
2258
2153
1972
1719
1401
1029
614
171
-283
-736
-1169
-1568
-1917
-2204
-2417
-2547
-2590
-2542
-2404
-2180
-1878
-1507
-1080
-612
-120
377
864
1321
1732
2081
2355
2544
2640
2639
2541
2348
2068
1710
1288
817
315
-200
-708
-1192
-1631
-2010
-2314
-2532
-2655
-2678
-2601
-2426
-2160
-1813
-1399
-934
-435
78
585
1068
1506
1883
2185
2399
2517
2536
2453
2273
2003
1654
1239
776
283
-220
-714
-1179
-1595
-1947
-2220
-2403
-2489
-2475
-2362
-2153
-1858
-1489
-1060
-590
-97
397
874
1314
1698
2012
2241
2377
2414
2350
2188
1935
1601
1199
746
261
-236
-726
-1187
-1602
-1952
-2223
-2405
-2488
-2471
-2352
-2138
-1836
-1459
-1023
-544
-42
461
946
1393
1783
2101
2333
2470
2506
2440
2273
2014
1672
1260
797
300
-210
-713
-1190
-1620
-1986
-2274
-2472
-2572
-2571
-2469
-2270
-1982
-1617
-1190
-718
-219
285
776
1234
1641
1981
2241
2411
2485
2460
2339
2125
1829
1463
1041
580
99
-383
-847
-1276
-1653
-1964
-2197
-2343
-2399
-2362
-2235
-2024
-1738
-1388
-990
-560
-113
331
757
1147
1488
1766
1973
2099
2143
2104
1983
1788
1526
1209
849
462
62
-334
-712
-1059
-1361
-1607
-1789
-1901
-1940
-1907
-1803
-1633
-1407
-1132
-821
-486
-141
202
530
831
1094
1310
1471
1574
1614
1594
1513
1377
1193
967
710
432
144
-143
-419
-674
-898
-1084
-1227
-1321
-1365
-1359
-1303
-1202
-1061
-885
-682
-461
-231
0
222
430
613
768
887
969
1012
1014
977
904
799
667
513
345
170
-5
-175
-332
-470
-585
-672
-730
-757
-753
-719
-657
-572
-467
-348
-220
-88
39
160
267
356
424
469
488
481
449
394
319
228
125
15
-95
-202
-300
-384
-449
-493
-513
-507
-475
-418
-339
-240
-126
-2
126
254
375
483
573
639
678
686
663
608
522
408
269
110
-62
-242
-421
-592
-749
-882
-987
-1057
-1089
-1080
-1028
-934
-800
-630
-430
-207
32
278
521
751
960
1139
1279
1374
1419
1411
1348
1232
1066
854
604
323
23
-285
-592
-886
-1153
-1385
-1571
-1704
-1778
-1788
-1733
-1615
-1436
-1202
-920
-602
-257
101
460
807
1128
1412
1646
1823
1935
1976
1945
1842
1670
1435
1144
809
439
50
-344
-731
-1096
-1424
-1705
-1926
-2080
-2160
-2164
-2090
-1942
-1723
-1441
-1107
-732
-330
84
497
893
1258
1579
1843
2041
2165
2212
2180
2068
1883
1629
1316
955
560
143
-278
-690
-1079
-1430
-1731
-1971
-2142
-2238
-2255
-2195
-2058
-1851
-1580
-1257
-892
-498
-90
317
710
1076
1400
1674
1886
2031
2104
2103
2030
1887
1680
1418
1110
767
402
28
-342
-696
-1022
-1310
-1549
-1733
-1857
-1917
-1913
-1847
-1722
-1544
-1320
-1059
-770
-464
-151
156
450
721
961
1162
1319
1430
1492
1505
1470
1391
1273
1119
938
735
519
296
73
-142
-345
-529
-692
-829
-937
-1017
-1068
-1090
-1085
-1054
-1001
-928
-838
-734
-620
-497
-370
-240
-110
17
143
263
377
483
581
668
745
808
858
892
909
907
886
845
782
698
594
469
326
166
-5
-185
-371
-556
-734
-901
-1051
-1177
-1274
-1339
-1367
-1355
-1301
-1206
-1071
-898
-692
-457
-202
67
341
611
868
1103
1306
1471
1590
1659
1673
1631
1534
1384
1185
943
665
362
43
-280
-598
-897
-1169
-1402
-1589
-1723
-1799
-1815
-1769
-1663
-1502
-1291
-1038
-753
-445
-126
191
496
779
1029
1238
1398
1505
1556
1550
1489
1377
1218
1019
791
541
280
18
-233
-468
-676
-850
-985
-1078
-1127
-1131
-1093
-1017
-907
-770
-613
-443
-269
-98
62
205
327
423
490
527
535
515
471
406
326
235
141
48
-38
-112
-171
-212
-232
-231
-210
-171
-117
-50
22
98
172
237
291
329
348
346
323
277
212
129
32
-74
-185
-295
-400
-493
-569
-625
-658
-664
-644
-598
-526
-433
-321
-195
-60
76
210
334
445
536
605
647
663
651
612
549
465
363
250
131
11
-104
-210
-301
-374
-426
-455
-461
-444
-408
-354
-287
-211
-132
-53
18
79
126
156
166
156
126
79
17
-55
-135
-216
-292
-358
-408
-439
-445
-426
-379
-305
-205
-82
57
210
367
523
668
796
898
969
1002
994
942
845
706
527
314
74
-183
-449
-713
-963
-1189
-1380
-1527
-1623
-1660
-1636
-1549
-1400
-1193
-934
-631
-296
60
423
781
1118
1421
1678
1877
2010
2070
2053
1960
1790
1551
1250
897
505
89
-335
-754
-1150
-1508
-1814
-2056
-2225
-2313
-2317
-2235
-2071
-1830
-1521
-1155
-745
-308
139
583
1004
1387
1717
1983
2173
2281
2303
2237
2087
1859
1560
1204
802
372
-71
-510
-929
-1311
-1642
-1910
-2104
-2218
-2247
-2191
-2052
-1837
-1553
-1212
-828
-415
10
432
834
1201
1519
1775
1960
2068
2094
2038
1903
1693
1419
1089
718
319
-91
-497
-885
-1237
-1542
-1788
-1965
-2067
-2090
-2032
-1897
-1690
-1419
-1093
-725
-330
78
483
872
1227
1537
1790
1975
2086
2119
2072
1946
1746
1479
1155
784
381
-39
-464
-875
-1260
-1602
-1891
-2115
-2266
-2337
-2327
-2233
-2060
-1812
-1498
-1128
-714
-272
185
640
1078
1484
1842
2140
2367
2515
2577
2550
2434
2233
1951
1598
1185
724
231
-277
-784
-1273
-1727
-2130
-2468
-2728
-2901
-2979
-2959
-2839
-2623
-2316
-1928
-1469
-954
-400
174
751
1311
1835
2305
2704
3017
3233
3344
3343
3229
3005
2675
2251
1744
1170
548
-101
-757
-1398
-2001
-2546
-3013
-3385
-3649
-3794
-3814
-3705
-3471
-3117
-2654
-2097
-1462
-772
-48
684
1401
2077
2689
3215
3636
3936
4104
4132
4019
3767
3383
2879
2272
1581
831
45
-747
-1521
-2248
-2903
-3463
-3907
-4219
-4388
-4407
-4274
-3993
-3574
-3030
-2380
-1646
-853
-30
794
1593
2337
2999
3557
3991
4284
4428
4416
4249
3934
3481
2906
2230
1478
676
-147
-962
-1741
-2456
-3081
-3595
-3980
-4224
-4318
-4260
-4054
-3707
-3234
-2652
-1984
-1253
-486
287
1041
1747
2383
2924
3354
3658
3828
3858
3751
3511
3151
2685
2131
1511
850
170
-500
-1141
-1726
-2238
-2659
-2975
-3177
-3262
-3229
-3081
-2828
-2482
-2057
-1573
-1047
-501
43
568
1054
1483
1842
2121
2311
2409
2414
2331
2165
1926
1626
1280
902
508
114
-264
-614
-924
-1182
-1381
-1518
-1589
-1596
-1543
-1434
-1277
-1083
-861
-622
-378
-138
85
286
456
590
685
740
754
732
676
593
489
371
246
123
7
-94
-178
-238
-274
-285
-271
-234
-179
-108
-28
54
135
208
269
311
332
329
302
251
177
83
-26
-145
-270
-392
-507
-607
-688
-743
-770
-765
-727
-657
-556
-428
-276
-107
71
255
434
601
749
872
963
1018
1035
1010
945
841
702
532
339
128
-91
-311
-523
-719
-890
-1031
-1134
-1197
-1217
-1192
-1123
-1013
-867
-689
-487
-267
-39
187
406
609
786
933
1044
1115
1143
1129
1072
977
846
685
500
299
90
-119
-322
-511
-678
-818
-926
-998
-1034
-1032
-993
-920
-815
-685
-533
-367
-192
-16
154
313
455
576
671
738
775
781
758
707
630
533
419
292
159
24
-106
-229
-340
-434
-508
-562
-593
-602
-588
-554
-501
-433
-352
-262
-167
-72
21
108
187
254
307
346
368
374
365
341
304
255
198
134
66
-3
-70
-134
-192
-241
-281
-309
-326
-330
-322
-302
-272
-231
-182
-127
-68
-6
55
115
170
219
259
290
309
316
311
292
261
218
164
101
31
-43
-121
-198
-272
-340
-399
-446
-479
-497
-498
-480
-445
-391
-321
-237
-140
-34
76
189
299
401
492
567
622
656
664
647
602
532
438
321
187
39
-116
-274
-428
-572
-700
-805
-883
-930
-942
-918
-858
-762
-634
-478
-298
-102
102
308
507
690
850
978
1069
1118
1122
1080
991
858
686
481
249
1
-253
-505
-742
-956
-1136
-1273
-1362
-1397
-1375
-1297
-1163
-979
-751
-487
-197
105
410
703
973
1207
1394
1527
1598
1602
1539
1410
1217
969
675
344
-7
-367
-721
-1053
-1350
-1597
-1785
-1904
-1948
-1913
-1800
-1612
-1355
-1039
-675
-278
136
553
954
1322
1643
1902
2089
2193
2211
2140
1982
1742
1428
1052
629
174
-294
-758
-1198
-1598
-1940
-2212
-2401
-2499
-2502
-2409
-2223
-1950
-1602
-1190
-730
-241
258
750
1214
1633
1990
2271
2466
2567
2570
2475
2285
2009
1657
1243
782
293
-205
-694
-1156
-1573
-1928
-2210
-2408
-2516
-2529
-2450
-2280
-2029
-1706
-1325
-900
-449
10
462
889
1275
1607
1872
2062
2171
2197
2141
2005
1798
1528
1207
849
467
77
-306
-668
-996
-1279
-1506
-1671
-1769
-1799
-1761
-1659
-1499
-1288
-1037
-756
-458
-154
143
424
676
892
1065
1188
1259
1277
