  323935
  326454
  328700
  329864
  330384
  330905
  331216
  329988
  327793
  325147
  321841
  317856
  313559
  309557
  305000
  299140
  293121
  287359
  281155
  274611
  268683
  263598
  258740
  254300
  250737
  247884
  245373
  243760
  243386
  243911
  245395
  248275
  251993
  256158
  261014
  266425
  272418
  279085
  285921
  292551
  299399
  305965
  311474
  316388
  321299
  326483
  332227
  337612
  342371
  346652
  349600
  351062
  351950
  352544
  353932
  355750
  357124
  354818
  344663
  335843
  338085
  346041
  358127
  375308
  393579
  407234
  409104
  405740
  409310
  417407
  425838
  437594
  450311
  461133
  469205
  474875
  478163
  481170
  486205
  490673
  492347
  491372
  486975
  479953
  471428
  461318
  450269
  438087
  424077
  408880
  393293
  377348
  361109
  345518
  331184
  317224
  302338
  287120
  271295
  249812
  227389
  213875
  209245
  207605
  192930
  179370
  189303
  209702
  225392
  240258
  255477
  269005
  281014
  293530
  306896
  319505
  331728
  344043
  356282
  367356
  377421
  386845
  395237
  401906
  407330
  411757
  414661
  416098
  416531
  415794
  413424
  409882
  405491
  399691
  391723
  381743
  370088
  356650
  342499
  328864
  315191
  300950
  286205
  272296
  262449
  256480
  249855
  241967
  233961
  227951
  223607
  220783
  220114
  221681
  224667
  228837
  233551
  239039
  245980
  254026
  262078
  269732
  277627
  285769
  293384
  300647
  307650
  313748
  318817
  323361
  327229
  329606
  330791
  332548
  334427
  335058
  335163
  334414
  331958
  328141
  323517
  318135
  311404
  303964
  296683
  289573
  282544
  276027
  270066
  263965
  257687
  251849
  246635
  241295
  236093
  231561
  227766
  224324
  221339
  219405
  218448
  218113
  219034
  221465
  224521
  227272
  229739
  232275
  234212
  235741
  237230
  238281
  238747
  239606
  241264
  243125
  245210
  247742
  250393
  252532
  254578
  256758
  258822
  260978
  263460
  265561
  266510
  266686
  266272
  264908
  263013
  261181
  259461
  256991
  253652
  250293
  247346
  244607
  241895
  239628
  238032
  237336
  237155
  236600
  235307
  232992
  229952
  226736
  222674
  217394
  213192
  210268
  206550
  201397
  195343
  189541
  185003
  181909
  180663
  181343
  182825
  184643
  187315
  191031
  194615
  195963
  192769
  182234
  172710
  170296
  169825
  170052
  173749
  182798
  197784
  216286
  233764
  248275
  259959
  268984
  275806
  281090
  283948
  283823
  281561
  278783
  275964
  271844
  267135
  261855
  256210
  250183
  243399
  235542
  227331
  219389
  211015
  202335
  194182
  187094
  179775
  172124
  165106
  159795
  156778
  154438
  152269
  150016
  147927
  146598
  146072
  146332
  147879
  150364
  152786
  155711
  159385
  162987
  166719
  171011
  175811
  180773
  185256
  189771
  194390
  198617
  202038
  205076
  207989
  210360
  211690
  212532
  213375
  213854
  213605
  212947
  211498
  208650
  204951
  200296
  195656
  190866
  182525
  168889
  154324
  145851
  144823
  146965
  149768
  151174
  150211
  148263
  146407
  144883
  143539
  142560
  140701
  135534
  129214
  125029
  124052
  126604
  133220
  143615
  155333
  165632
  174234
  180836
  185986
  191101
  194608
  196875
  198625
  199675
  200454
  200931
  200313
  198626
  195735
  190953
  183805
  175380
  167257
  160374
  156055
  155784
  157459
  158631
  159484
  160261
  160518
  159552
  157834
  156145
  154478
  152439
  150543
  149140
  147597
  145694
  144016
  142513
  140783
  139154
  137880
  136825
  135671
  135125
  135313
  135642
  135374
  135065
  135220
  135130
  134516
  134079
  134054
  133839
  133673
  133941
  134166
  133859
  133710
  134162
  134520
  134469
  134254
  133975
  133040
  131127
  128606
  121956
  110412
  101949
  102250
  109853
  120391
  130692
  138779
  144345
  148460
  151520
  152025
  148699
  143785
  140739
  139379
  138860
  139082
  139607
  140106
  140731
  141584
  141830
  141455
  140431
  138404
  135590
  133162
  131078
  128383
  125893
  124263
  122731
  120754
  119237
  118495
  117713
  116760
  115970
  115457
  114941
  114837
  115319
  115724
  115689
  115720
  115993
  115655
  114799
  114019
  113364
  112397
  111587
  111183
  110701
  110227
  110243
  111024
  112120
  113480
  116011
  119816
  124541
  128839
  132142
  133588
  133240
  132018
  130171
  126808
  122258
  118344
  115642
  113322
  111298
  109616
  107422
  105074
  103302
  101140
   98433
   96650
   96005
   95472
   94673
   93285
   89417
   83577
   79283
   76431
   73944
   72191
   72342
   74780
   78211
   81739
   85461
   89163
   92357
   95331
   98475
  101904
  105734
  109771
  113548
  116221
  118149
  119826
  121088
  121563
  121833
  122196
  121980
  120924
  119588
  118115
  115916
  113353
  110973
  108407
  105187
  101866
   98701
   95287
   91450
   87902
   84990
   82035
   79179
   76772
   74534
   72330
   70225
   67480
   64436
   62684
   59694
   55003
   52221
   50665
   49920
   51108
   54236
   59018
   64064
   68148
   71033
   73095
   74965
   77117
   79595
   83193
   86994
   90002
   92916
   96353
   99661
  102382
  104651
  106380
  107099
  106867
  105777
  103912
  100678
   99275
  103344
  109740
  113954
  115305
  113704
  110440
  106867
  103053
   98597
   94161
   90215
   86181
   81976
   78401
   75388
   72227
   69125
   66271
   63117
   59863
   56675
   52992
   49174
   46057
   43191
   40356
   39516
   41284
   42935
   41620
   39564
   40051
   43189
   42392
   39464
   38467
   42609
   50941
   57181
   60555
   60032
   57060
   52132
   46664
   42913
   38910
   37966
   43244
   56625
   63307
   58680
   55006
   55022
   58245
   65829
   75873
   85691
   93235
   96805
   98200
  100896
  104013
  106149
  107352
  107677
  106662
  104878
  102668
   99609
   95734
   91649
   87361
   82283
   77007
   71231
   65121
   58513
   52052
   46449
   43421
   41534
   38770
   35585
   33565
   32991
   32232
   29385
   24982
   19525
   14090
   12620
   17459
   28109
   39572
   48298
   52710
   54205
   55788
   57410
   59569
   63016
   67685
   73579
   75664
   66160
   53992
   48450
   49225
   53391
   57208
   60805
   64471
   67727
   70010
   71478
   72545
   74222
   79373
   87733
   95344
  102231
  107209
  112010
  113971
  110316
  103328
   92037
   79834
   69693
   65995
   67181
   67002
   66147
   70041
   77602
   82994
   83621
   80610
   76416
   71139
   64240
   57541
   51988
   47320
   43606
   40512
   38008
   36365
   35052
   33872
   33218
   32764
   32287
   32174
   32186
   31684
   31048
   30655
   30614
   30902
   32510
   35693
   40054
   45614
   52122
   58762
   64420
   69379
   73747
   76803
   78797
   80037
   80160
   79125
   77711
   76296
   74137
   71344
   68296
   64642
   59867
   54654
   49557
   44350
   38836
   33426
   28736
   24762
   21360
   18133
   14693
    9559
    3285
   -1881
   -5604
  -10554
  -20228
  -31618
  -37592
  -39334
  -38720
  -31675
  -20917
  -10507
    3084
   16824
   24328
   27588
   33311
   42224
   52193
   61708
   70307
   77708
   83127
   87490
   91625
   95842
   98743
  100496
  101335
  101993
  102646
  102190
   99787
   94014
   85189
   75884
   67709
   61753
   56857
   48604
   36084
   24118
   17941
   15288
   10166
    2588
   -5213
  -11560
  -17619
  -22952
  -26326
  -27991
  -28610
  -28438
  -26958
  -24154
  -20894
  -17377
  -12965
   -8066
   -3927
    -267
    4734
   10602
   16272
   21926
   27971
   34503
   41670
   48422
   53948
   57709
   60319
   62776
   64793
   66053
   67028
   67701
   67280
   65664
   63656
   61514
   58796
   55832
   52927
   49927
   45963
   41674
   37923
   34172
   30251
   26556
   22653
   18220
   13929
    8860
    3516
    -412
   -2893
   -5177
   -8149
  -10855
  -11982
  -11964
  -11651
  -11555
  -11039
  -10760
  -12556
  -14827
  -14840
  -15784
  -18025
  -20078
  -21347
  -21342
  -19812
  -15271
   -7283
    2287
   12185
   18713
   23565
   28592
   34779
   45165
   54971
   64420
   71653
   75499
   77215
   77786
   78368
   79067
   78797
   77675
   76590
   75335
   73052
   69781
   65928
   61241
   55512
   49387
   43174
   36504
   29338
   22345
   15783
    9033
    2597
   -2836
   -7697
  -12654
  -17069
  -20978
  -26585
  -34665
  -45197
  -55521
  -64408
  -70225
  -69351
  -66823
  -67256
  -68466
  -65375
  -52058
  -34862
  -21616
   -8677
    4790
   17271
   28640
   39206
   50411
   62456
   73967
   83557
   90048
   94253
   97109
   98262
   97606
   96003
   93355
   88109
   80804
   72609
   57908
   25053
  -14503
  -40557
  -50606
  -51159
  -50322
  -50414
  -51580
  -52578
  -52705
  -51734
  -50319
  -48231
  -44857
  -40764
  -36523
  -31607
  -25691
  -19425
  -13220
   -6972
     723
    8055
   11298
   12988
   16578
   23909
   32214
   38133
   43395
   49167
   54143
   56541
   57600
   58761
   60226
   61293
   61046
   59291
   55856
   51132
   46338
   41728
   36473
   30449
   24240
   18110
   11661
    4865
   -1875
   -7514
  -13738
  -21576
  -28375
  -33875
  -39918
  -46230
  -50225
  -52063
  -53214
  -53558
  -51952
  -49979
  -48162
  -45474
  -41641
  -37066
  -31832
  -25903
  -19781
  -14184
   -8681
   -2950
    2700
    8075
   13510
   18956
   23471
   27153
   30748
   34186
   36393
   37530
   38227
   38564
   37962
   36810
   35668
   34508
   33123
   32296
   30006
   23925
   16370
    7398
   -3498
  -12861
  -17285
  -15076
  -10435
   -6496
   -7130
  -12761
  -22006
  -31175
  -37700
  -42164
  -46073
  -52043
  -53878
  -44535
  -30305
  -18579
   -8932
    -403
    8354
   15976
   21725
   25932
   29406
   31460
   32219
   32119
   31206
   28677
   25513
   23280
   21933
   20420
   18318
   15456
   10903
    5118
   -1352
   -7867
  -14015
  -19091
  -23248
  -27340
  -30969
  -33745
  -36095
  -38623
  -40041
  -40804
  -41710
  -42656
  -43059
  -40666
  -37652
  -36892
  -37039
  -35542
  -31930
  -27276
  -22735
  -17997
  -12648
   -7475
   -4476
   -1760
    1512
    6242
   12840
   19300
   23606
   27260
   28889
   23248
   14306
   13449
   13985
    3178
  -11434
  -16609
  -17720
  -18867
  -18485
  -16077
   -9440
     -51
    8200
   13582
   17636
   21113
   24852
   27525
   27498
   25016
   21090
   15934
    9400
    3263
   -1246
   -5236
  -10282
  -15737
  -20870
  -25681
  -29734
  -33113
  -36314
  -38831
  -40393
  -41486
  -42601
  -43290
  -43296
  -42575
  -40788
  -38497
  -36168
  -34372
  -33400
  -32717
  -32536
  -32843
  -31879
  -29495
  -26872
  -24342
  -20457
  -15426
  -11242
   -8837
   -7709
   -9628
  -15822
  -21555
  -24741
  -25403
  -23525
  -19012
  -12592
   -6064
   -1169
    2627
    5882
    8103
    9646
   10956
   12031
   13184
   15006
   19238
   23741
   23581
   16052
   -3671
  -27648
  -42054
  -47393
  -49838
  -52081
  -50137
  -41584
  -30389
  -19592
   -9920
   -1711
    4472
    8258
   10704
   12961
   14520
   14801
   14542
   14330
   13963
   12797
   11211
    9751
    8036
    5421
    2491
    -241
   -3149
   -6781
  -10441
  -13484
  -16237
  -19251
  -21944
  -23915
  -25822
  -27880
  -29494
  -30575
  -31884
  -33191
  -33951
  -34297
  -34870
  -34923
  -34048
  -32380
  -29805
  -26983
  -25610
  -27463
  -33840
  -44433
  -53269
  -57733
  -59348
  -59293
  -57431
  -51930
  -43170
  -32982
  -20697
   -8098
    2893
   11484
   17935
   22846
   26381
   28914
   31013
   31102
   27536
   17452
      51
  -16421
  -24600
  -27282
  -26490
  -22189
  -14473
   -4806
    4537
   11544
   15100
   15744
   13759
    7859
   -7937
  -31178
  -48690
  -63347
  -75286
  -85228
  -86731
  -77429
  -65554
  -56180
  -51098
  -51305
  -51072
  -50808
  -46202
  -32795
  -16856
   -3823
    5913
   11231
   13268
   13960
   15206
   15836
   14221
   11813
   11763
   13701
   14627
   14756
   15967
   21130
   30093
   39713
   46575
   49112
   47640
   43487
   36044
   25272
   13362
    1010
  -12182
  -26058
  -39264
  -49637
  -57324
  -63942
  -69086
  -72286
  -74432
  -76054
  -76456
  -75426
  -73770
  -71675
  -68451
  -63099
  -56902
  -50689
  -44330
  -37946
  -31416
  -24164
  -16323
   -9421
   -4363
     -44
    4535
    9459
   13898
   18393
   22848
   25773
   25811
   24404
   24228
   24147
   22772
   20038
   17705
   15921
   13397
    9722
    5782
    2468
    -228
   -1914
   -2038
    -520
    2485
    5446
    5913
    4101
    1561
     365
    4141
    8943
    9604
    8099
    6781
    8121
   10335
   12476
   12333
   10713
    9102
    7458
    6094
    6313
    9119
   14255
   21504
   30652
   40960
   51966
   63585
   75471
   86323
   97247
  110677
  129085
  153954
  181484
  208554
  233977
  256843
  278049
  296354
  308744
  313616
  310772
  299499
  279796
  253550
  231053
  221246
  222425
  227319
  232274
  241840
  259111
  276036
  284721
  289597
  293312
  296702
  300447
  303231
  303801
  303083
  301967
  300175
  298204
  296776
  295343
  293453
  291195
  288236
  284305
  279470
  274075
  268444
  264246
  260426
  254578
  247976
  242488
  236763
  228003
  216735
  202366
  183047
  161119
  139862
  119811
  104985
   98493
   98181
  105083
  118816
  137775
  159235
