   17463
   17417
   17048
   16407
   15576
   14674
   13794
   13015
   12362
   11804
   11413
   11236
   11295
   11622
   12199
   12949
   13814
   14723
   15570
   16285
   16817
   17083
   17057
   16804
   16375
   15783
   15073
   14326
   13631
   13073
   12688
   12459
   12446
   12666
   13088
   13628
   14277
   14980
   15598
   16101
   16473
   16635
   16584
   16242
   15620
   14810
   13937
   13083
   12309
   11710
   11341
   11271
   11517
   12040
   12786
   13690
   14697
   15695
   16587
   17332
   17907
   18218
   18215
   17888
   17265
   16423
   15466
   14496
   13632
   13028
   12695
   12569
   12694
   13039
   13531
   14173
   14901
   15625
   16267
   16784
   17118
   17225
   17107
   16741
   16165
   15464
   14662
   13830
   13079
   12496
   12122
   12004
   12147
   12511
   13114
   13912
   14814
   15727
   16614
   17369
   17881
   18106
   18043
   17676
   17013
   16116
   15082
   14010
   12987
   12147
   11575
   11320
   11397
   11828
   12573
   13530
   14636
   15793
   16886
   17795
   18466
   18853
   18891
   18573
   17947
   17061
   15994
   14883
   13863
   12999
   12356
   11990
   11916
   12134
   12621
   13295
   14098
   14966
   15796
   16510
   17063
   17405
   17485
   17305
   16921
   16290
   15527
   14750
   14023
   13434
   13020
   12824
   12864
   13139
   13629
   14248
   14971
   15714
   16371
   16929
   17363
   17600
   17608
   17442
   17103
   16582
   15958
   15307
   14682
   14152
   13749
   13511
   13458
   13610
   13950
   14433
   15036
   15733
   16408
   16978
   17384
   17579
   17542
   17308
   16880
   16284
   15588
   14897
   14240
   13680
   13277
   13046
   12999
   13172
   13524
   14044
   14707
   15424
   16093
   16713
   17234
   17588
   17767
   17770
   17587
   17250
   16787
   16237
   15660
   15109
   14617
   14212
   13954
   13864
   13931
   14148
   14497
   14983
   15538
   16074
   16544
   16878
   17049
   17074
   16960
   16724
   16393
   15988
   15561
   15172
   14856
   14620
   14531
   14594
   14786
   15059
   15398
   15800
   16232
   16628
   16901
   17010
   16971
   16775
   16444
   16023
   15544
   15075
   14682
   14413
   14262
   14237
   14387
   14674
   15081
   15577
   16136
   16734
   17276
   17684
   17902
   17932
   17797
   17505
   17124
   16689
   16220
   15778
   15420
   15155
   14981
   14924
   14963
   15067
   15247
   15515
   15810
   16150
   16494
   16768
   16955
   17008
   16941
   16743
   16433
   16041
   15597
   15186
   14864
   14643
   14566
   14626
   14807
   15094
   15478
   15918
   16349
   16768
   17105
   17332
   17451
   17474
   17403
   17224
   16921
   16544
   16133
   15760
   15453
   15251
   15189
   15199
   15271
   15425
   15643
   15896
   16182
   16466
   16706
   16882
   17035
   17109
   17080
   16982
   16819
   16577
   16322
   16062
   15823
   15652
   15555
   15528
   15578
   15691
   15833
   16007
   16226
   16478
   16721
   16953
   17141
   17283
   17369
   17361
   17218
   16953
   16637
   16289
   15939
   15656
   15455
   15332
   15325
   15432
   15613
   15828
   16103
   16415
   16728
   17051
   17348
   17569
   17694
   17707
   17583
   17377
   17128
   16844
   16492
   16123
   15800
   15484
   15227
   15070
   15020
   15066
   15270
   15573
   15931
   16356
   16793
   17134
   17427
   17721
   17924
   17984
   17932
   17783
   17515
   17150
   16726
   16296
   15908
   15581
   15320
   15150
   15070
   15101
   15247
   15508
   15815
   16136
   16477
   16783
   16982
   17107
   17153
   17115
   17044
   16943
   16783
   16592
   16437
   16312
   16251
   16261
   16356
   16496
   16680
   16915
   17150
   17347
   17496
   17548
   17516
   17447
   17304
   17079
   16782
   16439
   16017
   15582
   15182
   14816
   14511
   14306
   14162
   14124
   14200
   14391
   14677
   15043
   15449
   15864
   16280
   16697
   17055
   17314
   17492
   17568
   17535
   17424
   17248
   16992
   16710
   16408
   16115
   15841
   15595
   15389
   15247
   15184
   15224
   15342
   15548
   15782
   15991
   16161
   16276
   16313
   16289
   16251
   16173
   16091
   16031
   15985
   16010
   16104
   16218
   16348
   16512
   16698
   16871
   17037
   17199
   17318
   17362
   17314
   17153
   16863
   16473
   16030
   15576
   15158
   14856
   14704
   14719
   14902
   15207
   15616
   16094
   16549
   16944
   17251
   17438
   17483
   17423
   17275
   17022
   16692
   16352
   15979
   15656
   15407
   15237
   15185
   15286
   15525
   15874
   16346
   16878
   17386
   17828
   18173
   18380
   18453
   18383
   18191
   17897
   17564
   17201
   16816
   16459
   16115
   15780
   15514
   15299
   15163
   15122
   15176
   15316
   15559
   15894
   16294
   16728
   17138
   17489
   17744
   17877
   17873
   17732
   17492
   17170
   16794
   16424
   16091
   15824
   15658
   15628
   15733
   15957
   16234
   16549
   16871
   17164
   17372
   17470
   17456
   17327
   17096
   16815
   16487
   16121
   15752
   15420
   15129
   14911
   14800
   14840
   15030
   15369
   15800
   16246
   16693
   17098
   17381
   17534
   17557
   17451
   17234
   16895
   16433
   15911
   15401
   14941
   14562
   14330
   14274
   14366
   14581
   14937
   15386
   15902
   16466
   17016
   17450
   17727
   17849
   17771
   17503
   17107
   16578
   15931
   15224
   14552
   14024
   13710
   13644
   13865
   14322
   14964
   15693
   16401
   16981
   17346
   17436
   17264
   16886
   16317
   15623
   14936
   14314
   13777
   13425
   13334
   13448
   13732
   14098
   14485
   14884
   15266
   15589
   15840
   16038
   16196
   16306
   16337
   16267
   16089
   15835
   15535
   15211
   14881
   14611
   14436
   14376
   14456
   14674
   15001
   15392
   15801
   16156
   16442
   16693
   16868
   16940
   16914
   16744
   16389
   15861
   15171
   14382
   13606
   12915
   12380
   12118
   12162
   12507
   13119
   13987
   15044
   16144
   17206
   18122
   18807
   19210
   19301
   19052
   18467
   17621
   16549
   15329
   14158
   13132
   12302
   11730
   11485
   11607
   12064
   12856
   13871
   15047
   16306
   17471
   18460
   19225
   19699
   19821
   19529
   18931
   18070
   16997
   15869
   14770
   13814
   13102
   12673
   12579
   12822
   13325
   13949
   14603
   15217
   15721
   16098
   16382
   16558
   16627
   16623
   16555
   16416
   16237
   16080
   15914
   15735
   15551
   15372
   15219
   15151
   15163
   15234
   15378
   15557
   15723
   15909
   16091
   16188
   16143
   15933
   15522
   14950
   14332
   13762
   13301
   13052
   13070
   13315
   13776
   14446
   15248
   16088
   16907
   17618
   18136
   18452
   18558
   18403
   17995
   17404
   16648
   15761
   14837
   13918
   13066
   12377
   11917
   11754
   11895
   12354
   13080
   13996
   15059
   16172
   17167
   17923
   18383
   18477
   18220
   17667
   16891
   15968
   14996
   14089
   13360
   12935
   12830
   13013
   13465
   14167
   15023
   15955
   16895
   17730
   18370
   18781
   18918
   18744
   18313
   17631
   16674
   15507
   14260
   13048
   12009
   11281
   10954
   11048
   11597
   12578
   13889
   15404
   16983
   18469
   19691
   20511
   20867
   20708
   20076
   19033
   17650
   16043
   14394
   12842
   11516
   10531
    9947
    9752
    9987
   10661
   11704
   13067
   14655
   16323
   17921
   19335
   20430
   21105
   21285
   20904
   19963
   18531
   16756
   14838
   12955
   11337
   10148
    9494
    9432
    9928
   10893
   12153
   13565
   14936
   16118
   17083
   17777
   18189
   18365
   18280
   17937
   17392
   16713
   15995
   15306
   14700
   14226
   13878
   13693
   13706
   13854
   14107
   14429
   14756
   15079
   15412
   15716
   15966
   16185
   16381
   16489
   16498
   16450
   16345
   16187
   16039
   15884
   15724
   15567
   15394
   15206
   15062
   14966
   14922
   14946
   15038
   15157
   15290
   15444
   15598
   15693
   15749
   15737
   15651
   15525
   15389
   15230
   15085
   15009
   14958
   14908
   14860
   14797
   14718
   14647
   14592
   14555
   14558
   14586
   14569
   14465
   14192
   13727
   13203
   12727
   12352
   12167
   12170
   12402
   12873
   13567
   14385
   15220
   15974
   16473
   16672
   16558
   16168
   15546
   14789
   14015
   13300
   12692
   12276
   12103
   12212
   12644
   13338
   14193
   15132
   16084
   16914
   17542
   17932
   17994
   17690
   17037
   16005
   14671
   13209
   11773
   10519
    9610
    9194
    9268
    9835
   10893
   12356
   14077
   15884
   17575
   18972
   19977
   20504
   20468
   19883
   18817
   17353
   15620
   13815
   12080
   10549
    9393
    8739
    8596
    8960
    9807
   11025
   12499
   14099
   15669
   17057
   18163
   18885
   19151
   18903
   18133
   16816
   14987
   12806
   10513
    8300
    6404
    5094
    4528
    4793
    5916
    7785
   10215
   12987
   15820
   18379
   20437
   21845
   22445
   22192
   21131
   19384
   17136
   14607
   12061
    9725
    7801
    6496
    5919
    6100
    7000
    8487
   10382
   12483
   14625
   16601
   18212
   19359
   19928
   19870
   19210
   18020
   16411
   14522
   12583
   10754
    9220
    8158
    7649
    7722
    8346
    9391
   10675
   12084
   13458
   14650
   15586
   16218
   16512
   16408
   15875
   14879
   13462
   11788
   10112
    8639
    7527
    6923
    6890
    7441
    8537
   10088
   11942
   13904
   15785
   17393
   18513
   19020
   18885
   18109
   16791
   15092
   13190
   11276
    9585
    8244
    7346
    6985
    7157
    7845
    8996
   10509
   12260
   14078
   15800
   17267
   18342
   18959
   19039
   18562
   17573
   16151
   14371
   12243
    9882
    7466
    5244
    3532
    2568
    2500
    3384
    5200
    7804
   10959
   14375
   17765
   20774
   23129
   24625
   25099
   24493
   22851
   20352
   17229
   13791
   10393
    7350
    4945
    3436
    2927
    3413
    4845
    7077
    9904
   13059
   16205
   19021
   21246
   22683
   23206
   22728
   21288
   18972
   15959
   12495
    8894
    5503
    2618
     584
    -320
     -14
    1511
    4148
    7586
   11530
   15610
   19401
   22508
   24636
   25610
   25327
   23848
   21369
   18120
   14398
   10582
    7038
    4111
    2107
    1170
    1354
    2630
    4908
    7945
   11390
   14930
   18221
   20901
   22555
   22868
   21772
   19387
   15992
   11998
    7850
    3985
     823
   -1363
   -2312
   -1931
    -288
    2438
    5973
    9970
   14063
   17920
   21211
   23630
   24989
   25198
   24230
   22141
   19093
   15355
   11254
    7210
    3597
     759
   -1018
   -1535
    -755
    1225
    4267
    8105
   12339
   16384
   19792
   22229
   23483
   23490
   22322
   20116
   17167
   13825
   10429
    7301
    4773
    3108
    2448
    2837
    4217
    6353
    8934
   11654
   14263
   16538
   18291
   19359
   19660
   19206
   18082
   16386
   14258
   11897
    9565
    7991
    7264
    6603
    6199
    6236
    6812
    7919
    9433
   11180
   12955
   14561
   15867
   16766
   17196
   17150
   16671
   15819
   14691
   13380
   11969
   10473
    8926
    7483
    6313
    5601
    5468
    5946
    7061
    8801
   11023
   13456
   15916
   18174
   19987
   21208
   21720
   21397
   20253
   18377
   15928
   13151
   10339
    7719
    5554
    4042
    3301
    3385
    4289
    5902
    8037
   10474
   12978
   15299
   17229
   18616
   19321
   19280
   18546
   17140
   15209
   12951
   10549
    8283
    6405
    5115
    4505
    4610
    5445
    6937
    8970
   11367
   13800
   15997
   17746
   18910
   19377
   19158
   18275
   16762
   14797
   12573
   10264
    8085
    6284
    5008
    4330
    4325
    5004
    6265
    7983
   10041
   12215
   14267
   15946
   17015
   17315
   16858
   15698
   13948
   11808
    9556
    7436
    5680
    4530
    4140
    4496
    5506
    7007
    8746
   10589
   12357
   13869
   14993
   15679
   15891
   15609
   14892
   13791
   12441
   11009
    9628
    8418
    7478
    6896
    6716
    6985
    7642
    8472
    9267
    9917
   10308
   10421
   10378
   10241
   10054
    9891
    9835
    9874
   10018
   10291
   10671
   11079
   11481
   11817
   12043
   12161
   12134
   11914
   11521
   10999
   10401
    9804
    9304
    8934
    8734
    8727
    8896
    9216
    9685
   10236
   10802
   11351
   11824
   12127
   12269
   12251
   12066
   11763
   11379
   10928
   10457
   10030
    9682
    9434
    9306
    9291
    9384
    9606
    9890
   10135
   10344
   10515
   10650
   10773
   10880
   10919
   10911
   10930
   10932
   10892
   10849
   10742
   10457
    9972
    9267
    8361
    7372
    6444
    5711
    5250
    5138
    5424
    6152
    7272
    8676
   10215
   11770
   13229
   14505
   15476
   15978
   15947
   15407
   14417
   13047
   11439
    9756
    8147
    6761
    5739
    5190
    5128
    5563
    6469
    7745
    9239
   10786
   12178
   13197
   13714
   13648
   13003
   11909
   10529
    9019
    7567
    6337
    5448
    5022
    5109
    5664
    6639
    7996
    9586
   11245
   12850
   14260
   15302
   15873
   15936
   15445
   14442
   13070
   11434
    9667
    7951
    6441
    5261
    4557
    4418
    4831
    5769
    7127
    8734
   10443
   12109
   13476
   14434
   14912
   14811
   14148
   13032
   11574
    9927
    8316
    6908
    5801
    5118
    4935
    5247
    6034
    7214
    8632
   10131
   11598
   12914
   13916
   14542
   14732
   14372
   13484
   12111
   10298
    8213
    6085
    4171
    2662
    1742
    1560
    2133
    3439
    5381
    7747
   10306
   12852
   15112
   16818
   17850
   18138
   17618
   16361
   14507
   12193
    9565
    6772
    3978
    1377
    -748
   -2111
   -2584
   -2090
    -573
    1853
    4953
    8468
   12096
   15503
   18381
   20466
   21521
   21463
   20300
   18126
   15149
   11667
    8057
    4649
    1794
    -229
   -1281
   -1234
     -82
    2028
    4864
    8178
   11669
   14957
   17751
   19791
   20835
   20740
   19504
   17190
   14057
   10455
    6768
    3360
     605
   -1238
   -2005
   -1577
      12
    2562
    5797
    9434
   13115
   16451
   19128
   20908
   21632
   21246
   19788
   17402
   14288
   10747
    7146
    3810
    1069
    -789
   -1585
   -1247
     188
    2597
    5731
    9243
   12726
   15689
   17714
   18544
   18077
   16397
   13720
   10366
    6726
    3248
     317
   -1759
   -2732
   -2449
    -937
    1642
    5057
    8980
   12999
   16706
   19811
   21971
   22957
   22685
   21169
   18515
   14992
   10957
    6807
    2964
    -169
   -2315
   -3283
   -2957
   -1367
    1315
    4805
    8755
   12761
   16423
   19394
   21390
   22210
   21799
   20183
   17538
   14152
   10324
    6380
    2677
    -474
   -2781
   -4003
   -3974
   -2693
    -289
    3054
    7018
   11220
   15258
   18745
   21349
   22839
   23082
   22060
   19892
   16791
   13081
    9138
    5330
    2016
    -490
   -1981
   -2320
   -1448
     533
    3390
    6825
   10518
   14133
   17304
   19709
   21106
   21380
   20538
   18681
   15971
   12698
    9210
    5748
    2658
     277
   -1211
   -1671
   -1030
     648
    3197
    6378
    9904
   13383
   16454
   18848
   20353
   20799
   20141
   18457
   15927
   12804
    9412
    6051
    3063
     774
    -600
    -918
    -175
    1572
    4143
    7287
   10699
   14040
   16948
   19140
   20404
   20618
   19757
   17934
   15319
   12150
    8742
    4696
    -708
   -4649
   -6363
   -6248
   -4470
   -1260
    3032
    7963
   13065
   17910
   22768
   26580
   28272
   27968
   25786
   21994
   16953
   10150
    3189
   -2664
   -7105
   -9795
  -10548
   -9323
   -6205
   -1521
    4256
   10602
   16840
   22362
   26656
   29300
   30013
   28764
   25704
   21098
   15426
    9273
    3200
   -2218
   -6420
   -9003
   -9735
   -8544
   -5540
   -1058
    4450
   10455
   16351
   21542
   25534
   27965
   28589
   27339
   24366
   19947
   14538
    8696
    2972
   -2079
   -5974
   -8368
   -9034
   -7894
   -5092
    -908
    4254
    9877
   15425
   20366
   24200
   26543
   27200
   26136
   23443
   19407
   14421
    8972
    3558
   -1369
   -5325
   -7908
   -8904
   -8166
   -5739
   -1868
    3114
    8758
   14478
   19685
   23907
   26764
   27969
   27418
   25178
   21451
   16610
   11168
    5609
     469
   -3731
   -6589
   -7885
   -7483
   -5406
   -1920
    2617
    7789
   13074
   17930
   21924
   24693
   25967
   25658
   23804
   20541
   16173
   11188
    6047
    1234
   -2754
   -5496
   -6766
   -6461
   -4583
   -1319
    2945
    7721
   12512
   16831
   20277
   22557
   23484
   22979
   21133
   18154
   14329
   10072
    5834
    2013
    -992
   -2876
   -3453
   -2697
    -646
    2489
    6374
   10627
   14832
   18548
   21393
   23125
   23576
   22708
   20621
   17512
   13680
    9467
    5263
    1430
   -1706
   -3850
   -4832
   -4557
   -2990
    -299
    3268
    7367
   11634
   15673
   19095
   21564
   22892
   22996
   21855
   19598
   16477
   12781
    8881
    5179
    2026
    -297
   -1564
   -1679
    -659
    1398
    4308
    7753
   11402
   14941
   18013
   20314
   21644
   21884
   20958
   18941
   16049
   12549
    8764
    5105
    1930
    -505
   -1994
   -2436
   -1855
    -352
    1920
    4716
    7767
   10831
   13635
   15923
   17528
   18310
   18133
   17018
   15045
   12331
    9128
    5808
    2710
     148
   -1585
   -2256
   -1761
    -140
    2521
    5932
    9753
   13672
   17309
   20291
   22336
   23251
   22952
   21488
   19029
   15795
   12099
    8308
    4787
    1812
    -345
   -1474
   -1500
    -464
    1524
    4268
    7478
   10830
   14042
   16794
   18821
   19966
   20147
   19347
   17676
   15324
   12453
    9376
    6419
    3850
    1899
     773
     612
    1420
    3120
    5569
    8515
   11643
   14656
   17304
   19320
   20482
   20676
   19908
   18234
   15841
   12962
    9882
    6941
    4424
    2564
    1569
    1537
    2389
    3987
    6166
    8702
   11303
   13726
   15787
   17274
   18015
   18011
   17296
   15913
   13980
   11678
    9122
    6528
    4204
    2355
    1132
     684
    1081
    2279
    4157
    6603
    9335
   12077
   14612
   16685
   18058
   18537
   18080
   16724
   14611
   12017
    9231
    6521
    4174
    2478
    1617
    1642
    2592
    4360
    6758
    9577
   12547
   15360
   17711
   19416
   20283
   20228
   19291
   17556
   15173
   12373
    9455
    6660
    4248
    2473
    1486
    1393
    2211
    3774
    5908
    8452
   11109
   13556
   15492
   16704
   17040
   16447
   15031
   12954
   10459
    7879
    5491
    3502
    2129
    1558
    1878
    3056
    4978
    7456
   10251
   13125
   15798
   17990
   19454
   19987
   19518
   18091
   15889
   13102
   10014
    7002
    4343
    2272
    1046
     749
    1355
    2780
    4858
    7376
   10107
   12822
   15247
   17147
   18370
   18827
   18485
   17376
   15587
   13279
   10704
    8138
    5795
    3909
    2677
    2226
    2566
    3705
    5531
    7822
   10393
   13020
   15377
   17275
   18573
   19068
   18721
   17599
   15803
   13486
   10914
    8353
    6037
    4222
    3081
    2701
    3133
    4334
    6192
    8538
   11152
   13757
   16077
   17951
   19207
   19684
   19331
   18175
   16332
   13981
   11355
    8687
    6238
    4288
    3017
    2507
    2793
    3796
    5386
    7415
    9681
   11874
   13380
   14092
   13084
    9746
    7095
    5972
    5759
    6273
    7421
    9044
   10964
   12993
   14905
   16505
   17627
   18114
   17933
   17146
   15778
   13945
   11828
    9654
    7636
    5981
    4844
    4283
    4361
    5099
    6368
    8029
    9937
   11894
   13703
   15199
   16238
   16703
   16567
   15854
   14628
   13034
   11212
    9341
    7596
    6170
    5193
    4752
    4891
    5605
    6792
    8353
   10157
   12007
   13698
   15082
   16026
   16425
   16280
   15600
   14397
   12802
   11034
    9233
    7584
    6271
    5417
    5052
    5223
    5945
    7109
    8607
   10340
   12138
   13827
   15252
   16270
   16757
   16683
   16046
   14869
   13292
   11436
    9468
    7604
    6016
    4843
    4204
    4164
    4713
    5802
    7328
    9129
   11023
   12866
   14492
   15739
   16524
   16742
   16339
   15400
   14035
   12357
   10494
    8630
    6910
    5505
    4547
    4129
    4314
    5101
    6452
    8200
   10179
   12150
   13834
   15040
   15654
   15577
   14822
   13558
   11911
   10077
    8290
    6721
    5545
    4890
    4844
    5399
    6513
    8099
    9962
   11920
   13807
   15427
   16580
   17191
   17210
   16608
   15411
   13683
   11493
    9072
    6658
    4514
    2873
    1873
    1628
    2229
    3658
    5760
    8245
   10915
   13577
   16204
   18647
   20410
   20804
   19820
   18082
   15556
   12741
   10192
    8093
    5558
    2379
     822
     638
     952
    2028
    3808
    5531
    7345
    9371
   11484
   13431
   14979
   16008
   16433
   16515
   16326
   15625
   14325
   12514
   10531
    8638
    6955
    5656
    4873
    4632
    5021
    6252
    7899
    9375
   10869
   12652
   14432
   15783
   16615
   17047
   16943
   16044
   14474
   12586
   10559
    8356
    6187
    4154
    2584
    1847
    1974
    2898
    4576
    6813
    9238
   11598
   13634
   15264
   16363
   16693
   16341
   15522
   14295
   12735
   10968
    9013
    7697
    7223
    6752
    5880
    5232
    5765
    7423
    9669
   12077
   14588
   17067
   18812
   19362
   19047
   17994
   16304
   14027
   11294
    8525
    5998
    3975
    2642
    2067
    2319
    3332
    5058
    7389
   10004
   12534
   14864
   16673
   17022
   15529
   10972
    3399
   -5602
  -14711
  -22975
  -29524
  -33703
  -35042
  -33479
  -29145
  -22356
  -13549
   -3563
    6657
   16227
   24198
   30008
   32669
   32577
   29426
   21885
   12093
    1208
   -9804
  -19914
  -28152
  -33717
  -36073
  -35049
  -30660
  -22319
  -11431
     -99
   10758
   20127
   27071
   31008
   31568
   28678
   22642
   14038
    3676
   -7386
  -18094
  -27394
  -34379
  -38381
  -39005
  -36194
  -30220
  -21695
  -11426
    -374
   10361
   19748
   26936
   31246
   32272
   29959
   24595
   16728
    7174
   -3099
  -13063
  -21732
  -28240
  -31961
  -32522
  -29885
  -24333
  -16396
   -6884
    3248
   13032
   21498
   27779
   31261
   31623
   28811
   23102
   15054
    5447
   -4839
  -14801
  -23506
  -30115
  -34017
  -34843
  -32573
  -27468
  -20030
  -11012
   -1332
    8052
   16234
   22419
   26037
   26732
   24472
   19522
   12375
    3740
   -5492
  -14399
  -22097
  -27797
  -30947
  -31224
  -28598
  -23295
  -15819
   -6904
    2589
   11738
   19678
   25638
   29059
   29641
   27325
   22378
   15284
    6747
   -2395
  -11249
  -18977
  -24873
  -28360
  -29102
  -27047
  -22466
  -15875
   -7947
     556
    9558
   23338
   42594
   62406
   79267
   90824
   95590
   92854
   82634
   65812
   44034
   19395
   -5720
  -28888
  -47941
  -61027
  -66955
  -65233
  -56064
  -40414
  -19888
    3499
   27476
   49661
   67907
   80527
   86342
   84849
   76278
   61519
   42087
   19972
   -2631
  -23478
  -40497
  -52035
  -56946
  -54727
  -45619
  -30560
  -11018
   11099
   33605
   54276
   71085
   82377
   87034
   84626
   75371
   60131
   40392
   18044
   -4775
  -25829
  -43135
  -55096
  -60594
  -59186
  -51085
  -37155
  -18861
    1875
   22883
   42033
   57442
   67640
   71696
   69299
   60787
   47070
   29572
   10102
   -9389
  -26940
  -40761
  -49497
  -52246
  -48693
  -39206
  -24686
   -6514
   13532
   33477
   51436
   65694
   74882
   78164
   75297
   66619
   53018
   35869
   16876
   -2124
  -19266
  -32911
  -41816
  -45147
  -42631
  -34623
  -21963
   -5905
   11884
   29620
   45519
   57966
   65719
   67967
   64471
   55551
   42106
   25490
    7289
  -10706
  -26777
  -39395
  -47328
  -49815
  -46666
  -38218
  -25288
   -9103
    8730
   26459
   42425
   55151
   63461
   66603
   64341
   56990
   45368
   30671
   14414
   -1776
  -16329
  -27783
  -34978
  -37230
  -34305
  -26491
  -14601
     191
   16431
   32478
   46742
   57796
   64578
   66433
   63167
   55071
   42940
   27933
   11491
   -4800
  -19376
  -30864
  -38204
  -40751
  -38322
  -31218
  -20171
   -6314
    8971
   24198
   37815
   48498
   55224
   57350
   54707
   47601
   36774
   23300
    8543
   -6009
  -18912
  -28867
  -34857
  -36249
  -32851
  -24975
  -13381
     876
   16412
   31707
   45269
   55814
   62335
   64220
   61312
   53911
   42723
   28843
   13617
   -1438
  -14841
  -25337
  -31917
  -33949
  -31292
  -24258
  -13582
    -402
   13938
   27922
   40016
   48885
   53577
   53618
   49027
   40339
   28482
   14615
     162
  -13434
  -24846
  -32949
  -37001
  -36605
  -31774
  -22986
  -11073
    2792
   17271
   30962
   42577
   51100
   55717
   55943
   51798
   43778
   32701
   19752
    6293
   -6328
  -16791
  -24124
  -27624
  -26900
  -22001
  -13465
   -2230
   10560
   23623
   35718
   45707
   52531
   55499
   54338
   49208
   40603
   29324
   16396
    3104
   -9251
  -19560
  -26791
  -30256
  -29764
  -25539
  -18014
   -7931
    3626
   15640
   26940
   36446
   43287
   46709
   46306
   42156
   34630
   24423
   12547
     202
  -11341
  -20893
  -27461
  -30335
  -29153
  -24001
  -15365
   -4023
    8940
   22275
   34766
   45231
   52675
   56437
   56136
   51787
   43873
   33146
   20613
    7459
   -5105
  -15885
  -23803
  -28112
  -28447
  -24767
  -17501
   -7400
    4536
   17094
   29002
   39102
   46359
   50006
   49656
   45314
   37358
   26529
   13863
     576
  -11992
  -22611
  -30240
  -34152
  -34040
  -29997
  -22466
  -12212
    -215
   12441
   24607
   35149
   43131
   47882
   49010
   46496
   40670
   32170
   21909
   10930
     294
   -8948
  -15925
  -20046
  -20979
  -18637
  -13262
   -5402
    4224
   14685
   24931
   33982
   40966
   45186
   46218
   43934
   38537
   30555
   20758
   10042
    -539
   -9970
  -17407
  -22170
  -23818
  -22212
  -17519
  -10278
   -1250
    8668
   18437
   27077
   33763
   37877
   39156
   37600
   33315
   26497
   17717
    7952
   -1724
  -10317
  -16908
  -20774
  -21509
  -18978
  -13381
   -5235
    4673
   15393
   25918
   35241
   42505
   47022
   48324
   46313
   41222
   33566
   24096
   13727
    3399
