 -395710
 -383442
 -368146
 -350218
 -329658
 -306412
 -280791
 -253456
 -224437
 -193837
 -161988
 -129172
  -95571
  -61271
  -26891
    7008
   40492
   73394
  105174
  135612
  164759
  192433
  218191
  241882
  263472
  282751
  299438
  313592
  325245
  334216
  340481
  344179
  345145
  343303
  338767
  331569
  321845
  309761
  295277
  278451
  259616
  238807
  215980
  191489
  165746
  139086
  111826
   83919
   55518
   26895
   -2019
  -31016
  -59568
  -87336
 -113769
 -138812
 -162564
 -185977
 -210346
 -232277
 -248418
 -260391
 -268551
 -272421
 -273374
 -273311
 -274754
 -275340
 -271070
 -262777
 -251840
 -237307
 -220110
 -201298
 -181298
 -160174
 -138078
 -114454
  -88718
  -61977
  -35192
   -8589
   17298
   42493
   67116
   90890
  113769
  135452
  155469
  173807
  190501
  205378
  218267
  229325
  238599
  245654
  249936
  251541
  250268
  244326
  235431
  226885
  218766
  209023
  192286
  173812
  161138
  149948
  135490
  119235
  101717
   82429
   61691
   40450
   19048
   -2826
  -24780
  -46414
  -67573
  -88400
 -108608
 -127899
 -146217
 -163593
 -179706
 -194337
 -207546
 -219214
 -229092
 -237195
 -243651
 -248278
 -250964
 -251923
 -251477
 -249634
 -246355
 -241785
 -235687
 -227745
 -218281
 -207629
 -195934
 -182887
 -167520
 -150110
 -132342
 -114627
  -96750
  -78179
  -59208
  -40024
  -20547
    -903
   18502
   37449
   55596
   72935
   89614
  105430
  119904
  132852
  144447
  154646
  163165
  170055
  175324
  178752
  180339
  180284
  178569
  174940
  169582
  163164
  155576
  146455
  136118
  124548
  111536
   97267
   82021
   65926
   48861
   31157
   13226
   -4821
  -22909
  -40789
  -58322
  -75647
  -92687
 -109091
 -124699
 -139666
 -153807
 -166880
 -178794
 -189599
 -199181
 -207277
 -213858
 -218961
 -222328
 -223843
 -223787
 -222463
 -219872
 -215929
 -210886
 -204682
 -197245
 -188773
 -179361
 -168766
 -156893
 -144024
 -130254
 -115612
 -100321
  -84699
  -68705
  -52372
  -35942
  -19447
   -2923
   13259
   28730
   43495
   57475
   70423
   82419
   93562
  103783
  112688
  120165
  126439
  131613
  135561
  138215
  139672
  140025
  139336
  137482
  134159
  129312
  122881
  114984
  105886
   95402
   83503
   71038
   58162
   44270
   29236
   13323
   -2940
  -19087
  -34956
  -50258
  -64850
  -78974
  -92700
 -105736
 -117907
 -129501
 -141146
 -153584
 -167727
 -180529
 -189927
 -197562
 -203758
 -207482
 -208023
 -205110
 -199519
 -192812
 -185628
 -177947
 -169774
 -160995
 -151432
 -141472
 -131363
 -120898
 -109629
  -97508
  -85057
  -72134
  -58879
  -45357
  -31730
  -18249
   -5176
    7566
   20042
   31863
   42948
   53454
   63457
   72384
   80121
   86917
   93075
   98725
  103260
  106492
  108313
  108792
  108133
  106368
  103511
   99789
   95120
   89228
   82377
   74740
   66155
   56752
   46788
   36368
   25490
   14071
    2421
   -9342
  -21282
  -33431
  -45523
  -57335
  -68919
  -80382
  -91437
 -101813
 -111574
 -120740
 -129146
 -136853
 -144056
 -150535
 -156248
 -160852
 -164442
 -168194
 -172721
 -176542
 -177251
 -174445
 -169560
 -163498
 -157041
 -150578
 -143721
 -136174
 -127896
 -119013
 -109528
  -99978
  -91255
  -82709
  -73334
  -62799
  -51023
  -37913
  -23633
   -9107
    4692
   17583
   29361
   40160
   50407
   59500
   67545
   74715
   80946
   86342
   90836
   94160
   96268
   97093
   96376
   93925
   90106
   85462
   80317
   75184
   70587
   65866
   60231
   53784
   46641
   38741
   29894
   20325
   10371
      99
  -10552
  -21313
  -31972
  -42669
  -53413
  -63951
  -74237
  -84279
  -93907
 -102974
 -111459
 -119423
 -126547
 -132727
 -138115
 -142911
 -146897
 -149870
 -152064
 -153548
 -154101
 -153669
 -152396
 -150208
 -147033
 -143073
 -138510
 -133145
 -126867
 -120000
 -112661
 -104837
  -96581
  -88160
  -79736
  -71278
  -64102
  -58532
  -51894
  -42333
  -30350
  -17473
   -4851
    6748
   17158
   26644
   35283
   42497
   47799
   51903
   55939
   59834
   63296
   66265
   68571
   70102
   70900
   70995
   70110
   68257
   65443
   61543
   56653
   51188
   45192
   38408
   31152
   23692
   15820
    7397
   -1201
   -9790
  -18576
  -27527
  -36511
  -45384
  -54142
  -62614
  -70697
  -78536
  -86156
  -93333
  -99977
 -106305
 -112247
 -117580
 -122239
 -126324
 -129640
 -132094
 -133852
 -134869
 -134965
 -134039
 -132279
 -129662
 -125902
 -120990
 -115088
 -108687
 -102022
  -95442
  -88960
  -82324
  -75513
  -68887
  -62391
  -55495
  -48059
  -40411
  -32660
  -24881
  -17446
  -10273
   -3203
    3363
    9326
   15098
   20731
   25853
   30280
   33839
   35865
   36534
   36996
   37202
   36796
   35914
   34996
   34199
   33078
   31351
   29104
   26272
   22712
   18605
   14128
    9363
    4424
    -678
   -6027
  -11872
  -18044
  -24293
  -30626
  -37126
  -43543
  -49739
  -55884
  -61997
  -67861
  -73421
  -78821
  -83881
  -88411
  -92525
  -96370
  -99746
 -102548
 -104900
 -106862
 -108195
 -108803
 -108927
 -108530
 -107520
 -106010
 -104077
 -101736
  -99247
  -96519
  -93074
  -89824
  -86932
  -83201
  -78922
  -74203
  -68720
  -62496
  -55666
  -48732
  -42165
  -36090
  -30394
  -24916
  -19515
  -14181
   -8674
   -3346
    1475
    5999
   10397
   14433
   17943
   20966
   23459
   25248
   26343
   26766
   26509
   25384
   24516
   25154
   26219
   26199
   24859
   22160
   18560
   14513
   10083
    5168
     -14
   -5247
  -10700
  -16395
  -22049
  -27651
  -33375
  -39144
  -44884
  -50745
  -56612
  -62391
  -68254
  -74051
  -79476
  -84649
  -89580
  -93542
  -96348
  -98888
 -102093
 -105203
 -107083
 -107691
 -109220
 -111011
 -111721
 -110213
 -106831
 -103686
 -101042
  -99304
  -97968
  -96968
  -95779
  -93724
  -91436
  -87779
  -81634
  -72411
  -65315
  -61791
  -57809
  -52512
  -46026
  -37961
  -29003
  -20090
  -12009
   -5382
     400
    6461
   12484
   17963
   22869
   27174
   30673
   33547
   35889
   37501
   38389
   38718
   38492
   37480
   35853
   33487
   30451
   26683
   22383
   17826
   13657
    9352
    4285
   -1377
   -7030
  -12579
  -18512
  -25423
  -33109
  -41427
  -49933
  -57206
  -62303
  -65331
  -67914
  -71194
  -75685
  -80860
  -85685
  -90132
  -93957
  -96868
  -98811
  -99763
 -101505
 -106649
 -112077
 -114685
 -114518
 -112569
 -110090
 -107041
 -103365
  -99256
  -94945
  -90414
  -85558
  -80044
  -72912
  -64296
  -55548
  -46719
  -38283
  -29673
  -21985
  -16123
  -11451
   -8378
   -5781
   -2700
    2350
    8725
   14309
   19336
   25609
   32673
   38494
   42118
   43905
   44625
   44289
   42734
   40573
   38098
   35240
   32074
   28487
   24463
   20144
   15370
   10120
    4581
   -1351
   -7688
  -14229
  -21019
  -28226
  -35670
  -43145
  -50559
  -57826
  -64560
  -70588
  -75955
  -80586
  -84543
  -88041
  -91401
  -94454
  -97160
  -99757
 -102109
 -104091
 -105826
 -107319
 -108284
 -108586
 -108486
 -107930
 -106820
 -105307
 -103624
 -101578
  -99035
  -96119
  -92918
  -89363
  -85307
  -80802
  -75960
  -70965
  -66005
  -61660
  -57789
  -53686
  -49270
  -45554
  -43757
  -42872
  -40507
  -37153
  -33343
  -27701
  -21233
  -15268
   -8550
   -2186
    1654
    3692
    6188
    9416
   12720
   15600
   17934
   19627
   20427
   20689
   20714
   20603
   19883
   18658
   17010
   15210
   13309
   10960
    7883
    3542
   -1924
   -7639
  -13070
  -17821
  -22291
  -28003
  -35217
  -42247
  -47317
  -51265
  -56068
  -61741
  -67545
  -72912
  -78207
  -83239
  -87568
  -91248
  -94472
  -97286
  -99471
 -101015
 -102180
 -103019
 -103265
 -103023
 -102704
 -102207
 -100886
  -98901
  -96585
  -93857
  -90586
  -86739
  -82241
  -77439
  -72640
  -68041
  -63446
  -58539
  -53443
  -48293
  -42978
  -37572
  -32398
  -27536
  -22737
  -17993
  -13495
   -9170
   -4984
   -1031
    2339
    5286
    8086
   10533
   12511
   14133
   15228
   15620
   15536
   14631
   13063
   11384
    9634
    7399
    4396
     948
   -2469
   -5972
   -9800
  -14105
  -18629
  -23543
  -29497
  -35850
  -41666
  -47989
  -54849
  -61681
  -68226
  -74274
  -79636
  -83746
  -86388
  -88133
  -89350
  -91289
  -93253
  -94674
  -95084
  -93487
  -91456
  -88865
  -86402
  -84472
  -82679
  -80682
  -78083
  -74859
  -71423
  -67766
  -63603
  -59065
  -54509
  -49963
  -45351
  -40803
  -36459
  -32196
  -27989
  -24045
  -20416
  -16932
  -13580
  -10627
   -7921
   -5289
   -2942
   -1123
     335
    1367
    1190
    -479
   -3678
   -7504
  -11546
  -15148
  -17090
  -19115
  -22697
  -27064
  -30382
  -30563
  -29760
  -30485
  -31434
  -32303
  -33505
  -35010
  -36649
  -37867
  -38557
  -39136
  -40015
  -41532
  -43379
  -45207
  -47171
  -49251
  -51158
  -52923
  -55077
  -57453
  -59708
  -63928
  -74155
  -86399
  -93903
  -95793
  -94240
  -92006
  -89944
  -88198
  -86363
  -84236
  -81745
  -79124
  -76298
  -73074
  -69671
  -66245
  -62612
  -58686
  -54675
  -50700
  -46738
  -42290
  -38010
  -35146
  -32802
  -29800
  -25495
  -20877
  -17071
  -13501
   -9785
   -6378
   -3918
   -1989
    -100
    1817
    3495
    4643
    5161
    4959
    4161
    3158
    2018
     456
   -1587
   -3950
   -6571
   -9564
  -12913
  -16460
  -19921
  -23940
  -28842
  -33675
  -38339
  -43440
  -48887
  -53752
  -58058
  -62259
  -66261
  -69664
  -72997
  -76365
  -79410
  -82004
  -84231
  -86050
  -87395
  -88432
  -89305
  -89845
  -89937
  -89639
  -88994
  -87861
  -86241
  -84474
  -82499
  -80082
  -77251
  -74393
  -71455
  -68245
  -64785
  -61300
  -57651
  -53695
  -49515
  -45181
  -40471
  -36196
  -33177
  -30695
  -28855
  -27829
  -26476
  -23593
  -18645
  -13095
   -8078
   -4989
   -4058
   -4824
   -6038
   -6853
   -7464
   -8402
  -10563
  -11755
   -9550
   -6079
   -3778
   -2500
   -1908
   -1521
   -1780
   -2882
   -4694
   -6917
   -9753
  -13099
  -16793
  -20799
  -25350
  -30062
  -34379
  -38301
  -42172
  -46093
  -50114
  -54562
  -59286
  -64074
  -68717
  -73084
  -76934
  -80304
  -83432
  -86182
  -88420
  -90291
  -92003
  -93117
  -93790
  -94275
  -94554
  -94402
  -93047
  -91270
  -90087
  -88993
  -87140
  -84346
  -80988
  -77439
  -73585
  -69265
  -64827
  -60931
  -56933
  -52588
  -47579
  -41793
  -35953
  -30766
  -25747
  -21428
  -19658
  -19018
  -15714
  -12175
  -12706
  -14674
  -13692
  -11599
   -9745
   -7623
   -5080
   -1345
    3047
    6743
    9158
   10829
   11986
   12909
   13144
   12116
    9917
    6884
    3103
   -1437
   -6073
  -10382
  -14732
  -19643
  -24882
  -30204
  -35566
  -40777
  -45874
  -51014
  -56005
  -60707
  -65277
  -69820
  -74138
  -78124
  -81725
  -84786
  -87459
  -89882
  -92231
  -94543
  -96614
  -98533
 -100288
 -101275
 -101401
 -101064
 -100329
  -98675
  -96181
  -93554
  -91154
  -88825
  -87211
  -86717
  -85714
  -83550
  -80213
  -75688
  -69958
  -63328
  -56477
  -50009
  -43811
  -37726
  -31973
  -26461
  -21065
  -15821
  -10643
   -5345
     639
    6506
   10519
   11648
    8127
    2727
      81
      38
     527
     640
    1768
    4685
    8092
   10965
   13058
   14252
   14360
   13240
   11302
    8963
    6075
    2493
   -1503
   -5676
  -10057
  -14836
  -19830
  -24823
  -29927
  -35330
  -40783
  -46092
  -51337
  -56703
  -61943
  -66815
  -71430
  -75937
  -80125
  -83802
  -87184
  -90305
  -92975
  -95144
  -97065
  -98685
  -99791
 -100418
 -100762
 -100565
  -99709
  -98228
  -96079
  -93518
  -91130
  -89579
  -89360
  -90393
  -90606
  -89157
  -86540
  -83177
  -79024
  -73439
  -66614
  -59164
  -50874
  -42378
  -34360
  -27140
  -20663
  -14767
   -9433
   -4542
      75
    3853
    6186
    5988
    2945
     -62
    -563
     504
    2467
    5312
    9054
   13174
   16854
   19353
   20259
   19744
   17916
   14290
    6722
   -3822
  -12927
  -21559
  -29649
  -37388
  -42431
  -44009
  -44852
  -46622
  -49975
  -55250
  -60467
  -65778
  -69580
  -70216
  -69771
  -69902
  -70829
  -72875
  -75620
  -78373
  -80448
  -82243
  -84255
  -86005
  -86401
  -85591
  -84589
  -83333
  -81217
  -77265
  -71536
  -65058
  -59062
  -54177
  -50370
  -47234
  -45045
  -43835
  -42880
  -41963
  -41192
  -40562
  -39797
  -38451
  -36680
  -34959
  -33161
  -31124
  -29142
  -27407
  -25675
  -23912
  -22384
  -21135
  -19909
  -18370
  -16950
  -15903
  -15145
  -14707
  -14530
  -14367
  -14211
  -14567
  -15715
  -17207
  -18647
  -19971
  -21411
  -22728
  -23947
  -25608
  -28166
  -31127
  -33635
  -35993
  -38623
  -41507
  -44061
  -46260
  -48520
  -50988
  -53372
  -55366
  -56961
  -57998
  -58277
  -57773
  -56541
  -55139
  -54400
  -54295
  -54288
  -53655
  -51147
  -48180
  -46499
  -45471
  -44288
  -42104
  -39576
  -37022
  -35236
  -33932
  -32621
  -31345
  -29990
  -28125
  -25414
  -21941
  -17768
  -12956
   -7761
   -2344
    3271
    8978
   14324
   19708
   25967
   34007
   44408
   55903
   67427
   78566
   89001
   99028
  108193
  115427
  120109
  122115
  121149
  117113
  110606
  105164
  103760
  105819
  108891
  111729
  115865
  122274
  128147
  130855
  131867
  131997
  131522
  130678
  129027
  126182
  122478
  118205
  113305
  107991
  102522
   96738
   90550
   83973
   76895
   69254
   61079
   52503
   43657
   35142
   26614
   17305
    7742
   -1438
  -10684
  -20921
  -31963
  -44035
  -57716
  -72142
  -86215
  -99726
 -111206
 -119571
 -125462
 -128435
 -128568
 -126359
 -122650
