  184831
  471039
  676351
  792063
  819199
  764927
  641023
  464383
  252415
   21503
 -213503
 -437247
 -636927
 -799743
 -917503
 -983551
 -996863
 -962047
 -881151
 -764415
 -619519
 -459263
 -295423
 -139263
   -2047
  108031
  184319
  224255
  227327
  198143
  140799
   60927
  -31743
 -131583
 -231423
 -327167
 -411647
 -481791
 -532991
 -564223
 -574463
 -564223
 -535039
 -490495
 -433663
 -369151
 -301567
 -236031
 -176639
 -127999
  -91647
  -69631
  -63487
  -71167
  -92159
 -122879
 -161791
 -205823
 -250367
 -292863
 -330239
 -361471
 -383999
 -396287
 -399359
 -392703
 -377343
 -355327
 -328191
 -297983
 -268799
 -239615
 -215039
 -195583
 -184319
 -179199
 -180735
 -187903
 -200191
 -215551
 -232959
 -250367
 -267263
 -283135
 -296447
 -306687
 -313343
 -316415
 -316415
 -312319
 -305151
 -294911
 -283647
 -271871
 -259071
 -247807
 -238591
 -230911
 -226303
 -223231
 -223231
 -225791
 -229887
 -236031
 -242175
 -249855
 -257023
 -264191
 -268799
 -273407
 -276479
 -277503
 -276479
 -274943
 -271359
 -267263
 -263167
 -258047
 -253951
 -249855
 -247295
 -245247
 -243711
 -244223
 -245247
 -246783
 -249343
 -252415
 -256511
 -259583
 -262143
 -263679
 -264703
 -265215
 -264191
 -263167
 -262655
 -261119
 -259071
 -256511
 -254463
 -252927
 -251391
 -249855
 -249343
 -248831
 -247807
 -246271
 -245759
 -247295
 -249855
 -251391
 -250367
 -252415
 -255487
 -260607
 -265215
 -269823
 -272383
 -273919
 -272895
 -271871
 -270847
 -268799
 -266239
 -263167
 -260607
 -258559
 -256511
 -255487
 -255487
 -255999
 -257023
 -259071
 -261119
 -262143
 -263167
 -264191
 -264191
 -263679
 -263167
 -261119
 -260095
 -258559
 -256511
 -254975
 -252927
 -252415
 -250879
 -250367
 -250367
 -251903
 -253439
 -256511
 -258047
 -261631
 -265215
 -267263
 -269823
 -271359
 -272895
 -273407
 -272383
 -270335
 -268287
 -266239
 -263167
 -260095
 -258047
 -256511
 -254463
 -252415
 -252415
 -251903
 -252415
 -252415
 -253951
 -255487
 -256511
 -256511
 -256511
 -256511
 -257023
 -256511
 -255999
 -256511
 -255999
 -255999
 -256511
 -256511
 -258047
 -259071
 -259071
 -260095
 -261119
 -262143
 -263167
 -263167
 -264191
 -265215
 -266239
 -265727
 -265215
 -264191
 -263679
 -262143
 -261119
 -259583
 -259071
 -259071
 -258559
 -258047
 -259071
 -260095
 -261119
 -262143
 -262655
 -263167
 -264191
 -263679
 -263679
 -263167
 -263167
 -262655
 -261631
 -261119
 -260095
 -259071
 -258559
 -259071
 -258559
 -260095
 -261119
 -262143
 -264191
 -264191
 -265215
 -265727
 -265727
 -264703
 -263167
 -262143
 -260607
 -259583
 -257535
 -257023
 -256511
 -256511
 -257023
 -258047
 -259071
 -261119
 -262143
 -263167
 -267775
 -280575
 -294399
 -305151
 -309759
 -308735
 -303103
 -292863
 -277503
 -259071
 -239103
 -218623
 -199167
 -182271
 -169471
 -162303
 -159231
 -160767
 -166911
 -177151
 -189951
 -204287
 -219135
 -234495
 -248319
 -261631
 -271871
 -280063
 -285695
 -288767
 -288255
 -285183
 -278527
 -271359
 -263167
 -254463
 -245759
 -237567
 -230911
 -225791
 -223231
 -222207
 -223231
 -226815
 -231423
 -237055
 -242687
 -249343
 -255487
 -260095
 -264703
 -267775
 -269823
 -270335
 -269823
 -267775
 -265215
 -261631
 -258047
 -254975
 -251391
 -247807
 -245759
 -244735
 -244223
 -245247
 -246271
 -247807
 -250367
 -252927
 -255487
 -258047
 -260095
 -262655
 -264191
 -264703
 -265215
 -265215
 -264191
 -263167
 -261119
 -260095
 -258047
 -256511
 -255487
 -254463
 -253951
 -253951
 -253951
 -253951
 -254463
 -255487
 -255999
 -255487
 -255999
 -256511
 -257535
 -259071
 -260095
 -261119
 -262655
 -264191
 -264191
 -263679
 -263167
 -263167
 -262655
 -261631
 -261119
 -261119
 -260607
 -259583
 -258559
 -257535
 -257535
 -257535
 -256511
 -255999
 -255999
 -255487
 -255487
 -254463
 -254463
 -254463
 -255487
 -255999
 -255999
 -256511
 -257023
 -258047
 -258047
 -259071
 -261119
 -264191
 -266239
 -269311
 -270847
 -272895
 -273407
 -272895
 -271359
 -269311
 -266751
 -263679
 -260095
 -258047
 -255487
 -253439
 -251391
 -249855
 -249343
 -248831
 -249343
 -250367
 -251391
 -253439
 -255999
 -258047
 -260607
 -263679
 -266239
 -267775
 -268799
 -269823
 -270335
 -270847
 -270847
 -269823
 -268287
 -267263
 -264703
 -262143
 -260095
 -259071
 -259071
 -258559
 -258047
 -259071
 -259583
 -260095
 -260095
 -260095
 -260607
 -261119
 -261631
 -263167
 -264191
 -265215
 -265215
 -266239
 -266239
 -266751
 -266751
 -266239
 -265727
 -265215
 -263679
 -262143
 -260607
 -260095
 -259583
 -259071
 -259071
 -259071
 -259071
 -259071
 -259071
 -259071
 -259583
 -259583
 -260095
 -261119
 -261631
 -261631
 -261631
 -261631
 -261119
 -261119
 -261119
 -260095
 -259583
 -259583
 -259071
 -258559
 -257535
 -258047
 -257535
 -257535
 -258047
 -259071
 -260095
 -261119
 -262143
 -263679
 -265215
 -266239
 -266751
 -266751
 -267263
 -267775
 -267263
 -266751
 -266239
 -266239
 -266239
 -265215
 -264191
 -263167
 -263167
 -262143
 -261631
 -260607
 -260095
 -260607
 -260607
 -260607
 -260607
 -260095
 -260095
 -260095
 -260095
 -260095
 -261631
 -263167
 -265215
 -267263
 -269823
 -271871
 -273919
 -275455
 -276479
 -276479
 -276991
 -276479
 -274943
 -272895
 -269823
 -267263
 -265215
 -262655
 -261631
 -261631
 -262143
 -262655
 -262655
 -262655
 -262655
 -262143
 -261119
 -260607
 -259583
 -259071
 -258559
 -258559
 -259071
 -260095
 -261119
 -263167
 -265727
 -267775
 -269823
 -270847
 -271871
 -272895
 -273407
 -273407
 -272383
 -271871
 -269311
 -267263
 -265215
 -262655
 -260607
 -259071
 -257023
 -255999
 -254975
 -254463
 -254463
 -254463
 -254975
 -256511
 -258559
 -260607
 -262655
 -264191
 -266239
 -267775
 -269823
 -271871
 -273919
 -275455
 -275967
 -276479
 -275967
 -275455
 -274431
 -272383
 -270847
 -269311
 -267263
 -265727
 -264703
 -264191
 -264191
 -264191
 -264191
 -265727
 -266751
 -267775
 -268799
 -269823
 -270847
 -271871
 -272383
 -272895
 -273407
 -273407
 -272895
 -272383
 -270847
 -269823
 -267775
 -266751
 -265215
 -264703
 -263679
 -264191
 -264703
 -266239
 -266751
 -268287
 -269823
 -270847
 -272895
 -272895
 -272895
 -273407
 -272895
 -271871
 -270335
 -268799
 -267263
 -265727
 -263679
 -262143
 -261119
 -260607
 -261119
 -261631
 -262655
 -263679
 -264191
 -264703
 -265215
 -266239
 -267263
 -268287
 -269823
 -271871
 -273919
 -276479
 -279039
 -282623
 -285695
 -287231
 -287743
 -286207
 -284671
 -281599
 -277503
 -273407
 -268799
 -265215
 -261631
 -257535
 -255487
 -253439
 -253951
 -254463
 -256511
 -259071
 -262655
 -266239
 -270335
 -274943
 -280063
 -284671
 -288255
 -290303
 -292863
 -292351
 -291327
 -289279
 -286207
 -282623
 -278527
 -274431
 -269823
 -266751
 -263167
 -260095
 -258047
 -257535
 -257023
 -257535
 -258559
 -260095
 -262143
 -264191
 -266751
 -268287
 -269823
 -272383
 -275455
 -278527
 -280575
 -282623
 -284159
 -285695
 -285695
 -285695
 -284671
 -283647
 -282623
 -280575
 -278527
 -275455
 -272383
 -269823
 -266751
 -264703
 -263167
 -262143
 -261119
 -260607
 -260607
 -262143
 -263679
 -265727
 -267775
 -269823
 -271871
 -274943
 -276479
 -278015
 -279039
 -279551
 -279551
 -278527
 -278015
 -276991
 -275967
 -273919
 -271871
 -269823
 -267775
 -265727
 -264191
 -263679
 -263167
 -264191
 -265215
 -266751
 -269823
 -271871
 -274431
 -276479
 -278527
 -280575
 -282623
 -283647
 -283647
 -284159
 -283647
 -283135
 -281599
 -280063
 -278527
 -276991
 -275967
 -275967
 -275455
 -275967
 -275967
 -275455
 -275967
 -276991
 -276479
 -276479
 -275455
 -274943
 -274431
 -273919
 -272895
 -272895
 -272383
 -271871
 -271871
 -272383
 -272895
 -273407
 -274943
 -275967
 -275967
 -276479
 -276991
 -277503
 -277503
 -277503
 -277503
 -278015
 -277503
 -276479
 -275967
 -275967
 -275455
 -274431
 -273407
 -272895
 -272383
 -271871
 -271871
 -272383
 -272895
 -272895
 -273407
 -273407
 -273919
 -273407
 -272895
 -272895
 -272895
 -272895
 -272895
 -273407
 -274431
 -275967
 -276479
 -278015
 -279039
 -280063
 -280063
 -280063
 -280063
 -279039
 -278015
 -275967
 -274943
 -274431
 -273919
 -273919
 -273407
 -273407
 -273919
 -273407
 -273407
 -272895
 -272895
 -272895
 -272895
 -273407
 -272895
 -272895
 -273407
 -273407
 -272895
 -272895
 -272383
 -271871
 -272895
 -273407
 -273919
 -275967
 -276479
 -277503
 -278015
 -278527
 -279551
 -279551
 -279551
 -279551
 -278527
 -278015
 -277503
 -276991
 -275967
 -275967
 -275967
 -275967
 -275967
 -275455
 -275967
 -276991
 -277503
 -277503
 -276991
 -276479
 -276479
 -276991
 -277503
 -277503
 -277503
 -278015
 -278527
 -276479
 -275967
 -275967
 -277503
 -278527
 -279551
 -281599
 -283647
 -285695
 -286207
 -286207
 -286207
 -286207
 -285695
 -285695
 -284159
 -282623
 -280575
 -276479
 -272383
 -267775
 -263167
 -260095
 -257535
 -257023
 -256511
 -256511
 -256511
 -256511
 -256511
 -256511
 -253439
 -248319
 -240639
 -228863
 -214015
 -197119
 -177663
 -158719
 -140287
 -123903
 -109567
  -99327
  -92159
  -89599
  -91135
  -95743
 -103423
 -115199
 -130559
 -147455
 -165375
 -184319
 -203775
 -222719
 -240639
 -255999
 -268799
 -280063
 -288255
 -291327
 -291327
 -288255
 -282623
 -275967
 -266751
 -257023
 -246783
 -238079
 -230911
 -226303
 -223231
 -222207
 -224255
 -227839
 -231935
 -237567
 -243711
 -250367
 -257023
 -264191
 -268799
 -272895
 -275455
 -275967
 -274943
 -272895
 -267775
 -263167
 -259583
 -255999
 -252415
 -249343
 -247295
 -246271
 -247295
 -247807
 -249343
 -252415
 -255487
 -259071
 -261631
 -264703
 -267775
 -270847
 -272383
 -272895
 -273407
 -273407
 -272895
 -271871
 -269311
 -266751
 -264703
 -263167
 -262143
 -262143
 -261631
 -262143
 -262655
 -264191
 -265215
 -266239
 -268287
 -269311
 -270335
 -268287
 -265727
 -263679
 -262655
 -262143
 -262143
 -264191
 -263679
 -248831
 -239103
 -236031
 -237055
 -242687
 -250367
 -259071
 -268799
 -278015
 -286719
 -292863
 -297471
 -300031
 -301567
 -300031
 -296959
 -291839
 -285695
 -280575
 -274943
 -269823
 -266239
 -263679
 -262655
 -262655
 -263679
 -265215
 -267775
 -271871
 -274943
 -278015
 -281087
 -283647
 -285183
 -286207
 -285695
 -286207
 -285183
 -283647
 -281599
 -280063
 -278015
 -275455
 -272895
 -271871
 -270847
 -270847
 -270335
 -271871
 -273919
 -275967
 -277503
 -279039
 -281087
 -282623
 -283647
 -283647
 -283647
 -283647
 -283647
 -282623
 -281599
 -280063
 -278527
 -278015
 -276991
 -275967
 -274943
 -273407
 -271871
 -269823
 -268799
 -268799
 -269823
 -270847
 -272895
 -275455
 -278527
 -281087
 -283135
 -285695
 -287231
 -288255
 -289279
 -288767
 -288767
 -287743
 -286207
 -284159
 -281599
 -280575
 -278527
 -276479
 -274943
 -273407
 -272895
 -272895
 -273919
 -274943
 -276991
 -279551
 -281599
 -283647
 -286207
 -287231
 -289279
 -290303
 -290303
 -290303
 -289791
 -287231
 -286207
 -283647
 -281599
 -278527
 -275967
 -273919
 -272383
 -270847
 -270335
 -270847
 -271871
 -273919
 -275967
 -279039
 -282623
 -286207
 -289279
 -292351
 -294399
 -294911
 -294911
 -293375
 -292351
 -290815
 -289279
 -286207
 -284159
 -282623
 -280575
 -279551
 -278015
 -277503
 -276991
 -277503
 -278015
 -278527
 -279551
 -281087
 -282623
 -284159
 -286207
 -287231
 -289279
 -289791
 -290303
 -290815
 -290303
 -289279
 -287231
 -285183
 -283135
 -281087
 -278527
 -276991
 -275967
 -276479
 -276479
 -278527
 -280575
 -283647
 -287231
 -290303
 -292351
 -294399
 -295423
 -295423
 -294399
 -292863
 -290303
 -288255
 -285183
 -282623
 -279551
 -277503
 -275967
 -274431
 -273919
 -273919
 -274431
 -274943
 -276479
 -278015
 -280575
 -282623
 -284159
 -286207
 -289279
 -291839
 -293887
 -294911
 -295935
 -295935
 -295423
 -293375
 -290303
 -288255
 -286207
 -284159
 -282623
 -282111
 -283135
 -283647
 -284159
 -285183
 -286207
 -287231
 -288255
 -288767
 -289279
 -289791
 -290303
 -290303
 -290303
 -290303
 -290303
 -289279
 -289279
 -288255
 -288255
 -288255
 -287743
 -287231
 -288255
 -288255
 -289279
 -290303
 -292351
 -293375
 -294399
 -294911
 -295423
 -295423
 -293887
 -292351
 -290303
 -288255
 -286207
 -283647
 -281599
 -279551
 -278527
 -277503
 -277503
 -278015
 -278527
 -280575
 -281599
 -282623
 -284159
 -284671
 -285183
 -285695
 -285695
 -286207
 -286207
 -286719
 -286207
 -286719
 -287231
 -287231
 -287231
 -287743
 -287743
 -287231
 -286207
 -285695
 -284671
 -283647
 -282623
 -282111
 -281599
 -281599
 -281087
 -280575
 -280575
 -280063
 -280063
 -280575
 -280575
 -281599
 -282623
 -283135
 -282623
 -281599
 -279551
 -276991
 -274943
 -272895
 -270847
 -269823
 -269311
 -269823
 -270847
 -272383
 -274943
 -276991
 -280063
 -283135
 -285695
 -286207
 -287231
 -287231
 -286207
 -283647
 -280575
 -276991
 -272895
 -269311
 -265727
 -263167
 -260607
 -259583
 -259071
 -259071
 -260095
 -261119
 -264191
 -266239
 -267775
 -268287
 -266751
 -264191
 -259583
 -254975
 -250367
 -244735
 -239615
 -235007
 -231423
 -228863
 -226815
 -226303
 -226815
 -228863
 -230911
 -232959
 -234495
 -234495
 -230911
 -223743
 -212479
 -195071
 -170495
 -138751
 -102399
  -61439
  -18943
   23551
   62975
   95231
  118271
  128511
  127487
  113663
   88575
   53247
   10239
  -37375
  -86527
 -135679
 -182783
 -223743
 -258047
 -292351
 -326655
 -356351
 -376319
 -387071
 -387583
 -379391
 -360959
 -334335
 -300543
 -262143
 -219135
 -174591
 -127999
  -82943
  -41471
   -5119
   22527
   40447
   50175
   52223
   46591
   33279
   15871
   -3071
  -20991
  -37375
  -51199
  -62463
  -69631
  -71167
  -67583
  -56319
  -38399
  -15359
    9727
   33791
   55807
   72703
   82431
   87551
   86015
   78847
   66047
   47615
   26111
    1535
  -22527
  -46079
  -66559
  -83967
  -93695
  -96255
  -93695
  -87551
  -79359
  -71679
  -64511
  -59903
  -56319
  -53759
  -51199
  -49663
  -47103
  -44031
  -40959
  -39423
  -36351
  -33791
  -30207
  -27135
  -22527
  -16895
   -9727
   -5631
   -3071
   -4607
   -8191
  -16895
  -27647
  -41983
  -59391
  -78847
 -100351
 -121343
 -141311
 -159743
 -174591
 -184831
 -190463
 -190975
 -184319
 -173055
 -158719
 -143871
 -127999
 -113663
 -101375
  -93183
  -89599
  -89599
  -94719
 -104447
 -117247
 -132095
 -147967
 -164863
 -179711
 -191999
 -201215
 -207359
 -208895
 -207359
 -201727
 -191999
 -179199
 -165887
 -151551
 -138239
 -126975
 -118783
 -114175
 -112127
 -115199
 -119807
 -128511
 -137727
 -150015
 -161791
 -172031
 -178687
 -181247
 -176127
 -162815
 -142335
 -118783
  -94719
  -74239
  -58879
  -48127
  -41983
  -38911
  -38911
  -40959
  -43519
  -47615
  -53247
  -58879
  -62463
  -64511
  -66047
  -67071
  -68607
  -70143
  -72191
  -73215
  -75263
  -76799
  -79359
  -83967
  -88575
  -94719
 -100351
 -103935
 -103423
 -100863
  -98303
  -96767
  -94719
  -92671
  -90623
  -88063
  -86015
  -83455
  -82431
  -81407
  -80895
  -79871
  -78847
  -76799
  -75263
  -74239
  -74239
  -75263
  -75775
  -76287
  -76799
  -76287
  -76287
  -77311
  -79871
  -83455
  -88063
  -94207
  -98303
 -100863
 -100351
  -96767
  -88575
  -78335
  -64511
  -50175
  -36863
  -24575
  -14335
   -7167
   -4607
   -6143
  -11775
  -20991
  -34303
  -50175
  -67583
  -83967
  -99327
 -111103
 -118271
 -121343
 -118783
 -113151
 -104959
  -93695
  -81919
  -70655
  -60927
  -53759
  -49151
  -46591
  -48127
  -51711
  -57855
  -63999
  -69631
  -75263
  -79871
  -83967
  -86015
  -84479
  -78847
  -68607
  -53759
  -39423
  -27647
  -22015
  -22527
  -27647
  -37375
  -50687
  -66047
  -80895
  -96767
 -111615
 -126463
 -139263
 -150527
 -160767
 -168959
 -173567
 -174079
 -170495
 -161791
 -147455
 -126463
 -101375
  -72703
  -41983
  -12287
   15359
   39935
   59391
   72703
   79359
   77311
   68095
   51711
   31743
    7679
  -18431
  -43519
  -66559
  -86015
 -103423
 -116223
 -123903
 -127999
 -127999
 -124927
 -118271
 -109055
  -98815
  -88063
  -77823
  -68095
  -59903
  -53759
  -49663
  -47103
  -46591
  -48127
  -51711
  -55807
  -58367
  -59903
  -61951
  -66047
  -75263
  -90623
 -117759
 -153087
 -193023
 -231935
 -265727
 -290815
 -303103
 -302079
 -286207
 -258047
 -217087
 -164863
 -107007
  -48127
    8703
   59391
  101375
  131583
  149503
  155647
  149503
  132095
  105471
   71167
   33279
   -6143
  -45055
  -80383
 -112127
 -138751
 -158719
 -172031
 -177151
 -175103
 -166399
 -151551
 -133119
 -112639
  -92159
  -72703
  -55807
  -41471
  -32255
  -27647
  -28671
  -32767
  -42495
  -55295
  -70655
  -87039
 -103423
 -119295
 -133119
 -144383
 -152063
 -156159
 -157183
 -154111
 -147455
 -138239
 -126975
 -115199
 -102399
  -90111
  -80383
  -72191
  -66559
  -63487
  -63487
  -66559
  -72191
  -78847
  -88063
  -98815
 -111103
 -122367
 -133119
 -142335
 -147967
 -151039
 -150015
 -145919
 -138239
 -128511
 -117759
 -107519
  -97791
  -89087
  -81919
  -77311
  -74751
  -75263
  -77311
  -81919
  -88575
  -96767
 -105471
 -113151
 -121855
 -129535
 -134655
 -138751
 -140799
 -140799
 -138751
 -134655
 -129023
 -122879
 -116223
 -110079
 -102911
  -98303
  -94719
  -93183
  -92671
  -93695
  -95743
  -99327
 -103423
 -108543
 -114175
 -119295
 -124415
 -127487
 -129535
 -131583
 -132607
 -132095
 -130559
 -128511
 -126975
 -123903
 -119807
 -116223
 -113151
 -111103
 -109055
 -108031
 -108543
 -110079
 -112639
 -115199
 -119807
 -124927
 -131071
 -135679
 -139263
 -142335
 -144383
 -145407
 -144383
 -142847
 -140799
 -137727
 -134655
 -130559
 -127999
 -126463
 -125951
 -124927
 -124927
 -126975
 -128511
 -131583
 -134655
 -138751
 -144895
 -150527
 -155135
 -158719
 -161279
 -161791
 -161279
 -158719
 -155647
 -152063
 -147455
 -143359
 -139263
 -136703
 -134143
 -133119
 -132095
 -132095
 -133631
 -135167
 -136703
 -139263
 -141823
 -145407
 -147967
 -150015
 -152575
 -155647
 -157695
 -159743
 -161791
 -162815
 -164863
 -164351
 -164351
 -163327
 -161791
 -159231
 -157183
 -155135
 -153087
 -151039
 -150015
 -148991
 -148991
 -149503
 -150527
 -153087
 -155647
 -158719
 -162815
 -166911
 -171519
 -176127
 -179711
 -183295
 -185343
 -187391
 -186879
 -185343
 -182783
 -180223
 -176127
 -172031
 -168447
 -164863
 -161791
 -158719
 -157695
 -157183
 -157695
 -158207
 -160767
 -162815
 -166399
 -168959
 -173055
 -176127
 -179199
 -180735
 -180735
 -180223
 -178687
 -177663
 -176127
 -175103
 -175615
 -175103
 -175615
 -176639
 -177663
 -179199
 -179711
 -181247
 -182271
 -183295
 -183807
 -184319
 -185343
 -185343
 -184319
 -184319
 -183295
 -182271
 -181247
 -180223
 -179711
 -179199
 -179199
 -178175
 -179199
 -179199
 -180223
 -181247
 -183295
 -185343
 -187391
 -189439
 -190975
 -192511
 -194047
 -195071
 -195583
 -195583
 -196095
 -195071
 -193023
 -191487
 -189951
 -188415
 -187903
 -185855
 -185343
 -184831
 -185343
 -185855
 -186367
 -187903
 -190463
 -193023
 -196095
 -198655
 -201727
 -203775
 -205311
 -206335
 -207359
 -207359
 -206847
 -205823
 -205311
 -203775
 -202751
 -200703
 -199679
 -198655
 -198655
 -198655
 -199167
 -200703
 -201727
 -203775
 -204799
 -206335
 -207359
 -208383
 -208383
 -208895
 -209407
 -209919
 -209919
 -209407
 -208895
 -208383
 -207359
 -205823
 -205311
 -204799
 -204799
 -205311
 -205823
 -207359
 -208383
 -210431
 -211455
 -214015
 -215551
 -217087
 -217087
 -217087
 -217087
 -216575
 -214527
 -213503
 -211967
 -210943
 -209919
 -208383
 -206847
 -204799
 -203775
 -203263
 -203775
 -205823
 -207359
 -208383
 -206847
 -199679
 -187391
 -168959
 -145407
 -116223
  -84991
  -52735
  -22527
    2047
   20991
   32767
   37375
   35839
   28671
   16383
       0
  -22527
  -47103
  -71167
  -93695
 -112639
 -129023
 -141311
 -149503
 -153087
 -154111
 -151551
 -147455
 -142335
 -137727
 -132095
 -127487
 -124415
 -122879
 -123903
 -126463
 -132095
 -139263
 -147455
 -156159
 -164863
 -172543
 -179711
 -185343
 -189439
 -191999
 -191999
 -190975
 -188927
 -185343
 -179199
 -174079
 -168447
 -163327
 -159231
 -155135
 -153087
 -151039
 -150015
 -149503
 -150015
 -152063
 -155135
 -158207
 -162303
 -166399
 -171519
 -175615
 -179711
 -182271
 -184831
 -186367
 -186879
 -187391
 -186879
 -185343
 -183807
 -181247
 -179199
 -176127
 -173055
 -170495
 -168447
 -167935
 -166911
 -167423
 -168447
 -169471
 -170495
 -171519
 -174079
 -176639
 -179199
 -181247
 -182783
 -184319
 -184319
 -184831
 -184319
 -183295
 -182271
 -181759
 -180223
 -179199
 -179199
 -179199
 -179711
 -180735
 -181247
 -182271
 -182783
 -182783
 -183295
 -183295
 -183295
 -183295
 -183295
 -183295
 -183295
 -183295
 -183295
 -183807
 -184831
 -185855
 -186879
 -188415
 -189951
 -191999
 -193535
 -194559
 -195583
 -196095
 -197119
 -197119
 -196607
 -196095
 -196095
 -195583
 -194559
 -194047
 -194047
 -194047
 -193535
 -193023
 -193535
 -194559
 -195071
 -196095
 -197119
 -198143
 -199679
 -200703
 -201727
 -202239
 -203263
 -203775
 -204287
 -204287
 -204287
 -204799
 -204799
 -204799
 -204799
 -204799
 -205823
 -205823
 -204799
 -204799
 -205823
 -205823
 -206335
 -206847
 -207359
 -208383
 -209919
 -210431
 -211455
 -212479
 -213503
 -214015
 -214527
 -215551
 -216575
 -216575
 -216063
 -215551
 -215551
 -215551
 -214527
 -213503
 -211967
 -210943
 -210431
 -209407
 -209407
 -210431
 -211967
 -214527
 -216575
 -218623
 -220671
 -223231
 -224255
 -226303
 -227327
 -228863
 -229887
 -228863
 -227327
 -225791
 -223743
 -220671
 -218111
 -216063
 -214527
 -213503
 -214015
 -215551
 -217087
 -219647
 -222719
 -225279
 -227839
 -230911
 -232959
 -233983
 -235007
 -235519
 -235519
 -235007
 -235007
 -235007
 -235007
 -233983
 -233983
 -232959
 -231935
 -231935
 -230911
 -230911
 -230911
 -231935
 -232959
 -233983
 -235007
 -236543
 -237567
 -239615
 -240127
 -240127
 -240639
 -240127
 -240127
 -238591
 -237567
 -236543
 -236031
 -234495
 -232447
 -231935
 -230399
 -229887
 -228351
 -228351
 -229887
 -231935
 -234495
 -237567
 -240639
 -245759
 -248831
 -252415
 -254463
 -255487
 -256511
 -255999
 -254463
 -251391
 -249343
 -247295
 -244735
 -242175
 -240127
 -239103
 -238079
 -236543
 -236031
 -235519
 -235519
 -235519
 -235519
 -236031
 -237567
 -239103
 -240639
 -242175
 -244223
 -245759
 -247295
 -248319
 -249343
 -250367
 -251391
 -251391
 -251391
 -251903
 -251391
 -249855
 -248319
 -246783
 -245759
 -243199
 -240127
 -237567
 -236543
 -235519
 -235007
 -236031
 -237567
 -240127
 -242687
 -244735
 -246783
 -249343
 -251391
 -253439
 -254463
 -255487
 -256511
 -257535
 -258559
 -259071
 -260095
 -261119
 -260607
 -260095
 -260095
 -258047
 -256511
 -253439
 -250367
 -248831
 -246783
 -246271
 -245759
 -246271
 -247295
 -248831
 -250879
 -252927
 -255487
 -258047
 -260095
 -262143
 -263167
 -265215
 -266239
 -266239
 -266751
 -266239
 -265215
 -263679
 -261631
 -259071
 -257535
 -255999
 -254975
 -253951
 -254463
 -255487
 -257535
 -260095
 -262655
 -265727
 -267775
 -269311
 -269311
 -268799
 -267263
 -264703
 -262143
 -259071
 -256511
 -254463
 -252415
 -250367
 -249343
 -249343
 -249343
 -250367
 -251391
 -253439
 -255999
 -258559
 -260607
 -263167
 -266239
 -268287
 -269823
 -271359
 -272383
 -273407
 -273407
 -272383
 -271871
 -271359
 -270847
 -269823
 -268799
 -268287
 -267775
 -267775
 -268287
 -269311
 -270847
 -272383
 -272895
 -272895
 -272895
 -272383
 -270847
 -268287
 -265215
 -263167
 -261119
 -259583
 -259071
 -258559
 -259071
 -261631
 -263167
 -265215
 -267263
 -269311
 -271359
 -272895
 -274431
 -275967
 -277503
 -277503
 -278015
 -278527
 -278015
 -276479
 -274943
 -272895
 -270847
 -268287
 -265215
 -263167
 -262143
 -261119
 -262143
 -263167
 -265215
 -268799
 -272383
 -275967
 -280063
 -283647
 -287231
 -289279
 -289791
 -289279
 -288767
 -287231
 -284671
 -282623
 -280063
 -278015
 -276479
 -273919
 -272383
 -270847
 -269823
 -269823
 -269823
 -270335
 -271359
 -272895
 -274431
 -275967
 -277503
 -279551
 -282623
 -283647
 -284671
 -285695
 -285695
 -285695
 -284159
 -282623
 -281087
 -279039
 -276479
 -274943
 -272895
 -272383
 -271871
 -271871
 -272383
 -273919
 -275455
 -276479
 -277503
 -279039
 -281087
 -282623
 -284159
 -285695
 -287231
 -288255
 -288255
 -288255
 -287743
 -287231
 -285695
 -284159
 -282623
 -280575
 -278527
 -275967
 -274431
 -272895
 -271359
 -270335
 -270335
 -271359
 -273407
 -276479
 -280063
 -284671
 -289279
 -293887
 -297471
 -300031
 -301567
 -302591
 -302079
 -300543
 -297471
 -294911
 -292351
 -289279
 -286207
 -283647
 -281599
 -279551
 -278527
 -277503
 -276991
 -277503
 -278015
 -278527
 -279551
 -281087
 -283135
 -284671
 -286207
 -288255
 -289279
 -290815
 -292351
 -292863
 -293375
 -293887
 -294399
 -294399
 -293375
 -292863
 -292351
 -291327
 -290303
 -288767
 -288255
 -287231
 -287231
 -286207
 -286207
 -287231
 -288255
 -288255
 -289279
 -290815
 -292351
 -293375
 -294399
 -294911
 -295423
 -295423
 -294911
 -294399
 -293887
 -293375
 -292351
 -290303
 -289279
 -287231
 -286207
 -284159
 -283135
 -282623
 -282623
 -282623
 -283647
 -284159
 -285695
 -286719
 -288255
 -289279
 -290303
 -291839
 -293375
 -294911
 -295935
 -296959
 -297983
 -299519
 -300031
 -300031
 -299519
 -299007
 -297983
 -295935
 -294399
 -292351
 -290303
 -288767
 -286719
 -284671
 -283647
 -282623
 -282623
 -282623
 -283135
 -285183
 -288255
 -292351
 -296959
 -302079
 -307199
 -312831
 -316415
 -318975
 -319487
 -319487
 -316927
 -313343
 -308223
 -303103
 -296447
 -290815
 -284671
 -278527
 -274943
 -271871
 -270847
 -269823
 -270847
 -273919
 -276991
 -281087
 -285695
 -291327
 -296447
 -301055
 -305151
 -307711
 -309759
 -310783
 -310783
 -309759
 -307711
 -305151
 -302591
 -299007
 -295935
 -293375
 -291327
 -289279
 -288767
 -288255
 -289279
 -290815
 -292351
 -295423
 -297983
 -301055
 -303615
 -305663
 -307711
 -309759
 -309247
 -308735
 -307711
 -306687
 -305151
 -303103
 -301055
 -299007
 -296447
 -295423
 -294399
 -294399
 -295423
 -295935
 -296447
 -297983
 -299007
 -300543
 -301567
 -302079
 -303615
 -304127
 -304127
 -304127
 -303615
 -302591
 -301055
 -299519
 -298495
 -296959
 -295935
 -295423
 -294911
 -294399
 -294399
 -294911
 -294911
 -296447
 -297983
 -300031
 -302079
 -303615
 -305663
 -307199
 -308735
 -309247
 -310783
 -312319
 -314879
 -317439
 -320511
 -323583
 -325119
 -325119
 -323583
 -322559
 -319999
 -317439
 -313855
 -310271
 -306687
 -304127
 -301567
 -299519
 -297983
 -297983
 -299007
 -300543
 -302079
 -303103
 -305151
 -305663
 -306175
 -306687
 -307199
 -307199
 -307711
 -307711
 -307199
 -307199
 -307199
 -306687
 -305663
 -305151
 -304127
 -303103
 -301567
 -299007
 -296959
 -295423
 -294399
 -292863
 -292351
 -293375
 -295423
 -297471
 -300031
 -303615
 -307199
 -310783
 -312831
 -314879
 -315391
 -315903
 -315391
 -313855
 -311807
 -309759
 -307199
 -304639
 -303103
 -302079
 -301055
 -300031
 -300543
 -301567
 -303103
 -305151
 -306175
 -307711
 -309759
 -310271
 -310783
 -310783
 -310783
 -310271
 -310271
 -309759
 -308735
 -307711
 -306687
 -305663
 -305151
 -305663
 -306175
 -308735
 -311807
 -316927
 -322047
 -326655
 -330751
 -333311
 -335359
 -334335
 -332287
 -329215
 -324607
 -319487
 -313855
 -308735
 -304127
 -300031
 -297471
 -295423
 -295423
 -295423
 -296959
 -299519
 -302591
 -306175
 -309759
 -312831
 -315391
 -318463
 -320511
 -322559
 -322047
 -321535
 -320511
 -317951
 -314879
 -311807
 -308735
 -305663
 -303615
 -301567
 -300031
 -300543
 -301055
 -303103
 -304639
 -307711
 -310783
 -313855
 -316415
 -319487
 -321023
 -322047
 -322559
 -321535
 -320511
 -318463
 -316415
 -313855
 -310783
 -308223
 -305663
 -304127
 -303103
 -303103
 -303103
 -304127
 -305663
 -307711
 -310783
 -313855
 -316927
 -318975
 -321535
 -322559
 -323583
 -323583
 -322047
 -321535
 -319487
 -317439
 -314879
 -312831
 -310783
 -309247
 -307711
 -305663
 -305663
 -305151
 -306175
 -307199
 -308223
 -309759
 -311807
 -312831
 -313343
 -313855
 -314367
 -314879
 -315391
 -315391
 -315903
 -316415
 -316927
 -316415
 -317439
 -318463
 -319487
 -318463
 -316927
 -313343
 -309759
 -306175
 -304639
 -305151
 -307711
 -311295
 -315391
 -320511
 -324095
 -327167
 -329215
 -328703
 -326143
 -318463
 -306687
 -290303
 -270335
 -247807
 -225279
 -205311
 -188415
 -174591
 -164863
 -161279
 -161791
 -167423
 -177151
 -189951
 -205823
 -224255
 -242687
 -261119
 -276991
 -291327
 -303615
 -312831
 -317951
 -319999
 -318463
 -313855
 -306687
 -297983
 -289279
 -280575
 -272895
 -265215
 -260607
 -258047
 -258047
 -259071
 -263167
 -268799
 -275967
 -283647
 -291839
 -299519
 -307711
 -313855
 -318463
 -321535
 -323583
 -323583
 -322559
 -318975
 -314367
 -309759
 -304639
 -298495
 -292863
 -287231
 -283647
 -280575
 -278527
 -278527
 -280063
 -283135
 -286207
 -290303
 -294911
 -300031
 -304127
 -307711
 -310271
 -312319
 -312831
 -313343
 -311807
 -309759
 -307199
 -304639
 -301567
 -299007
 -295935
 -293887
 -292351
 -292351
 -292351
 -292863
 -294399
 -296959
 -299519
 -301055
 -304127
 -306687
 -309759
 -311807
 -313855
 -315903
 -316927
 -318463
 -317951
 -317439
 -316415
 -315903
 -314879
 -313343
 -311807
 -310783
 -309247
 -307711
 -305663
 -304639
 -303103
 -302591
 -301567
 -301055
 -301055
 -302079
 -302591
 -303615
 -305663
 -306687
 -308223
 -309759
 -310271
 -311807
 -312831
 -313855
 -312831
 -310783
 -308735
 -307199
 -305663
 -304127
 -302591
 -300543
 -297983
 -295935
 -295935
 -296959
 -300543
 -304127
 -307711
 -310783
 -313855
 -316415
 -317439
 -318463
 -319999
 -321023
 -321535
 -321535
 -321023
 -320511
 -319487
 -318975
 -317439
 -316927
 -315903
 -314879
 -312831
 -311807
 -309759
 -308735
 -306687
 -305151
 -304639
 -303103
 -302591
 -302079
 -301055
 -301567
 -302591
 -303103
 -304127
 -305151
 -306175
 -307199
 -307711
 -307711
 -308223
 -307711
 -307711
 -306175
 -305663
 -305151
 -305151
 -305151
 -305663
 -307199
 -308735
 -310271
 -311807
 -312831
 -313855
 -315391
 -315903
 -316415
 -316415
 -316415
 -316415
 -316415
 -315391
 -314879
 -314879
 -313855
 -313855
 -313855
 -313343
 -313343
 -313855
 -313855
 -313855
 -314879
 -315391
 -316415
 -316415
 -316415
 -315903
 -316415
 -316415
 -315391
 -315391
 -314367
 -314367
 -314879
 -315391
 -317439
 -319487
 -321535
 -322559
 -323071
 -323071
 -322559
 -321535
 -320511
 -319487
 -317439
 -315903
 -314879
 -312831
 -311807
 -310271
 -308735
 -307711
 -306687
 -305663
 -305663
 -305151
 -305151
 -305151
 -305151
 -306687
 -309247
 -311295
 -313855
 -315391
 -316927
 -317951
 -317951
 -317951
 -317951
 -317439
 -317439
 -316415
 -315391
 -314879
 -314367
 -313855
 -312319
 -310783
 -309759
 -308735
 -307711
 -307199
 -306687
 -306687
 -307199
 -307199
 -307199
 -308735
 -309247
 -310783
 -311807
 -312831
 -314879
 -315903
 -316415
 -317439
 -318975
 -319487
 -319999
 -319999
 -319487
 -319487
 -321023
 -322047
 -323583
 -326143
 -328191
 -330751
 -332287
 -332799
 -332287
 -331775
 -329215
 -326143
 -321535
 -317439
 -312831
 -308735
 -305151
 -303103
 -301567
 -301567
 -302079
 -303615
 -306175
 -308735
 -310783
 -312831
 -314879
 -316415
 -318463
 -318463
 -319487
 -318463
 -318463
 -317951
 -317439
 -317439
 -317439
 -316927
 -316415
 -315903
 -315903
 -316415
 -317439
 -318975
 -320511
 -322047
 -323583
 -324095
 -323583
 -321535
 -316927
 -312319
 -307199
 -303103
 -299007
 -296447
 -295423
 -295423
 -296447
 -299007
 -302591
 -306687
 -311295
 -315391
 -319487
 -323071
 -326143
 -327679
 -328703
 -328703
 -327679
 -325631
 -322559
 -319487
 -316415
 -314367
 -311807
 -309759
 -308223
 -307199
 -307711
 -307711
 -308735
 -310783
 -312831
 -315391
 -316927
 -318463
 -320511
 -322047
 -323071
 -323071
 -322559
 -322047
 -320511
 -319487
 -317439
 -315903
 -314367
 -312831
 -311807
 -310783
 -311295
 -312831
 -313343
 -314879
 -316415
 -317951
 -319487
 -320511
 -320511
 -321535
 -321535
 -320511
 -319999
 -318975
 -318463
 -317439
 -316415
 -315391
 -314879
 -314879
 -314879
 -315903
 -316415
 -318463
 -319999
 -320511
 -321535
 -322047
 -322047
 -321023
 -319487
 -318463
 -317439
 -317439
 -317951
 -318975
 -320511
 -323583
 -326143
 -328191
 -329215
 -330239
 -330751
 -330239
 -328191
 -326143
 -324095
 -321535
 -318463
 -315391
 -313855
 -311807
 -310783
 -309759
 -309759
 -309759
 -310783
 -311807
 -312831
 -314879
 -316927
 -317439
 -318975
 -319999
 -321023
 -321535
 -321023
 -321535
 -321023
 -320511
 -319487
 -318975
 -317951
 -317439
 -316927
 -316415
 -316415
 -316415
 -316415
 -316415
 -316415
 -316415
 -316927
 -316415
 -316415
 -316927
 -316927
 -316415
 -316415
 -316415
 -317439
 -318463
 -319487
 -319999
 -321535
 -322559
 -323583
 -324607
 -324607
 -325119
 -325119
 -325119
 -323583
 -323583
 -322559
 -321023
 -319487
 -318463
 -317951
 -317439
 -316415
 -315903
 -315391
 -315903
 -315903
 -315903
 -315391
 -316415
 -316927
 -317951
 -318463
 -318463
 -319487
 -319487
 -319999
 -320511
 -322559
 -324095
 -325631
 -326143
 -327167
 -327167
 -327167
 -326143
 -325631
 -325631
 -325631
 -325631
 -326143
 -326143
 -326655
 -326143
 -326143
 -326143
 -325631
 -325119
 -323583
 -323071
 -322559
 -321535
 -321023
 -319999
 -319487
 -319487
 -318463
 -317439
 -317439
 -316415
 -315391
 -314879
 -314879
 -314879
 -314879
 -315391
 -315903
 -317439
 -318463
 -320511
 -321535
 -322047
 -323071
 -323583
 -323583
 -323583
 -323071
 -322559
 -322559
 -321535
 -319999
 -319487
 -318463
 -318463
 -318463
 -318463
 -319487
 -320511
 -322559
 -323583
 -325119
 -327679
 -329215
 -331263
 -332287
 -332799
 -332799
 -332287
 -330751
 -328703
 -326655
 -325119
 -323583
 -322047
 -321023
 -321023
 -321535
 -322047
 -322047
 -322559
 -322559
 -322559
 -322047
 -321535
 -321023
 -320511
 -320511
 -320511
 -319487
 -319487
 -319999
 -320511
 -321023
 -321023
 -321535
 -322559
 -323071
 -324095
 -324095
 -324607
 -325631
 -325631
 -325631
 -325631
 -325631
 -325631
 -325631
 -324607
 -323583
 -323583
 -322559
 -322047
 -321023
 -320511
 -320511
 -319999
 -320511
 -320511
 -321023
 -322047
 -322047
 -322559
 -323583
 -324607
 -325119
 -325119
 -325631
 -325119
 -324607
 -324607
 -323583
 -322559
 -322047
 -321535
 -320511
 -319999
 -319487
 -319487
 -319487
 -319487
 -319999
 -321023
 -322047
 -323071
 -324607
 -325631
 -327167
 -328191
 -328191
 -328191
 -328191
 -328191
 -329215
 -328703
 -328191
 -326655
 -325119
 -323583
 -321535
 -319487
 -318463
 -317439
 -316415
 -315903
 -316415
 -316927
 -318463
 -320511
 -321535
 -323583
 -324607
 -326143
 -327167
 -327679
 -328191
 -328191
 -328191
 -327167
 -326655
 -325631
 -324095
 -322559
 -321023
 -320511
 -321023
 -321535
 -321535
 -321535
 -322047
 -323071
 -324095
 -324607
 -325119
 -325631
 -325631
 -325631
 -325631
 -325631
 -325119
 -324607
 -325631
 -323583
 -320511
 -315903
 -312831
 -313855
 -318975
 -327679
 -337407
 -347647
 -357887
 -366591
 -373247
 -377855
 -379391
 -377343
 -372223
 -365055
 -356351
 -345599
 -334335
 -323583
 -312831
 -303615
 -295935
 -290303
 -286207
 -286207
 -287231
 -290815
 -295935
 -302079
 -308735
 -316415
 -323583
 -329215
 -335359
 -340479
 -344063
 -345599
 -345599
 -345087
 -342527
 -339455
 -335359
 -330751
 -326143
 -321535
 -317439
 -312831
 -309759
 -307199
 -306687
 -306687
 -307711
 -309247
 -311807
 -315391
 -318463
 -321535
 -324607
 -328191
 -331263
 -333311
 -335359
 -335871
 -335871
 -335359
 -333823
 -331263
 -329215
 -327167
 -324607
 -323071
 -321023
 -320511
 -319999
 -320511
 -321535
 -322559
 -324095
 -326143
 -327167
 -328191
 -329215
 -329215
 -329215
 -328191
 -327167
 -325631
 -324607
 -323583
 -322559
 -321535
 -320511
 -320511
 -320511
 -320511
 -320511
 -320511
 -320511
 -319487
 -317439
 -316415
 -317439
 -318975
 -321023
 -319999
 -313855
 -307711
 -300031
 -293887
 -288255
 -283647
 -282623
 -283135
 -285183
 -288255
 -291327
 -294399
 -297471
 -299519
 -300031
 -296959
 -290815
 -281599
 -269823
 -257023
 -243711
 -231423
 -221183
 -212479
 -204799
 -198655
 -193535
 -188927
 -185343
 -182271
 -180223
 -176639
 -175103
 -173567
 -174591
 -178687
 -185343
 -193023
 -199679
 -205823
 -210431
 -214527
 -217087
 -218111
 -217599
 -214527
 -210943
 -206847
 -202751
 -201727
 -201215
 -202751
 -205823
 -211455
 -221695
 -237055
 -256511
 -275967
 -292863
 -305151
 -312831
 -317439
 -318463
 -316415
 -309759
 -301055
 -289279
 -277503
 -264191
 -252927
 -242687
 -235007
 -229887
 -226815
 -227839
 -231935
 -238079
 -246271
 -255999
 -266239
 -277503
 -289279
 -299519
 -309759
 -317951
 -325631
 -329215
 -330239
 -328191
 -323071
 -317439
 -309759
 -301055
 -292351
 -284159
 -277503
 -270847
 -266239
 -264703
 -266239
 -268799
 -274943
 -281599
 -288255
 -295423
 -302079
 -307711
 -311807
 -315391
 -317439
 -317439
 -317439
 -315391
 -312831
 -310271
 -306687
 -303103
 -300031
 -297471
 -294911
 -292863
 -291839
 -291327
 -291327
 -291327
 -291839
 -293375
 -294399
 -296959
 -298495
 -301055
 -303615
 -305663
 -307711
 -309247
 -310783
 -311295
 -310783
 -309759
 -309247
 -307711
 -306175
 -303615
 -301567
 -299007
 -297471
 -295935
 -294911
 -294911
 -295423
 -295935
 -297471
 -299007
 -301055
 -303103
 -305151
 -307199
 -309759
 -311807
 -313855
 -315391
 -317439
 -318463
 -319487
 -318463
 -318463
 -316415
 -314879
 -311807
 -310271
 -308735
 -306687
 -305151
 -304127
 -303103
 -303103
 -303615
 -304127
 -305663
 -307711
 -310271
 -312831
 -314367
 -316415
 -318463
 -320511
 -322559
 -323583
 -322559
 -319487
 -313343
 -306687
 -300543
 -296447
 -293887
 -292351
 -293375
 -294399
 -295935
 -295935
 -296959
 -296447
 -295423
 -293375
 -289279
 -282623
 -273407
 -262143
 -249855
 -237567
 -226815
 -216575
 -209407
 -204287
 -201727
 -202239
 -205823
 -209919
 -217087
 -225279
 -233983
 -243199
 -252415
 -261119
 -268799
 -274943
 -279551
 -282623
 -284159
 -284671
 -285183
 -285695
 -285695
 -285695
 -285183
 -284671
 -285695
 -286207
 -286719
 -287743
 -288255
 -289279
 -290303
 -289279
 -288255
 -287231
 -285695
 -283135
 -280575
 -279551
 -277503
 -275967
 -274431
 -274431
 -274943
 -274943
 -276479
 -278527
 -281599
 -284671
 -287231
 -289279
 -291327
 -293375
 -293887
 -293375
 -292351
 -290303
 -288767
 -286207
 -283647
 -282623
 -281599
 -281087
 -280575
 -280575
 -282111
 -282623
 -283647
 -284159
 -285183
 -286207
 -287231
 -288767
 -290303
 -291839
 -292863
 -293887
 -294399
 -294911
 -294911
 -295423
 -294911
 -294911
 -294911
 -293887
 -293375
 -292351
 -291839
 -290815
 -289791
 -288767
 -287231
 -286207
 -285183
 -283647
 -282623
 -281599
 -281087
 -281087
 -282111
 -283647
 -285183
 -287231
 -290303
 -292863
 -294911
 -296959
 -299007
 -299007
 -298495
 -297471
 -295935
 -295423
 -293887
 -292351
 -292351
 -291839
 -291839
 -291327
 -291839
 -291839
 -291839
 -291839
 -292351
 -292863
 -293375
 -293887
 -295423
 -295935
 -296447
 -296959
 -296959
 -297471
 -297471
 -297471
 -296959
 -296959
 -296959
 -295935
 -295423
 -295423
 -294399
 -294399
 -293887
 -293887
 -293887
 -294911
 -294399
 -294399
 -294911
 -295935
 -297471
 -299007
 -301055
 -303103
 -304127
 -304639
 -305151
 -305151
 -305151
 -303615
 -302591
 -300031
 -297983
 -295935
 -294911
 -293375
 -292863
 -292863
 -293887
 -294911
 -296959
 -299007
 -300543
 -302079
 -304127
 -305151
 -305663
 -306175
 -305663
 -305151
 -303103
 -300031
 -297983
 -295423
 -293887
 -292351
 -292351
 -293375
 -294399
 -295935
 -298495
 -301567
 -304127
 -305663
 -306687
 -307199
 -307199
 -306687
 -306175
 -305663
 -305151
 -304127
 -303103
 -302591
 -302079
 -302079
 -302079
 -302079
 -303103
 -304127
 -305151
 -305663
 -307711
 -308735
 -308735
 -309759
 -309759
 -309759
 -307711
 -305151
 -301567
 -297983
 -293375
 -289279
 -285695
 -283135
 -281599
 -281087
 -281599
 -283647
 -285695
 -288767
 -293375
 -296959
 -301055
 -305151
 -308735
 -311807
 -313855
 -314879
 -315391
 -314367
 -312319
 -308735
 -305151
 -301055
 -296959
 -293887
 -291839
 -291839
 -292863
 -294399
 -296959
 -300031
 -304127
 -306687
 -309759
 -312319
 -314367
 -315391
 -315391
 -315391
 -313855
 -312831
 -310783
 -308735
 -307711
 -305663
 -304639
 -304127
 -304127
 -304127
 -305151
 -305663
 -306687
 -308223
 -308735
 -310271
 -310783
 -311807
 -311807
 -311807
 -311295
 -310271
 -308223
 -306687
 -305151
 -302591
 -301055
 -299519
 -298495
 -298495
 -299007
 -299007
 -300543
 -302591
 -305151
 -306687
 -308735
 -311295
 -312831
 -313343
 -312831
 -311807
 -310783
 -309247
 -307711
 -306175
 -304639
 -303103
 -302079
 -301055
 -300031
 -300031
 -300543
 -301055
 -301567
 -303103
 -304127
 -305151
 -306175
 -307711
 -308223
 -308223
 -307711
 -306687
 -305663
 -305151
 -303103
 -302079
 -302079
 -302079
 -302591
 -303103
 -304127
 -305663
 -306687
 -306687
 -307711
 -308735
 -309759
 -310271
 -310783
 -310783
 -310783
 -310783
 -310271
 -310271
 -309759
 -309759
 -309759
 -308735
 -307711
 -307199
 -307199
 -306687
 -305663
 -305151
 -303103
 -300031
 -297471
 -295423
 -293375
 -291839
 -292351
 -294399
 -297983
 -302079
 -306687
 -309759
 -312831
 -315903
 -319487
 -323583
 -326655
 -329215
 -331263
 -332287
 -332287
 -330239
 -327167
 -323071
 -318463
 -312831
 -308223
 -303103
 -299007
 -295935
 -294399
 -292863
 -292351
 -292351
 -293887
 -295423
 -296959
 -299007
 -300543
 -302591
 -305151
 -307711
 -310271
 -312831
 -315903
 -318463
 -320511
 -322047
 -322559
 -322559
 -321023
 -319487
 -317439
 -314879
 -310783
 -307199
 -304127
 -300543
 -297471
 -295423
 -293887
 -293375
 -294399
 -294911
 -296447
 -299007
 -302079
 -305151
 -308223
 -311295
 -314879
 -317439
 -318975
 -320511
 -321535
 -322559
 -322559
 -321535
 -319999
 -317951
 -316415
 -313343
 -310783
 -308223
 -305663
 -303615
 -302079
 -301055
 -301055
 -301055
 -302079
 -304127
 -306175
 -308223
 -309759
 -311295
 -312831
 -314367
 -314879
 -314879
 -314879
 -314367
 -313855
 -312319
 -311295
 -310783
 -309759
 -308735
 -306687
 -305663
 -305151
 -304639
 -304639
 -304127
 -305151
 -306687
 -308735
 -309759
 -311295
 -313855
 -315391
 -316927
 -318463
 -319487
 -320511
 -321023
 -320511
 -319487
 -317951
 -316415
 -314879
 -313855
 -311807
 -311295
 -310783
 -310783
 -310783
 -310271
 -310783
 -310783
 -310783
 -310783
 -311295
 -311807
 -311807
 -311807
 -311807
 -311807
 -311807
 -310783
 -310271
 -310271
 -310271
 -310783
 -310271
 -310783
 -310783
 -311295
 -311295
 -311807
 -312319
 -313343
 -313855
 -313855
 -313343
 -313343
 -312319
 -311295
 -309759
 -308223
 -306687
 -305663
 -304639
 -304127
 -303615
 -304127
 -304639
 -305663
 -308223
 -309759
 -312831
 -314879
 -317439
 -319999
 -321535
 -320511
 -319487
 -318463
 -316415
 -314367
 -311807
 -309759
 -307711
 -306687
 -305151
 -304127
 -304639
 -305151
 -305663
 -307711
 -309247
 -311807
 -314367
 -317439
 -320511
 -322559
 -323583
 -323583
 -323583
 -322047
 -320511
 -318463
 -315903
 -314367
 -311807
 -310271
 -308735
 -308735
 -308735
 -309247
 -310783
 -312319
 -314879
 -317951
 -321535
 -323583
 -324607
 -324095
 -322047
 -320511
 -319999
 -320511
 -321023
 -322047
 -323071
 -325119
 -326143
 -325631
 -324607
 -323071
 -320511
 -317951
 -314367
 -310783
 -307711
 -305151
 -303103
 -300543
 -300031
 -300031
 -301055
 -302079
 -303615
 -306175
 -308735
 -311295
 -313343
 -314879
 -316927
 -318463
 -319999
 -321023
 -320511
 -320511
 -318975
 -317439
 -315903
 -314367
 -312319
 -310783
 -308735
 -307199
 -305663
 -305151
 -304127
 -303103
 -304127
 -305151
 -306175
 -307711
 -309759
 -311807
 -313855
 -315391
 -316415
 -317951
 -318463
 -318975
 -318463
 -317439
 -316927
 -315903
 -314367
 -312319
 -310783
 -309759
 -309247
 -309759
 -310783
 -312319
 -314879
 -316415
 -317439
 -319487
 -321535
 -323071
 -324607
 -325631
 -326655
 -327679
 -327167
 -326143
 -325631
 -323583
 -321535
 -318463
 -315391
 -312831
 -309759
 -306687
 -305151
 -304127
 -304127
 -304639
 -305663
 -308223
 -310783
 -313343
 -315391
 -317951
 -320511
 -322559
 -323583
 -323583
 -323583
 -322559
 -321535
 -319999
 -317951
 -316927
 -315391
 -314367
 -313343
 -312831
 -313343
 -314367
 -316415
 -317951
 -319487
 -321535
 -322047
 -322559
 -321535
 -319487
 -317951
 -316415
 -313855
 -311295
 -310271
 -309759
 -309247
 -309247
 -308735
 -308735
 -308735
 -308735
 -307711
 -307711
 -307711
 -307711
 -307711
 -308735
 -309759
 -312319
 -313855
 -315391
 -316927
 -318463
 -320511
 -322559
 -324607
 -326655
 -328191
 -329727
 -329215
 -328703
 -328191
 -326143
 -324607
 -322559
 -321023
 -319999
 -319487
 -318463
 -318463
 -318975
 -319999
 -320511
 -321535
 -322559
 -322559
 -323583
 -322559
 -323071
 -322559
 -322559
 -321535
 -321023
 -321023
 -321023
 -321535
 -321023
 -321023
 -321535
 -321535
 -321535
 -322559
 -323583
 -324607
 -326143
 -326655
 -327167
 -326143
 -325631
 -323583
 -320511
 -317439
 -314879
 -311807
 -308223
 -305663
 -304127
 -302591
 -302079
 -302079
 -303615
 -305151
 -306687
 -308223
 -310783
 -313343
 -315391
 -317439
 -318463
 -320511
 -321535
 -322559
 -323071
 -323583
 -323583
 -322559
 -321023
 -319487
 -317439
 -315391
 -312831
 -310783
 -309759
 -308735
 -308223
 -308735
 -309759
 -311295
 -313343
 -315391
 -317951
 -320511
 -323583
 -325119
 -326143
 -328191
 -329215
 -329215
 -329215
 -329215
 -329215
 -328191
 -327167
 -326143
 -325119
 -323583
 -322559
 -320511
 -318463
 -316415
 -315391
 -314367
 -312831
 -311807
 -311807
 -312319
 -313343
 -313855
 -314879
 -316415
 -318463
 -319487
 -321535
 -323071
 -324607
 -326143
 -326655
 -327167
 -327679
 -327167
 -327167
 -325631
 -325119
 -325119
 -324607
 -323583
 -322047
 -321023
 -319487
 -318975
 -317951
 -318463
 -318975
 -319999
 -321023
 -322047
 -323071
 -324095
 -324607
 -325119
 -324607
 -325119
 -324607
 -323583
 -323071
 -322559
 -322047
 -321535
 -321023
 -320511
 -320511
 -321535
 -321535
 -322047
 -322559
 -323583
 -323583
 -324095
 -324095
 -323583
 -323583
 -323071
 -322559
 -321535
 -321535
 -321535
 -322559
 -322559
 -323583
 -324607
 -325119
 -325631
 -325119
 -325119
 -325119
 -324607
 -324095
 -323583
 -323583
 -323583
 -323583
 -324095
 -324095
 -324607
 -325119
 -325119
 -325631
 -325631
 -326143
 -327167
 -327167
 -327167
 -327679
 -328191
 -328191
 -328191
 -328191
 -327679
 -327167
 -326143
 -325119
 -324607
 -323583
 -323071
 -322559
 -322047
 -322559
 -323071
 -323071
 -323583
 -324095
 -324607
 -325119
 -325119
 -325631
 -326143
 -326143
 -326143
 -326655
 -327167
 -327679
 -328191
 -328191
 -328703
 -329215
 -328703
 -328191
 -327679
 -327167
 -326143
 -324607
 -323583
 -323071
 -322559
 -321535
 -321535
 -321535
 -321535
 -322047
 -322559
 -323583
 -324607
 -326143
 -327167
 -328191
 -329215
 -330239
 -329727
 -329215
 -328191
 -327167
 -325631
 -324607
 -324095
 -323583
 -323583
 -323071
 -322559
 -322559
 -323071
 -322559
 -323583
 -324607
 -325631
 -326143
 -326655
 -327167
 -328191
 -329215
 -330239
 -330751
 -331775
 -332287
 -333311
 -333311
 -333823
 -334847
 -335359
 -335359
 -335359
 -334847
 -335359
 -335359
 -335359
 -335871
 -336383
 -337407
 -337407
 -337919
 -337407
 -337919
 -336895
 -336895
 -335871
 -335871
 -334847
 -333823
 -332799
 -332287
 -331775
 -331263
 -330751
 -329727
 -329215
 -328703
 -328191
 -327679
 -327679
 -327679
 -328191
 -328703
 -329727
 -331263
 -332287
 -333823
 -334335
 -336383
 -337919
 -338943
 -338943
 -337919
 -336895
 -335359
 -333311
 -332287
 -331263
 -330751
 -328703
 -326143
 -323071
 -321023
 -322047
 -322047
 -322559
 -324095
 -326143
 -327679
 -328191
 -328191
 -327679
 -327167
 -326655
 -326655
 -327167
 -329215
 -331775
 -334335
 -336383
 -337407
 -338943
 -338943
 -338943
 -337407
 -336895
 -335359
 -334335
 -332287
 -330239
 -327679
 -325631
 -324095
 -322559
 -322559
 -323071
 -324607
 -325631
 -327167
 -328703
 -330239
 -331263
 -331775
 -333311
 -335359
 -337919
 -338943
 -339455
 -338943
 -337919
 -336895
 -335359
 -334335
 -332799
 -331263
 -330239
 -330239
 -330751
 -331263
 -331775
 -332287
 -332287
 -332799
 -332799
 -334335
 -335359
 -336895
 -338943
 -338943
 -338431
 -336895
 -333311
 -330239
 -326143
 -322559
 -319487
 -317439
 -316927
 -318463
 -319487
 -322047
 -325631
 -329215
 -333311
 -337919
 -341503
 -345087
 -347647
 -348671
 -348671
 -348159
 -346111
 -343039
 -339967
 -336895
 -333311
 -330239
 -327167
 -323583
 -320511
 -317439
 -314879
 -313855
 -313855
 -314879
 -315903
 -318463
 -321535
 -325631
 -328191
 -331263
 -334335
 -336895
 -338431
 -338943
 -338943
 -337919
 -337919
 -336383
 -335359
 -334335
 -333311
 -331263
 -329215
 -328191
 -327167
 -326655
 -326143
 -326143
 -327167
 -328191
 -329727
 -330751
 -331775
 -333311
 -334847
 -336383
 -337919
 -339967
 -339967
 -341503
 -342015
 -343039
 -344063
 -344063
 -344063
 -343039
 -342015
 -340991
 -339455
 -337919
 -335871
 -334335
 -332799
 -331263
 -329727
 -328191
 -327679
 -327167
 -326143
 -326143
 -326143
 -327167
 -327679
 -328703
 -330239
 -331263
 -332799
 -333823
 -335359
 -337407
 -338943
 -340479
 -340991
 -340991
 -340991
 -339967
 -338431
 -336895
 -335359
 -334847
 -333311
 -331263
 -330239
 -329215
 -328703
 -327679
 -327167
 -327167
 -327167
 -326143
 -326655
 -327167
 -328191
 -329727
 -331263
 -334335
 -335871
 -337919
 -339455
 -340479
 -340991
 -339967
 -338943
 -337919
 -335871
 -334335
 -333311
 -332287
 -331775
 -331775
 -331263
 -331263
 -332287
 -332799
 -334335
 -335359
 -336895
 -337919
 -338943
 -339967
 -339967
 -339967
 -338431
 -337407
 -335871
 -333311
 -331775
 -330239
 -328191
 -327679
 -327679
 -328191
 -329215
 -330239
 -331263
 -332799
 -334335
 -335359
 -336383
 -336895
 -337407
 -337919
 -337919
 -337407
 -337407
 -337407
 -337407
 -336895
 -336383
 -335871
 -335359
 -334847
 -334335
 -333823
 -333311
 -333311
 -332799
 -332287
 -332799
 -332799
 -334335
 -334335
 -334847
 -334847
 -334847
 -335359
 -335871
 -335871
 -336383
 -336895
 -336383
 -335871
 -335359
 -334847
 -333823
 -333311
 -332799
 -331775
 -331263
 -329727
 -327679
 -326143
 -324607
 -323583
 -323071
 -323583
 -323583
 -324607
 -327167
 -329215
 -331263
 -332799
 -334335
 -335359
 -336895
 -337919
 -338943
 -338943
 -338431
 -337919
 -337919
 -336895
 -336383
 -335871
 -335871
 -335359
 -335359
 -334335
 -334847
 -334847
 -334847
 -334335
 -334335
 -334847
 -334847
 -334335
 -333823
 -333823
 -333823
 -333311
 -333311
 -332799
 -333311
 -332799
 -333311
 -332799
 -332799
 -333311
 -333311
 -333311
 -332799
 -331775
 -332287
 -331775
 -331263
 -331263
 -331263
 -331775
 -333311
 -333311
 -335359
 -336895
 -337919
 -338431
 -337919
 -336895
 -335359
 -332799
 -331263
 -329215
 -327679
 -326143
 -325119
 -325119
 -325119
 -326143
 -327167
 -329215
 -332287
 -335359
 -337919
 -340479
 -342527
 -343551
 -344063
 -344063
 -343039
 -341503
 -338943
 -336895
 -334335
 -331775
 -329215
 -327167
 -325631
 -324607
 -324095
 -323583
 -324095
 -325119
 -327167
 -329215
 -331263
 -333311
 -335359
 -337407
 -338943
 -339967
 -340991
 -341503
 -342015
 -342015
 -342015
 -340991
 -340479
 -339967
 -338431
 -337407
 -336383
 -335359
 -334335
 -332799
 -331263
 -330751
 -329215
 -328703
 -328191
 -328703
 -329215
 -329727
 -330239
 -331263
 -332287
 -333823
 -334847
 -336383
 -337919
 -339967
 -340991
 -342015
 -343039
 -343551
 -343039
 -342015
 -340991
 -339967
 -338943
 -337919
 -336895
 -335359
 -334847
 -333823
 -333311
 -332799
 -332799
 -333311
 -334335
 -334847
 -335871
 -336895
 -338943
 -339967
 -339967
 -339967
 -339967
 -338943
 -337919
 -336895
 -335871
 -335359
 -335359
 -335359
 -334847
 -334847
 -335359
 -334847
 -334847
 -335871
 -336383
 -337919
 -338943
 -340991
 -342015
 -343551
 -344063
 -344063
 -343551
 -343551
 -343039
 -342015
 -340991
 -340991
 -339967
 -339967
 -338943
 -337919
 -335871
 -334847
 -332799
 -331263
 -330239
 -329727
 -330751
 -332287
 -333823
 -335871
 -338431
 -339967
 -340991
 -342527
 -344063
 -344063
 -344575
 -344575
 -344063
 -342527
 -342015
 -339967
 -337919
 -336895
 -335359
 -334335
 -333823
 -332799
 -333311
 -333311
 -334335
 -334335
 -335871
 -336895
 -338431
 -339967
 -340479
 -341503
 -344063
 -346111
 -347135
 -347135
 -345087
 -342527
 -338943
 -334847
 -331263
 -328191
 -326655
 -325631
 -325631
 -326143
 -327167
 -329215
 -332287
 -334847
 -337919
 -340479
 -342527
 -345087
 -346623
 -348671
 -349695
 -351743
 -352255
 -352767
 -352767
 -351743
 -351231
 -349695
 -347135
 -345087
 -342015
 -338943
 -335871
 -333823
 -332799
 -332287
 -332287
 -333311
 -334335
 -335871
 -337919
 -339967
 -342015
 -344063
 -345599
 -346623
 -346623
 -346111
 -345599
 -345087
 -344575
 -344063
 -344063
 -343039
 -342527
 -341503
 -340479
 -339967
 -338943
 -337919
 -336895
 -336383
 -335871
 -335871
 -336383
 -337407
 -337919
 -338943
 -339967
 -340991
 -342015
 -343039
 -343551
 -345087
 -346111
 -347647
 -348671
 -350719
 -351743
 -351743
 -349695
 -348159
 -345599
 -343551
 -340991
 -339455
 -338943
 -337919
 -337919
 -339455
 -340991
 -343039
 -345087
 -346623
 -349183
 -350207
 -350719
 -351743
 -351231
 -350207
 -349183
 -347647
 -346623
 -345599
 -344063
 -343551
 -343039
 -342527
 -342527
 -342015
 -342527
 -342527
 -342015
 -342015
 -342015
 -342015
 -342015
 -341503
 -342015
 -343039
 -344063
 -345087
 -346111
 -347135
 -347647
 -349183
 -349695
 -350207
 -350207
 -350207
 -349695
 -348671
 -348159
 -347135
 -345599
 -343551
 -342527
 -342015
 -340991
 -339967
 -339455
 -338943
 -338943
 -337919
 -337919
 -338431
 -339455
 -339967
 -340991
 -342015
 -343551
 -344575
 -344063
 -344063
 -344063
 -344063
 -344063
 -343039
 -342527
 -342015
 -342015
 -342527
 -343039
 -343039
 -344063
 -345087
 -346623
 -347135
 -348671
 -349695
 -350719
 -351231
 -351743
 -351743
 -351743
 -351231
 -350719
 -349695
 -348159
 -346623
 -345599
 -344063
 -343039
 -342527
 -341503
 -342015
 -342015
 -343039
 -343039
 -344063
 -345087
 -345599
 -347135
 -347647
 -347647
 -348159
 -347647
 -347135
 -346111
 -345599
 -345599
 -345087
 -344575
 -344575
 -344063
 -344063
 -344063
 -343551
 -344063
 -344063
 -344575
 -344575
 -345087
 -345599
 -346111
 -347647
 -348671
 -349695
 -350719
 -351743
 -352767
 -353279
 -352767
 -351743
 -351743
 -350719
 -349695
 -348671
 -347135
 -346623
 -346111
 -346623
 -346623
 -346623
 -347135
 -348159
 -348671
 -349695
 -349695
 -350207
 -350719
 -349695
 -348671
 -347647
 -346623
 -345599
 -345087
 -344575
 -344575
 -344575
 -345087
 -345087
 -345087
 -344575
 -344575
 -344575
 -344575
 -345087
 -345087
 -346111
 -347135
 -348159
 -349695
 -350719
 -351743
 -351743
 -352767
 -352767
 -353279
 -353279
 -353279
 -352767
 -352767
 -352255
 -350719
 -349695
 -349183
 -348671
 -347647
 -346623
 -345599
 -345087
 -344063
 -344063
 -344575
 -344575
 -345087
 -346111
 -346623
 -347135
