   -8766
  -16922
  -24498
  -30452
  -33993
  -34510
  -31999
  -27000
  -20283
  -12771
   -5441
     692
    4907
    6581
    5637
    2206
   -3304
  -10062
  -16983
  -22882
  -26965
  -28831
  -28200
  -24295
  -17570
  -10732
   -4894
    -456
    1992
    2377
     730
   -2924
   -7828
  -12596
  -16773
  -20345
  -22863
  -23920
  -23267
  -21000
  -17470
  -13317
   -9000
   -5170
   -2337
    -895
    -928
   -1479
   -1292
   -2690
   -6863
  -12651
  -18557
  -23573
  -27003
  -28440
  -27604
  -24741
  -20446
  -15383
  -10291
   -5795
   -2655
   -1411
   -2127
   -4516
   -7997
  -12017
  -16107
  -19748
  -22411
  -23585
  -23303
  -21599
  -18607
  -15051
  -11293
   -7442
   -3751
   -1497
   -1611
   -3657
   -6939
  -11241
  -16097
  -20931
  -24972
  -26900
  -25829
  -23345
  -20405
  -17201
  -13632
   -9854
   -6472
   -3985
   -2910
   -3424
   -5428
   -8279
  -11658
  -15132
  -18348
  -20790
  -22086
  -22019
  -20605
  -18281
  -15445
  -12517
   -9726
   -7471
   -6122
   -5792
   -6501
   -7986
  -10035
  -12385
  -14714
  -16676
  -17908
  -18257
  -17655
  -16283
  -14313
  -12118
  -10212
   -8865
   -8159
   -8029
   -8695
   -9762
  -10093
  -10688
  -12465
  -14369
  -16207
  -18101
  -19901
  -21454
  -22617
  -23164
  -22875
  -21686
  -19736
  -17293
  -14506
  -11814
   -9554
   -8138
   -7730
   -8253
   -9803
  -12218
  -15093
  -17971
  -20492
  -22266
  -23121
  -22976
  -21830
  -19791
  -17077
  -13982
  -10857
   -8082
   -6091
   -5234
   -5561
   -7008
   -9330
  -12147
  -15112
  -17778
  -19939
  -21345
  -21862
  -21365
  -19950
  -17975
  -15761
  -13693
  -11969
  -10814
  -10368
  -10534
  -11282
  -12447
  -13810
  -15094
  -16153
  -16786
  -16963
  -16762
  -16276
  -15593
  -14686
  -13854
  -13309
  -13031
  -12924
  -13061
  -13550
  -14223
  -15014
  -15770
  -16494
  -17056
  -17367
  -17399
  -17158
  -16577
  -15733
  -14693
  -13643
  -12667
  -11958
  -11510
  -11481
  -11978
  -13009
  -14349
  -15745
  -17024
  -18047
  -18735
  -18963
  -18487
  -17310
  -15560
  -13409
  -11128
   -9176
   -7864
   -7389
   -7902
   -9305
  -11445
  -14029
  -16710
  -18817
  -19982
  -20095
  -19165
  -17409
  -15138
  -12845
  -10866
   -9522
   -8958
   -9327
  -10542
  -12344
  -14384
  -16302
  -17878
  -18903
  -19266
  -18833
  -17740
  -16143
  -14312
  -12536
  -11053
  -10194
  -10098
  -10801
  -12213
  -14168
  -16477
  -18831
  -20884
  -22201
  -22624
  -22107
  -20712
  -18609
  -16111
  -13695
  -11617
  -10132
   -9375
   -9424
  -10234
  -11663
  -13510
  -15476
  -17383
  -18961
  -20082
  -20612
  -20465
  -19678
  -18323
  -16599
  -14681
  -12908
  -11583
  -10804
  -10731
  -11352
  -12667
  -14492
  -16548
  -18457
  -19967
  -20856
  -21033
  -20425
  -19169
  -17521
  -15556
  -13462
  -11456
   -9828
   -8836
   -8734
   -9478
  -10943
  -12910
  -15264
  -17670
  -19794
  -21312
  -21937
  -21576
  -20218
  -18100
  -15560
  -12889
  -10316
   -8211
   -6798
   -6396
   -7029
   -8609
  -11028
  -14019
  -17442
  -20676
  -23345
  -25217
  -26195
  -26140
  -25022
  -22874
  -19906
  -16410
  -12787
   -9489
   -7006
   -5730
   -5777
   -7145
   -9617
  -12812
  -16355
  -19727
  -22488
  -24201
  -24694
  -23934
  -22144
  -19750
  -17147
  -14784
  -12932
  -11882
  -11726
  -12370
  -13654
  -15299
  -17081
  -18702
  -19927
  -20467
  -20323
  -18975
  -16015
  -13190
  -11689
  -11315
  -11887
  -13151
  -14530
  -14912
  -13976
  -14114
  -16219
  -18982
  -21008
  -21877
  -21953
  -21407
  -20260
  -18785
  -17051
  -15272
  -13837
  -12934
  -12499
  -12690
  -13524
  -14937
  -16568
  -18218
  -19641
  -20768
  -21339
  -21194
  -20485
  -19350
  -17963
  -16480
  -15129
  -14112
  -13594
  -13629
  -14246
  -15108
  -16117
  -17473
  -19222
  -20867
  -22018
  -22389
  -22007
  -20942
  -19457
  -17691
  -15870
  -14170
  -12799
  -11994
  -11713
  -11995
  -12870
  -14122
  -14117
  -12318
  -13082
  -16632
  -20222
  -22942
  -24758
  -25629
  -25399
  -23969
  -21633
  -18773
  -15767
  -13016
  -10814
   -9565
   -9451
  -10569
  -12636
  -15330
  -18182
  -20787
  -22742
  -23819
  -24011
  -23288
  -21871
  -19992
  -17918
  -16111
  -14772
  -14110
  -14078
  -14609
  -15588
  -16692
  -17842
  -18936
  -19932
  -20419
  -20124
  -19040
  -17384
  -15741
  -15941
  -19976
  -25485
  -28472
  -28277
  -26321
  -22419
  -16941
  -10561
   -4786
    -978
     567
    -481
   -4075
   -9416
  -15571
  -21875
  -27375
  -31271
  -32939
  -32136
  -28943
  -24030
  -18287
  -12195
   -6754
   -3031
   -1891
   -3176
   -6527
  -11602
  -17538
  -23483
  -28540
  -31822
  -32902
  -31689
  -28353
  -23522
  -17853
  -11905
   -6547
   -2043
    2244
    4016
    1749
   -3658
  -11107
  -19434
  -27058
  -32918
  -36599
  -37591
  -35742
  -31218
  -24838
  -17634
  -10580
   -4291
     599
    3051
    2476
   -1226
   -7504
  -15343
  -23557
  -30971
  -36680
  -40029
  -40493
  -37533
  -31811
  -24223
  -15741
   -7540
    -100
    5227
    7702
    7255
    3813
   -3515
  -13922
  -24746
  -34039
  -41306
  -45699
  -46737
  -43877
  -37325
  -27974
  -17153
   -6562
    1588
    6089
    6476
    3625
   -2014
  -10021
  -19043
  -27644
  -34529
  -38956
  -40421
  -38836
  -34378
  -27774
  -19987
  -11971
   -4882
     554
    4152
    4350
     732
   -5904
  -14606
  -23989
  -32527
  -38950
  -42525
  -42733
  -39566
  -33444
  -25329
  -16463
   -8092
   -1380
    2879
    4339
    2713
   -1887
   -8731
  -16607
  -24390
  -31167
  -36011
  -38355
  -37882
  -34577
  -29043
  -22086
  -14670
   -7751
   -2181
    1326
    2281
     426
   -3891
   -9809
  -15899
  -21141
  -25853
  -29927
  -32875
  -34143
  -33521
  -30994
  -26918
  -21937
  -16758
  -12089
   -8520
   -6559
   -6447
   -8105
  -11205
  -15200
  -19617
  -23841
  -27283
  -29434
  -29916
  -28736
  -26099
  -21496
  -15028
   -9954
   -7399
   -6783
   -7984
  -10477
  -13732
  -17815
  -22180
  -26203
  -29382
  -31689
  -32299
  -30680
  -27150
  -22313
  -16942
  -11865
   -7791
   -3982
    -134
     352
   -3311
   -9679
  -17418
  -25033
  -31459
  -35988
  -38200
  -37783
  -34868
  -29708
  -23076
  -15938
   -9289
   -4055
    -799
      21
   -1603
   -5479
  -10957
  -17156
  -23322
  -28652
  -32390
  -33801
  -33251
  -32444
  -32650
  -33434
  -34114
  -33974
  -32370
  -29606
  -26028
  -22081
  -18214
  -14878
  -12325
  -10975
  -10960
  -12327
  -14867
  -18153
  -21605
  -24735
  -27062
  -28543
  -28954
  -28159
  -26194
  -23346
  -20092
  -16895
  -14241
  -12429
  -11714
  -12094
  -13474
  -15569
  -18088
  -20739
  -23096
  -24910
  -25909
  -25987
  -25267
  -23695
  -21410
  -18960
  -16828
  -15289
  -14358
  -14178
  -14971
  -16637
  -18639
  -20561
  -21940
  -22637
  -22528
  -21644
  -20132
  -18328
  -16549
  -15082
  -14137
  -13963
  -14728
  -16168
  -18087
  -20159
  -22069
  -23489
  -24314
  -24640
  -24608
  -24361
  -23883
  -23252
  -22474
  -21671
  -20980
  -20351
  -19808
  -19301
  -18982
  -18820
  -18675
  -18660
  -18880
  -19434
  -20255
  -21200
  -21952
  -22370
  -22404
  -22003
  -21121
  -19897
  -18700
  -17756
  -17170
  -17039
  -17369
  -18284
  -19691
  -21322
  -22812
  -24044
  -24892
  -25221
  -25050
  -24259
  -22905
  -20749
  -16278
  -11820
  -10576
  -12324
  -14982
  -17758
  -20699
  -23573
  -26002
  -27689
  -28391
  -28074
  -26719
  -24490
  -21703
  -18675
  -15901
  -13802
  -12699
  -12603
  -13542
  -15365
  -17803
  -20526
  -23102
  -25188
  -26519
  -26986
  -26452
  -25119
  -23126
  -20791
  -18509
  -16638
  -15496
  -15209
  -15779
  -17008
  -18800
  -20843
  -22868
  -24655
  -25959
  -26667
  -26678
  -25966
  -24593
  -22728
  -20657
  -18576
  -16793
  -15441
  -14677
  -14691
  -15396
  -16632
  -18409
  -20260
  -21022
  -20124
  -17617
  -14589
  -12014
  -10412
  -10142
  -11242
  -12752
  -13674
  -14280
  -14660
  -14266
  -13702
  -13549
  -12679
   -9293
   -3265
    7168
   29997
   65215
  100734
  119345
  114527
   89193
   48484
   -1153
  -52551
  -98439
 -131815
 -146691
 -139217
 -111566
  -71305
  -26155
   18243
   56372
   83742
   97533
   96405
   80836
   53129
   17275
  -21852
  -58904
  -89011
 -108074
 -113700
 -105419
  -84619
  -54452
  -19257
   15956
   46324
   67673
   77127
   73351
   57059
   30733
   -1750
  -35690
  -66433
  -89699
 -102423
 -102866
  -91100
  -68808
  -39249
   -6713
   24286
   49368
   65121
   69422
   61835
   43594
   17508
  -12754
  -43010
  -69137
  -87480
  -95644
  -92610
  -79175
  -57563
  -30226
   -1011
   25716
   46126
   57597
   58652
   49298
   31066
    6768
  -20117
  -45780
  -66756
  -80303
  -84615
  -79216
  -64937
  -43967
  -19317
    5503
   27034
   42420
   49561
   47650
   37066
   19489
   -2502
  -25702
  -46828
  -63076
  -72368
  -73675
  -66874
  -52958
  -33916
  -12460
    8402
   25825
   37740
   42837
   40597
   31495
   16732
   -1541
  -20816
  -38404
  -51845
  -59328
  -59918
  -53765
  -41769
  -25613
   -7556
    9835
   24167
   33386
   36312
   32530
   22646
    8235
   -8687
  -25688
  -40483
  -51045
  -56067
  -54981
  -48359
  -37497
  -23977
   -9617
    3674
   14055
   20267
   21560
   17930
    9941
   -1215
  -13976
  -26389
  -36703
  -43383
  -45602
  -43144
  -36447
  -26507
  -14747
   -2750
    7714
   15169
   18592
   17573
   12465
    4053
   -6564
  -17927
  -28303
  -36185
  -40462
  -40610
  -36639
  -29213
  -19356
   -8645
    1397
    9270
   13867
   14619
   11620
    5362
   -3226
  -12967
  -22463
  -30425
  -35909
  -38195
  -37097
  -32755
  -25924
  -17539
   -8802
    -858
    5194
    8548
    8828
    6076
     830
   -6276
  -14150
  -21632
  -27790
  -32046
  -33838
  -32933
  -29502
  -23968
  -17189
  -10002
   -3441
    1599
    4483
    4948
    3015
   -1175
   -7130
  -13972
  -20583
  -26061
  -29656
  -30905
  -29489
  -25738
  -20188
  -13623
   -6959
   -1019
    3385
    5718
    5656
    3300
   -1033
   -6649
  -12777
  -18614
  -23408
  -26636
  -27861
  -26976
  -24051
  -19500
  -13940
   -8234
   -3134
    1311
    4986
    7284
    7455
    5238
     767
   -5298
  -12103
  -18713
  -24107
  -27604
  -28671
  -27233
  -23494
  -18024
  -11609
   -5304
    -108
    3264
    4314
    2978
    -637
   -6043
  -12431
  -18812
  -24287
  -28162
  -29921
  -29340
  -26359
  -21460
  -15304
   -8817
   -2804
    1832
    4374
    4582
    2441
   -1594
   -6977
  -12925
  -18600
  -23218
  -26166
  -27099
  -25938
  -23023
  -18713
  -12364
   -4460
    3233
   10116
   14741
   15834
   13594
    8224
     -55
  -10605
  -22202
  -33362
  -42045
  -46430
  -46457
  -41701
  -32672
  -20793
   -7801
    4414
   14141
   20049
   21673
   18977
   12339
    2642
   -8866
  -20830
  -31728
  -40084
  -44749
  -44980
  -40804
  -32682
  -21689
   -9264
    2847
   13296
   21302
   25490
   25647
   21699
   14003
    3599
   -8370
  -20101
  -29959
  -36917
  -40170
  -39332
  -34566
  -26466
  -16551
   -6474
    2278
    8676
   11949
   11728
    8104
    1714
   -6433
  -15151
  -23225
  -29653
  -33512
  -34406
  -32232
  -27292
  -20080
  -11383
   -2507
    5246
   10519
   12572
   11123
    6605
    -323
   -8565
  -16718
  -23667
  -28610
  -31063
  -30719
  -27639
  -22221
  -15538
   -8616
   -2422
    2285
    4876
    4836
    2362
   -2034
   -7720
  -13922
  -19705
  -24346
  -27224
  -28055
  -26667
  -23248
  -18253
  -12387
   -6482
   -1312
    2285
    3950
    3608
    1315
   -2639
   -7622
  -12912
  -17814
  -21649
  -24005
  -24599
  -23464
  -20738
  -16769
  -12032
   -7321
   -3277
    -390
     998
     695
   -1272
   -4577
   -8785
  -13270
  -17424
  -20496
  -22103
  -22050
  -20344
  -17087
  -12758
   -7955
   -3474
     -43
    1811
    1803
     -50
   -3492
   -7957
  -12778
  -17211
  -20706
  -22770
  -23190
  -21840
  -18907
  -14761
   -9996
   -5350
   -1469
     999
    1793
     813
   -1744
   -5550
  -10016
  -14531
  -18402
  -20999
  -22100
  -21584
  -19680
  -16707
  -13289
   -9841
   -6578
   -3844
   -2354
   -2036
   -2738
   -4274
   -6832
  -10138
  -13430
  -16232
  -18182
  -18861
  -18074
  -16536
  -14677
  -12647
  -11196
  -10797
  -11308
  -11688
  -10561
   -8158
   -5674
   -3646
   -2504
   -2601
   -4366
   -7376
  -10914
  -14183
  -17009
  -18084
  -18217
  -18874
  -19383
  -19730
  -19875
  -19567
  -18575
  -17011
  -15074
  -13014
  -11092
   -9580
   -8125
   -6076
   -4789
   -5446
   -7451
  -10252
  -13279
  -16195
  -18630
  -20301
  -21013
  -20738
  -19604
  -17376
  -14589
  -11729
   -9177
   -7200
   -6056
   -5848
   -6676
   -8421
  -10828
  -13647
  -16341
  -18566
  -19911
  -20227
  -19340
  -17485
  -14846
  -11629
   -8004
   -3660
     583
    2358
    1940
    -106
   -3987
   -9287
  -14631
  -19446
  -23478
  -25316
  -24569
  -22721
  -20293
  -16763
  -12921
  -10044
   -8029
   -6427
   -5603
   -5603
   -5923
   -6344
   -8167
  -10983
  -13056
  -14649
  -16500
  -17583
  -17335
  -17341
  -17865
  -17853
  -17161
  -16543
  -15418
  -13399
  -11710
  -11169
  -10207
   -8638
   -8335
   -8681
   -8576
   -8916
  -10839
  -13223
  -14571
  -15650
  -16988
  -17797
  -18052
  -17916
  -17082
  -15433
  -13908
  -12734
  -11298
  -10140
  -10109
  -10166
  -10395
  -11616
  -13148
  -14073
  -14903
  -15541
  -15565
  -15300
  -14780
  -13539
  -12238
  -11454
  -10951
  -10701
  -10986
  -11314
  -11570
