   25088
   18774
   12506
    6435
     698
   -4508
   -9034
  -12805
  -15686
  -17654
  -18783
  -18713
  -17310
  -14780
  -11208
   -6701
   -1460
    4289
   10276
   16249
   21986
   27792
   33682
   39351
   44124
   47401
   49317
   50459
   51229
   49797
   44799
   37268
   28477
   19732
   11759
    4377
   -2883
  -10001
  -16696
  -23280
  -29952
  -35511
  -38191
  -37645
  -34346
  -28250
  -19632
   -9336
    1654
   12332
   22301
   31086
   38746
   46075
   53473
   60450
   66398
   69788
   67600
   59564
   49717
   41143
   34319
   28237
   21002
   11346
     353
  -10136
  -19694
  -28345
  -35114
  -39916
  -43838
  -46578
  -46436
  -42278
  -34396
  -23880
  -11443
    2205
   16861
   32413
   48159
   62507
   74100
   82551
   87476
   89191
   88082
   84253
   78500
   71252
   62758
   53578
   44441
   35546
   26957
   18441
    9884
    1263
   -7713
  -17317
  -27139
  -36492
  -44760
  -51324
  -55537
  -56932
  -55527
  -51268
  -44388
  -35628
  -25692
  -15192
   -4266
    7066
   18577
   29861
   40430
   50160
   58807
   65956
   71425
   75061
   76768
   76488
   74029
   69066
   61229
   50501
   36508
   18801
   -1447
  -21019
  -37432
  -50207
  -59115
  -64609
  -67426
  -67284
  -63998
  -57836
  -49180
  -38250
  -25443
  -11279
    3495
   18069
   31969
   45600
   58827
   71052
   81592
   89929
   95895
   99100
   99172
   96309
   90849
   83213
   73268
   61240
   48301
   34740
   20102
    4913
  -10033
  -24322
  -37575
  -49400
  -59130
  -65782
  -68711
  -67989
  -64083
  -57300
  -48337
  -37733
  -25261
  -10213
    7256
   26318
   46368
   67151
   87499
  104702
  117147
  124341
  126653
  125411
  120793
  112675
  100654
   84657
   64985
   42200
   17737
   -6606
  -29786
  -51538
  -71525
  -88109
 -100345
 -108392
 -112445
 -112790
 -109050
 -101075
  -88808
  -72105
  -51179
  -27066
   -1227
   24807
   49582
   72005
   91388
  107331
  119793
  128400
  132978
  133594
  130308
  123269
  112723
   99130
   83101
   65220
   45953
   25447
    4432
  -16225
  -35400
  -52003
  -65656
  -76077
  -82887
  -85973
  -85254
  -81103
  -73822
  -63512
  -50066
  -33655
  -15409
    3223
   20986
   37287
   51985
   65012
   76438
   85961
   93114
   97578
   98997
   97546
   93231
   86138
   76789
   65533
   52680
   38614
   23763
    8649
   -6261
  -20533
  -33773
  -45209
  -54474
  -61310
  -65348
  -66387
  -64431
  -59649
  -52266
  -42616
  -31025
  -17671
   -3291
   11611
   26573
   41051
   54432
   66284
   76328
   84156
   89530
   92723
   93685
   92149
   87891
   80893
   71376
   59738
   46445
   31862
   16583
    1474
  -13008
  -26434
  -38307
  -48198
  -55693
  -60478
  -62624
  -62267
  -59064
  -53052
  -44645
  -34159
  -21942
   -8392
    6066
   20888
   35383
   48836
   61119
   71799
   80455
   86861
   90813
   92152
   90776
   86649
   79879
   70774
   60064
   47913
   34648
   20688
    6403
   -7582
  -20539
  -32074
  -42059
  -49995
  -55407
  -58375
  -58822
  -56544
  -51580
  -44150
  -34574
  -23440
  -11320
    1695
   15489
   29376
   42808
   55260
   66250
   75456
   82650
   87411
   89339
   88687
   85771
   80538
   73119
   63729
   52578
   39851
   25425
    9535
   -6929
  -22763
  -37537
  -51068
  -62815
  -71851
  -77038
  -77907
  -74840
  -68291
  -58290
  -44307
  -26730
   -6471
   15516
   38585
   61813
   83322
  100756
  112554
  119266
  122097
  121192
  116674
  109594
  100687
   88623
   73062
   54502
   32871
    8692
  -16657
  -40766
  -61509
  -77994
  -89281
  -93812
  -91821
  -84716
  -73891
  -60581
  -46210
  -32171
  -18539
   -4286
   10893
   26509
   41849
   56190
   68790
   79840
   89684
   97658
  102976
  105310
  104202
   99279
   90540
   78778
   65370
   51318
   37016
   22370
    7117
   -8317
  -22600
  -34692
  -44683
  -52790
  -58729
  -61831
  -62342
  -60822
  -57042
  -50556
  -41777
  -30997
  -18526
   -5035
    9200
   23969
   38694
   52926
   65983
   77288
   86492
   93232
   97082
   97705
   95457
   90721
   83567
   74189
   62932
   50223
   36544
   22522
    8651
   -4772
  -17043
  -27806
  -36764
  -43554
  -47991
  -49998
  -49567
  -46868
  -42227
  -35235
  -25898
  -14802
   -2390
   10908
   24554
   37941
   50450
   61498
   70908
   78458
   83647
   86247
   86004
   82992
   77349
   69222
   59032
   47195
   34793
   22524
   10308
   -1564
  -12956
  -24051
  -34575
  -44310
  -53022
  -59773
  -64410
  -67640
  -70267
  -71899
  -70323
  -63300
  -50186
  -33724
  -15969
    4653
   29362
   55393
   78652
   96376
  106328
  107579
  100781
   87304
   70881
   55432
   43720
   36338
   31512
   27038
   20770
   12450
    2340
   -9357
  -21691
  -33693
  -43625
  -49732
  -50722
  -46452
  -38196
  -27525
  -15275
   -1069
   15347
   34048
   55426
   78817
  100751
  117051
  125122
  124852
  118746
  110646
  103778
   99388
   95572
   88763
   75869
   55387
   30138
    5421
  -16388
  -35135
  -51908
  -66604
  -77864
  -84055
  -84224
  -78791
  -69052
  -56747
  -43997
  -31523
  -18773
   -5976
    6793
   19804
   32833
   45284
   56210
   65166
   72045
   76761
   79246
   79303
   76395
   69645
   58488
   43564
   27656
   12845
   -1513
  -15837
  -29132
  -39880
  -47130
  -50526
  -50287
  -47068
  -41272
  -33229
  -23559
  -12645
    -839
