  -92122
  -89899
  -87226
  -84053
  -80391
  -76471
  -72414
  -67629
  -62135
  -56327
  -50859
  -46006
  -41436
  -37052
  -32827
  -29166
  -26341
  -24132
  -22380
  -20837
  -19771
  -19324
  -19333
  -19730
  -20518
  -22046
  -24107
  -26591
  -29464
  -33096
  -37494
  -41893
  -45980
  -49996
  -54218
  -58334
  -62075
  -65335
  -68298
  -70675
  -72393
  -73548
  -74429
  -74868
  -74610
  -73515
  -72130
  -70688
  -69075
  -67130
  -65128
  -62913
  -60383
  -57530
  -54669
  -51994
  -49231
  -46197
  -43102
  -40260
  -37559
  -34991
  -32678
  -30856
  -29427
  -28243
  -27312
  -26882
  -26769
  -26785
  -26699
  -27066
  -27878
  -28654
  -29443
  -31042
  -34031
  -37645
  -41336
  -44799
  -48732
  -53151
  -57640
  -61796
  -65229
  -69093
  -73781
  -78239
  -81872
  -87014
  -92614
  -97453
 -101595
 -104296
 -105795
 -106224
 -105453
 -103445
 -100527
  -97104
  -92857
  -87831
  -82093
  -76075
  -69935
  -63671
  -57163
  -50664
  -44641
  -38879
  -33416
  -28381
  -24231
  -20973
  -18459
  -16497
  -15324
  -15353
  -16337
  -18173
  -20554
  -23592
  -27321
  -31488
  -35976
  -40875
  -46159
  -51416
  -56659
  -61777
  -67092
  -72562
  -77836
  -82608
  -87000
  -91461
  -95592
  -99183
 -102074
 -104496
 -106289
 -107289
 -107453
 -107065
 -106301
 -105036
 -103119
 -100467
  -97585
  -94479
  -91119
  -87367
  -83498
  -79455
  -75138
  -70443
  -65634
  -61024
  -56545
  -52246
  -48338
  -45143
  -42457
  -40427
  -39041
  -38564
  -38709
  -39329
  -40352
  -41995
  -44248
  -46800
  -49320
  -51708
  -54363
  -57151
  -59841
  -62178
  -64434
  -66724
  -68874
  -70789
  -72527
  -74387
  -76098
  -77682
  -79118
  -80492
  -81896
  -83155
  -83860
  -83761
  -83260
  -82505
  -81626
  -80460
  -79276
  -78060
  -76868
  -75494
  -74107
  -72987
  -71846
  -70568
  -69109
  -67871
  -66774
  -65673
  -64522
  -63521
  -62503
  -61545
  -60668
  -60023
  -59594
  -59437
  -59332
  -59535
  -60111
  -60853
  -61479
  -61940
  -62397
  -62631
  -62443
  -61773
  -60863
  -60032
  -59118
  -58120
  -56846
  -55417
  -53940
  -52357
  -50711
  -49072
  -47890
  -46958
  -46336
  -45913
  -45661
  -45815
  -46191
  -46792
  -47495
  -48571
  -50149
  -51967
  -53995
  -56075
  -58470
  -61278
  -64224
  -67092
  -69787
  -72674
  -75576
  -78206
  -80423
  -82320
  -84219
  -85875
  -87227
  -88110
  -88710
  -89333
  -89786
  -89878
  -89456
  -88910
  -88289
  -87335
  -85727
  -83714
  -81797
  -79853
  -77873
  -75663
  -73528
  -71761
  -70044
  -68139
  -65640
  -62777
  -59891
  -57512
  -56023
  -55242
  -54812
  -54708
  -54888
  -55263
  -55995
  -57207
  -58603
  -59741
  -60447
  -61461
  -62805
  -64020
  -64895
  -65707
  -66592
  -67091
  -67343
  -67365
  -67340
  -66959
  -66255
  -65057
  -62703
  -59820
  -56122
  -52110
  -48879
  -46989
  -45763
  -43419
  -39857
  -34064
  -25315
  -14189
   -1179
   13500
   29297
   45868
   62920
   80251
   97217
  113503
  128675
  142661
  155012
  165293
  173337
  179104
  182434
  183112
  181399
  177364
  171237
  162910
  152469
  140237
  126621
  111921
   96004
   79283
   62156
   45016
   28028
   11011
   -5664
  -21733
  -36862
  -51038
  -64321
  -76277
  -86704
  -95359
 -102524
 -108088
 -111835
 -113627
 -113749
 -112461
 -109574
 -105060
  -99086
  -92152
  -84209
  -75292
  -65375
  -54988
  -44594
  -34088
  -23339
  -12444
   -1898
    8411
   18179
   27358
   35769
   42997
   48953
   53776
   57396
   59586
   60532
   60376
   59248
   56936
   53428
   49002
   43909
   38354
   32002
   24895
   17349
    9658
    1914
   -6152
  -14375
  -22583
  -30381
  -37674
  -44827
  -51677
  -57991
  -63575
  -68385
  -72625
  -76321
  -79282
  -81396
  -82683
  -83465
  -83624
  -83049
  -81639
  -79570
  -77181
  -74349
  -71027
  -67081
  -62813
  -58458
  -53865
  -49074
  -44158
  -39540
  -35098
  -30738
  -26395
  -22371
  -19041
  -16248
  -13851
  -11818
  -10450
   -9887
   -9934
  -10395
  -11204
  -12759
  -14894
  -17494
  -20276
  -23235
  -26701
  -30459
  -34511
  -38682
  -43187
  -48027
  -52960
  -57679
  -62102
  -66527
  -70788
  -74584
  -77688
  -80216
  -82488
  -84307
  -85584
  -86208
  -86505
  -86600
  -86433
  -85690
  -84313
  -82647
  -80571
  -78038
  -74868
  -71537
  -68167
  -63674
  -58135
  -52472
  -47512
  -43120
  -39088
  -35506
  -33350
  -32276
  -31522
  -31010
  -30930
  -31203
  -31800
  -32282
  -33132
  -34591
  -36254
  -37822
  -39359
  -40773
  -41878
  -42662
  -43405
  -44208
  -44820
  -45118
  -45102
  -45229
  -45548
  -45942
  -46291
  -46604
  -47182
  -47930
  -48788
  -49542
  -50271
  -51362
  -52627
  -53986
  -55253
  -56615
  -58297
  -59982
  -61496
  -62697
  -63825
  -65012
  -65990
  -66582
  -66716
  -66735
  -66752
  -66605
  -66157
  -65488
  -64995
  -64645
  -64290
  -63862
  -63427
  -63255
  -63120
  -62911
  -62486
  -62088
  -62013
  -62050
  -62019
  -61804
  -61818
  -61972
  -62089
  -62021
  -61900
  -62016
  -62218
  -62409
  -62487
  -62766
  -63258
  -63798
  -64242
  -64665
  -65400
  -66245
  -67055
  -67624
  -68276
  -69217
  -70253
  -71190
  -71969
  -72870
  -73797
  -74696
  -75437
  -76197
  -77165
  -78082
  -78851
  -79394
  -80078
  -80811
  -81532
  -82002
  -82371
  -82924
  -83424
  -83769
  -83871
  -84061
  -84221
  -84200
  -83836
  -83403
  -83138
  -82943
  -82683
  -82200
  -81908
  -81795
  -81751
  -81427
  -80870
  -80563
  -80469
  -80651
  -80767
  -80802
  -81044
  -81390
  -81798
  -82006
  -81699
  -80009
  -77736
  -75522
  -73728
  -73086
  -74030
  -75158
  -75915
  -76471
  -76700
  -76411
  -75377
  -73942
  -71375
  -66522
  -59817
  -51672
  -41508
  -28951
  -14409
    1910
   19969
   39476
   59711
   80088
  100162
  119605
  137788
  154664
  170030
  183644
  194883
  203691
  210042
  213857
  215004
  213206
  208631
  201379
  191828
  179975
  165910
  149836
  132251
  113187
   93000
   72008
   50598
   28879
    7254
  -13937
  -34472
  -54375
  -73028
  -89977
 -104950
 -118142
 -129380
 -138344
 -144731
 -148658
 -150515
 -150119
 -147430
 -142408
 -135459
 -126928
 -116904
 -105557
  -93098
  -80093
  -66613
  -52700
  -38356
  -23985
  -10105
    3287
   16134
   28279
   39124
   48584
   56648
   63332
   68408
   71709
   73394
   73670
   72488
   69778
   65790
   60558
   54123
   46286
   37433
   27806
   17674
    6936
   -4388
  -15871
  -27089
  -37843
  -48365
  -58601
  -68240
  -77018
  -84792
  -91807
  -97940
 -102986
 -106725
 -109246
 -110891
 -111494
 -110957
 -109161
 -106411
 -102988
  -98693
  -93307
  -86966
  -80223
  -73202
  -65763
  -57797
  -49555
  -41464
  -33544
  -25906
  -18677
  -12326
   -6735
   -1809
    2552
    6027
    8374
    9740
   10233
    9960
    8574
    6034
    2605
   -1457
   -6037
  -11381
  -17337
  -23667
  -30109
  -36940
  -44143
  -51406
  -58490
  -65495
  -72597
  -79466
  -85807
  -91438
  -96600
 -101367
 -105460
 -108667
 -110921
 -112591
 -113765
 -114172
 -113673
 -112240
 -110208
 -107554
 -104025
  -99402
  -93826
  -87700
  -80971
  -73658
  -65894
  -58094
  -50333
  -42722
  -35344
  -28583
  -22408
  -16841
  -11875
   -7918
   -4918
   -2839
   -1493
   -1084
   -1887
   -3644
   -6249
   -9531
  -13727
  -18683
  -24134
  -29796
  -35544
  -41694
  -48063
  -54448
  -60479
  -66327
  -72389
  -78217
  -83657
  -88534
  -92941
  -97184
 -100986
 -104253
 -106793
 -108839
 -110590
 -111707
 -111995
 -111496
 -110589
 -109430
 -107801
 -105564
 -102791
  -99875
  -96791
  -93347
  -89411
  -85188
  -81170
  -77388
  -73847
  -70420
  -67439
  -65157
  -63342
  -61715
  -60330
  -59578
  -59271
  -59244
  -59310
  -59804
  -60923
  -62457
  -64095
  -65746
  -67788
  -70144
  -72652
  -75050
  -77415
  -80037
  -82704
  -85300
  -87671
  -90031
  -92456
  -94461
  -95985
  -97311
  -98618
  -99748
 -100510
 -100661
 -100476
  -99929
  -98957
  -97462
  -95702
  -93842
  -91780
  -89403
  -86852
  -84508
  -82262
  -80031
  -77695
  -75672
  -73978
  -72456
  -70891
  -69398
  -68417
  -67720
  -67131
  -66389
  -65662
  -65027
  -64443
  -63791
  -63077
  -62735
  -62614
  -62540
  -62393
  -62539
  -62963
  -63510
  -64008
  -64468
  -65260
  -66502
  -68081
  -69726
  -71341
  -73165
  -75411
  -77886
  -80404
  -82763
  -85152
  -87683
  -90111
  -92217
  -94009
  -95776
  -97387
  -98892
 -100300
 -101917
 -103480
 -104839
 -105693
 -106148
 -106345
 -105957
 -104745
 -102579
  -99675
  -96216
  -91947
  -86722
  -80470
  -73625
  -66780
  -59910
  -52984
  -46035
  -39526
  -33828
  -28822
  -24386
  -20525
  -17572
  -15819
  -15211
  -15536
  -16234
  -17566
  -20104
  -23608
  -28007
  -32882
  -38127
  -44051
  -50212
  -56431
  -62555
  -68637
  -75303
  -82211
  -89033
  -95412
 -101358
 -107131
 -112465
 -117144
 -120873
 -123844
 -126460
 -128496
 -129772
 -130044
 -129346
 -128155
 -126427
 -123960
 -120598
 -116504
 -112067
 -107300
 -102248
  -96785
  -91229
  -85825
  -80376
  -74888
  -69370
  -64236
  -59609
  -55480
  -51657
  -48201
  -45441
  -43273
  -41588
  -40214
  -39501
  -39648
  -40424
  -41622
  -43109
  -45268
  -48106
  -51486
  -55166
  -59087
  -63544
  -68345
  -73291
  -78107
  -82988
  -88108
  -93202
  -98050
 -102404
 -106603
 -110637
 -114340
 -117480
 -120189
 -122785
 -124929
 -126405
 -126992
 -126968
 -126316
 -125281
 -124065
 -122743
 -121155
 -119242
 -117270
 -115095
 -112683
 -109955
 -107190
 -104606
 -101971
  -99095
  -95914
  -92771
  -89967
  -87390
  -84817
  -82082
  -79454
  -76993
  -74564
  -72132
  -69861
  -68203
  -67058
  -66347
  -65879
  -65893
  -66670
  -67960
  -69606
  -71471
  -73811
  -76628
  -79655
  -82632
  -85551
  -88701
  -91875
  -94950
  -97693
 -100243
 -102904
 -105447
 -107775
 -109719
 -111493
 -113193
 -114599
 -115517
 -115969
 -116419
 -116777
 -116873
 -116478
 -115761
 -115074
 -114132
 -112752
 -110754
 -108454
 -106207
 -103819
 -101117
  -98096
  -95282
  -92797
  -90409
  -87996
  -85664
  -83863
  -82514
  -81414
  -80342
  -79668
  -79464
  -79557
  -79764
  -80402
  -81515
  -82957
  -84715
  -87083
  -89837
  -92831
  -95891
  -99305
 -102837
 -106266
 -109371
 -112342
 -115364
 -118145
 -120484
 -122341
 -124100
 -125813
 -127268
 -128240
 -128856
 -129331
 -129546
 -129347
 -128850
 -128152
 -127154
 -125755
 -124107
 -122503
 -120826
 -118925
 -116757
 -114733
 -112827
 -110944
 -108933
 -107099
 -105568
 -104077
 -102459
 -100711
  -99291
  -98217
  -97312
  -96466
  -95636
  -95096
  -95091
  -95401
  -95819
  -96171
  -96706
  -97713
  -98949
 -100342
 -101691
 -103068
 -104755
 -106549
 -108321
 -109845
 -111281
 -112971
 -114677
 -116232
 -117429
 -118517
 -119678
 -120682
 -121447
 -121913
 -122472
 -123001
 -123284
 -123125
 -122704
 -122429
 -122100
 -121578
 -120789
 -120114
 -119628
 -119131
 -118389
 -117571
 -117046
 -116622
 -116115
 -115353
 -114751
 -114444
 -114259
 -113955
 -113454
 -113224
 -113187
 -113192
 -113005
 -112799
 -112903
 -113131
 -113361
 -113399
 -113519
 -113628
 -113828
 -114313
 -115309
 -116709
 -118224
 -119614
 -120889
 -122365
 -123783
 -125026
 -125944
 -126829
 -127911
 -128935
 -129801
 -130387
 -130881
 -131439
 -131860
 -132008
 -131845
 -131666
 -131669
 -131631
 -131457
 -131093
 -130822
 -130726
 -130656
 -130363
 -129808
 -129449
 -129179
 -128820
 -128189
 -127553
 -127176
 -126913
 -126533
 -126007
 -125738
 -125674
 -125679
 -125447
 -125121
 -125069
 -125080
 -125045
 -124794
 -124670
 -124864
 -125148
 -125271
 -125204
 -125290
 -125597
 -125920
 -126033
 -125932
 -126038
 -126179
 -126272
 -126053
 -125751
 -125682
 -125673
 -125591
 -125291
 -125078
 -125093
 -125218
 -125204
 -125055
 -125151
 -125376
 -125569
 -125532
 -125494
 -125690
 -125910
 -126009
 -126025
 -126432
 -127062
 -127668
 -127997
 -128407
 -129083
 -129843
 -130519
 -131121
 -132017
 -132945
 -133709
 -134193
 -134740
 -135425
 -136049
 -136388
 -136409
 -136528
 -136697
 -136770
 -136476
 -136000
 -135857
 -135835
 -135736
 -135343
 -135049
 -134909
 -134725
 -134265
 -133601
 -133222
 -133024
 -132888
 -132556
 -132287
 -132252
 -132284
 -132196
 -132064
 -132213
 -132436
 -132541
 -132374
 -132402
 -132711
 -133012
 -133149
 -133215
 -133633
 -134262
 -134917
 -135340
 -135712
 -136360
 -137026
 -137631
 -138019
 -138553
 -139298
 -140041
 -140641
 -141149
 -141917
 -142773
 -143582
 -144109
 -144593
 -145274
 -146002
 -146609
 -147060
 -147680
 -148341
 -148876
 -149087
 -149298
 -149503
 -149552
 -149283
 -148744
 -148365
 -148037
 -147671
 -146981
 -146065
 -145213
 -144246
 -143119
 -141950
 -140978
 -140134
 -139341
 -138814
 -138569
 -138472
 -138404
 -138651
 -139287
 -140049
 -140651
 -141125
 -141779
 -142539
 -143152
 -143409
 -143268
 -143092
 -142923
 -142656
 -142036
 -141233
 -140645
 -140092
 -139413
 -138362
 -137249
 -136464
 -135858
 -135320
 -134744
 -134557
 -134712
 -135067
 -135428
 -136007
 -136745
 -137482
 -138100
 -138945
 -139745
 -140483
 -141149
 -142107
 -143155
 -144064
 -144685
 -145242
 -146050
 -146859
 -147400
 -147611
 -147730
 -148026
 -148248
 -148166
 -147681
 -147170
 -146762
 -146277
 -145519
 -144649
 -143885
 -143035
 -142085
 -141337
 -140867
 -140604
 -140421
 -140587
 -140985
 -141401
 -141625
 -141683
 -141930
 -142432
 -143006
 -143368
 -143575
 -143956
 -144493
 -144947
 -145135
 -145094
 -145289
 -145661
 -145961
 -145938
 -145812
 -145831
 -145777
 -145509
 -145111
 -144735
 -144226
 -143403
 -142410
 -141497
 -140476
 -139259
