  331263
  332799
  331775
  327679
  321023
  311295
  300543
  287231
  272383
  255999
  239103
  221183
  202239
  183295
  165375
  146943
  129023
  112639
   96255
   81407
   68095
   56831
   46591
   38399
   32255
   28159
   26111
   25599
   27135
   30207
   35839
   41983
   50175
   59391
   69631
   81407
   93183
  105983
  118783
  132095
  144383
  157183
  168959
  180223
  190975
  200191
  208895
  216063
  222719
  227327
  231423
  233983
  235007
  235007
  233983
  231935
  228351
  224255
  218623
  212991
  206847
  199167
  191487
  182783
  175103
  166399
  158207
  149503
  141823
  134143
  127487
  120831
  114687
  109567
  104447
   99839
   96255
   93183
   91135
   90111
   90623
   92159
   93695
   97279
  100863
  104959
  110079
  115711
  121343
  127487
  133631
  139775
  146943
  153087
  159231
  165375
  171007
  176127
  180735
  185855
  188927
  192511
  195071
  197631
  199167
  200191
  200191
  200191
  199167
  198655
  196607
  194559
  191999
  188927
  185855
  182783
  178687
  175103
  171519
  167935
  163839
  160255
  156671
  153599
  150527
  147967
  145407
  143359
  141311
  139775
  138751
  138239
  138239
  138751
  139263
  140799
  141823
  143359
  145919
  147967
  150527
  153087
  156159
  158719
  161791
  164863
  167935
  172031
  174591
  177151
  178687
  181759
  184319
  186367
  187391
  187391
  187903
  186879
  186367
  185343
  184831
  182783
  181759
  179199
  177663
  175103
  173055
  170495
  167935
  164863
  161791
  158719
  156159
  153087
  150527
  147967
  145919
  143871
  142847
  141823
  141311
  140799
  141311
  141823
  142847
  144383
  145919
  147967
  150015
  152575
  155135
  157183
  159231
  162303
  164351
  165887
  167935
  168959
  171007
  172031
  173055
  174079
  174079
  175103
  176127
  175615
  176127
  176127
  175103
  174591
  174079
  173055
  172031
  171519
  169983
  168959
  167935
  166911
  165887
  165375
  164351
  163839
  163839
  163327
  163327
  163327
  162815
  162815
  162815
  162815
  162303
  162303
  162303
  162303
  162815
  162303
  162303
  162303
  162303
  161279
  161279
  161279
  160767
  161279
  161279
  160767
  161279
  161279
  161279
  161279
  160767
  161279
  161279
  160767
  160255
  160255
  160767
  160767
  160767
  160767
  161279
  161279
  161279
  161791
  162303
  162303
  162815
  163327
  163327
  163839
  164351
  163839
  164351
  163839
  164351
  163839
  163327
  163839
  163327
  163327
  163327
  163839
  163327
  163839
  163839
  164351
  164351
  163839
  163839
  163839
  163327
  163327
  162815
  163327
  161279
  157183
  152575
  148479
  145407
  143359
  142335
  141823
  143359
  145407
  148479
  153087
  158207
  163839
  169983
  176127
  183295
  189951
  197119
  204287
  210943
  217087
  223231
  228863
  233471
  237567
  241151
  243199
  245247
  245247
  245247
  244223
  241663
  239103
  235519
  231423
  226815
  221695
  216063
  209919
  204287
  198143
  191487
  185343
  179199
  173055
  167935
  162815
  158207
  154111
  150527
  147455
  145407
  143359
  142335
  141823
  141823
  142847
  143871
  145919
  147967
  150527
  153599
  156671
  160255
  163327
  167423
  171007
  175103
  178687
  182271
  185855
  188927
  191487
  194559
  197119
  198655
  200703
  201727
  202751
  203263
  203263
  203263
  202239
  201215
  200191
  198143
  195583
  193535
  191487
  188415
  186367
  183295
  180735
  178175
  175103
  173055
  169983
  167423
  165375
  162815
  160767
  158719
  157695
  156159
  155135
  154111
  154111
  153599
  153599
  153599
  154623
  155135
  156671
  157695
  159231
  161279
  163327
  165375
  167423
  169983
  172543
  175103
  177663
  179199
  181759
  183807
  184831
  186879
  187903
  189439
  189951
  189951
  189439
  188927
  187903
  186367
  184831
  182783
  181759
  179199
  177663
  175615
  174079
  172031
  169983
  167935
  166399
  164863
  163839
  162303
  161791
  160767
  160767
  160255
  160255
  160255
  160255
  160255
  160255
  161279
  161791
  162303
  163327
  163327
  164351
  165375
  165375
  166399
  166911
  167935
  168959
  169471
  169983
  169983
  170495
  170495
  171007
  171007
  171007
  171007
  171519
  171007
  171519
  171007
  171007
  170495
  170495
  169983
  169471
  168959
  167935
  167935
  167423
  166911
  166399
  166399
  165887
  165375
  165375
  164863
  164863
  164863
  164351
  164351
  164351
  164863
  164863
  165375
  165375
  165887
  165887
  166399
  166399
  167423
  167935
  168447
  168959
  168959
  169983
  170495
  171007
  171519
  172543
  173055
  173567
  174079
  174079
  174079
  174591
  174591
  174079
  174079
  173567
  173055
  172031
  171519
  170495
  169983
  168959
  167935
  166911
  166399
  164863
  163839
  162815
  162303
  161279
  160767
  160255
  159743
  159231
  159231
  159231
  159231
  159231
  159743
  160255
  160767
  161279
  162303
  163327
  163839
  164863
  164863
  165375
  165375
  165375
  165375
  165375
  164351
  164351
  163839
  163327
  162815
  162815
  162303
  161791
  161791
  161279
  160767
  159743
  159231
  158207
  158207
  157695
  158207
  158207
  158719
  159231
  160255
  160767
  161279
  162303
  163327
  164351
  164351
  165375
  165375
  165887
  166399
  166399
  166399
  166399
  166399
  165887
  165375
  165375
  165375
  165375
  164863
  165375
  164863
  164863
  164863
  165375
  164863
  165375
  165375
  165887
  166399
  166399
  166399
  166911
  166399
  167423
  167423
  166911
  167423
  166399
  165887
  165375
  164351
  163839
  162815
  162303
  161279
  160767
  159743
  158719
  158207
  157183
  156671
  155647
  154623
  154111
  153599
  153087
  152575
  152063
  152063
  152063
  151551
  152063
  151551
  152575
  152063
  153087
  153087
  153599
  154111
  155135
  155647
  156159
  157183
  157695
  158719
  158719
  159231
  159743
  160255
  160255
  160255
  160255
  160255
  160255
  160255
  160255
  159743
  160255
  160255
  160255
  160255
  160255
  160255
  160767
  160767
  161279
  160767
  160255
  160767
  160255
  160767
  161279
  160767
  161279
  160767
  160255
  160255
  160255
  159231
  157695
  157183
  155135
  153599
  152063
  150527
  149503
  147967
  146943
  146431
  145919
  144895
  144895
  145407
  145919
  145919
  146943
  147455
  148479
  148991
  150015
  150527
  152063
  152575
  153599
  153599
  154111
  154111
  154111
  154111
  153599
  153599
  153599
  152575
  152575
  152063
  152063
  151039
  151039
  151039
  151039
  150527
  150527
  150527
  151039
  151039
  151551
  152063
  152575
  153087
  154111
  154623
  155647
  155647
  155647
  155135
  154623
  154623
  154111
  153087
  152575
  151551
  151039
  149503
  148479
  147967
  146943
  146431
  145919
  145919
  145407
  144895
  144895
  145407
  145919
  146431
  146943
  147967
  147967
  148991
  149503
  150527
  151039
  151551
  152575
  153087
  153599
  154111
  154623
  155647
  155647
  155647
  156159
  156159
  156671
  156671
  156671
  157183
  156671
  156671
  156671
  156159
  155647
  155135
  154623
  153599
  153599
  152063
  151551
  150527
  148991
  147967
  146943
  145919
  144895
  143871
  142847
  141823
  140799
  140287
  139263
  138239
  138239
  137215
  137215
  136191
  136191
  136191
  137215
  137215
  138239
  138239
  139263
  140287
  141311
  142335
  143871
  144895
  145919
  147455
  147967
  148991
  150015
  150527
  151551
  152575
  152575
  153599
  153599
  153599
  153599
  154111
  154111
  153599
  153599
  152575
  152575
  152063
  151551
  151039
  150015
  149503
  148479
  147967
  147455
  146943
  145919
  145919
  144895
  144895
  144895
  144383
  144383
  144383
  143871
  143871
  143871
  143871
  143359
  143359
  142847
  143359
  143359
  142847
  143359
  143359
  143871
  143871
  143871
  144383
  144895
  144895
  145407
  145919
  145919
  146431
  147455
  147967
  147967
  148479
  148991
  150015
  150527
  150527
  151039
  151551
  152063
  153087
  153087
  153599
  153087
  153599
  152575
  153087
  152063
  152063
  151039
  150527
  150015
  149503
  148479
  147967
  147455
  146943
  145919
  145407
  144895
  143871
  142847
  142847
  141823
  141823
  140799
  140287
  139775
  139775
  139775
  139775
  139775
  139775
  139775
  140287
  140287
  140799
  141823
  142335
  142847
  142847
  142847
  142847
  142847
  142335
  142335
  142335
  141823
  142335
  141823
  141823
  140799
  140799
  140799
  140799
  141311
  141823
  143359
  144383
  145919
  146943
  147967
  149503
  151039
  153087
  155135
  157695
  159743
  163327
  167935
  173055
  180223
  188415
  198143
  208895
  220671
  233983
  247807
  262143
  276991
  291839
  307199
  322047
  336383
  350207
  362495
  373247
  382463
  390143
  395263
  398335
  399359
  396799
  393215
  386047
  376831
  365567
  352255
  338431
  322047
  304639
  286207
  267263
  247807
  229375
  210431
  191999
  174591
  157695
  142335
  128511
  115711
  104959
   96255
   89087
   83967
   80383
   78847
   79359
   81407
   85503
   91135
   98303
  105983
  116735
  127487
  138239
  150527
  162303
  175103
  187903
  199679
  211455
  222719
  233471
  243199
  251903
  259071
  265727
  270847
  274943
  276991
  278015
  278015
  276991
  274431
  270335
  265727
  259583
  252927
  245247
  237567
  228351
  219135
  209919
  200191
  190975
  181247
  172031
  163327
  155135
  147967
  140799
  135679
  131071
  127999
  124927
  122879
  121855
  121343
  122367
  129023
  135167
  139775
  144895
  148479
  153599
  157695
  162303
  166911
  171519
  176127
  180735
  184831
  188415
  191487
  195583
  198143
  200191
  202239
  203263
  203263
  203263
  202239
  201215
  199167
  196607
  194047
  190463
  187391
  183807
  179711
  176127
  172031
  167935
  164351
  160255
  156671
  152575
  149503
  146943
  143871
  141823
  139263
  138239
  136703
  135679
  135167
  135167
  135167
  135167
  135679
  136703
  138239
  139263
  140799
  142847
  144895
  146943
  148991
  151551
  153599
  155647
  158207
  159743
  161791
  163327
  164863
  166399
  167935
  169471
  171007
  172031
  173055
  173055
  173055
  173055
  172543
  172031
  170495
  168959
  167423
  165887
  163839
  161791
  159231
  157183
  155135
  152575
  150527
  147967
  145919
  143871
  142847
  140799
  139775
  138239
  137727
  136703
  136191
  135167
  134655
  135167
  134655
  135167
  135167
  135679
  136191
  136703
  137727
  138239
  139263
  140799
  141823
  142847
  144383
  145919
  147967
  148991
  150527
  152063
  153599
  154623
  155647
  156159
  156671
  156671
  156671
  155647
  155135
  154623
  153599
  152575
  152063
  150527
  149503
  147967
  146943
  144895
  143871
  141823
  140287
  138751
  138239
  136703
  135679
  134655
  134143
  133119
  132607
  132095
  132095
  131583
  131071
  131583
  131071
  132095
  132095
  132607
  133631
  134655
  135167
  136703
  137727
  138751
  139775
  141311
  141823
  142847
  143871
  144383
  143871
  144383
  144383
  143871
  143871
  143871
  142847
  142847
  142847
  142335
  142335
  141823
  141311
  141311
  140799
  140799
  140799
  139775
  139775
  139775
  139775
  139775
  139775
  139775
  139263
  139775
  139263
  138751
  138239
  137727
  137727
  136703
  136191
  136191
  135167
  135167
  135167
  134655
  134143
  133631
  133119
  132607
  131583
  131071
  131071
  130559
  130047
  130047
  130047
  130047
  130047
  130047
  130047
  130047
  130047
  130559
  130559
  131071
  131583
  131583
  132095
  132095
  132095
  132095
  132095
  132095
  132095
  131071
  131071
  130559
  130559
  130047
  129535
  129535
  129023
  129023
  129023
  129535
  130047
  130047
  131071
  131071
  132095
  132607
  133119
  133631
  134655
  135167
  136191
  136703
  138239
  138751
  139775
  140287
  141311
  141311
  141823
  142335
  142335
  142335
  141823
  141823
  141311
  140799
  140287
  139775
  139775
  138751
  138751
  138239
  138239
  137215
  137215
  136191
  136191
  136191
  136191
  136191
  135679
  135679
  135679
  135167
  136191
  136191
  137215
  137727
  139263
  140287
  141823
  143871
  144895
  146431
  147967
  149503
  150015
  151039
  152063
  152575
  152575
  153599
  153599
  153599
  154111
  154111
  154623
  155135
  155647
  156159
  156671
  157183
  157695
  158207
  158207
  158719
  159231
  160255
  160767
  161279
  161279
  162303
  163327
  164351
  166399
  168959
  171519
  174591
  177663
  180735
  184319
  187903
  191487
  195071
  198143
  202239
  205311
  208383
  211967
  215039
  219135
  223743
  228351
  236031
  244735
  255999
  269823
  287231
  307199
  330239
  355839
  383487
  412671
  441855
  471039
  499199
  525823
  550399
  572415
  590847
  605695
  617471
  624639
  628735
  627711
  622591
  610815
  592383
  568319
  540671
  509439
  474623
  438783
  400895
  363007
  324095
  287743
  252927
  221695
  194047
  171519
  153599
  140799
  133119
  130047
  133119
  140287
  153599
  171007
  193023
  219647
  250879
  285183
  322559
  361983
  402943
  445439
  489471
  534015
  579071
  623615
  667647
  709119
  747519
  783359
  814079
  841215
  864255
  882687
  895487
  904191
  907263
  905215
  898047
  886783
  871423
  852479
  830463
  806911
  780287
  751103
  720383
  688127
  653823
  619007
  584191
  549887
  517631
  486399
  458239
  432639
  410111
  391167
  375295
  364031
  356351
  352767
  353279
  358399
  367615
  380415
  395263
  412671
  432639
  453119
  474623
  497151
  519167
  540671
  561151
  580095
  596991
  612863
  625663
  637439
  646655
  653823
  659967
  663551
  664575
  664063
  661503
  655871
  649215
  639487
  628223
  614911
  600063
  583679
  566271
  547327
  527871
  508415
  488447
  469503
  451071
  433151
  416255
  400895
  387071
  375295
  365055
  356863
  351231
  347135
  344575
  343551
  344575
  347135
  351231
  355839
  363007
  370175
  378879
  387583
  397823
  409087
  421375
  435711
  452607
  470527
  489471
  507903
  525823
  542719
  558079
  572927
  586751
  600063
  612351
  623615
  634367
  642559
  650751
  657407
  662527
  667647
  670207
  670719
  669695
  667647
  663551
  658431
  651263
  643071
  633343
  622591
  610303
  597503
  584703
  572415
  561151
  548863
  536575
  525311
  514559
  504319
  495103
  487423
  480767
  474623
  470527
  466943
  465919
  465919
  467967
  471039
  475647
  480767
  486911
  494079
  502271
  510975
  520703
  530943
  541183
  550911
  559615
  568319
  575487
  583167
  589823
  597503
  604159
  611327
  619007
  625663
  632319
  638463
  644095
  649215
  653311
  655871
  657919
  658943
  658431
  656383
  652799
  648703
  643071
  637439
  630271
  623615
  616959
  610815
  603647
  596991
  590335
  583679
  578047
  571391
  565247
  559615
  554495
  548863
  544255
  540159
  537087
  535039
  534015
  532991
  534015
  535039
  538111
  543231
  549375
  557567
  566783
  575487
  583679
  590847
  597503
  603135
  608255
  612351
  615935
  619519
  621055
  621567
  620543
  618495
  614911
  609279
  603135
  596479
  589311
  582143
  575487
  570367
  566271
  563199
  562175
  562687
  564223
  567295
  572415
  578047
  584703
  591871
  599551
  607231
  614911
  623103
  630783
  638463
  645631
  652799
  658943
  663551
  667647
  670719
  672255
  672255
  671743
  669695
  667135
  663039
  658431
  652287
  646143
  638975
  631807
  623615
  616447
  608255
  601087
  593407
  587775
  582143
  578047
  572415
  566783
  559103
  548863
  535039
  520191
  504319
  488447
  473599
  460287
  449023
  439807
  433151
  430591
  430591
  434687
  440831
  450559
  462847
  477695
  494079
  513535
  533503
  555519
  578047
  600575
  623103
  645119
  666623
  687103
  705535
  721919
  736767
  748031
  757247
  763903
  767487
  768511
  767487
  763391
  757247
  747519
  736767
  723967
  709631
  693247
  676351
  657919
  638975
  619007
  599551
  579583
  560127
  541183
  523263
  505855
  490495
  476159
  463359
  452607
  442879
  436223
  431615
  428543
  428031
  429055
  432639
  437247
  443903
  452607
  462335
  473087
  484351
  496639
  508927
  522239
  534527
  546815
  558591
  569343
  579583
  588799
  598015
  606207
  612863
  619519
  624127
  628735
  631295
  632319
  632319
  631807
  629759
  626175
  621567
  615935
  610303
  602623
  594431
  586239
  577535
  567807
  558591
  548863
  539135
  529919
  521727
  513023
  505343
  498687
  492543
  487423
  483839
  479743
  477695
  476159
  475135
  475647
  476671
  478719
  480767
  484351
  488447
  492543
  496639
  502271
  506879
  513023
  517631
  523263
  528383
  533503
  538623
  543231
  546815
  550911
  553983
  556543
  559103
  560639
  561663
  561663
  561151
  560127
  557567
  555519
  552447
  547839
  543743
  539135
  534015
  528895
  523263
  518655
  513023
  507903
  502783
  498175
  493567
  488959
  484351
  480255
  476671
  474111
  471039
  468479
  465919
  464383
  462847
  461311
  460287
  459263
  458751
  459263
  459263
  460287
  461311
  463359
  464895
  466943
  468991
  472063
  473599
  475647
  478207
  480767
  482815
  484863
  486399
  488447
  489983
  491519
  492031
  493055
  493567
  493567
  492543
  491519
  490495
  488447
  485887
  483327
  480255
  477695
  474111
  471039
  467455
  464383
  461311
  457727
  454655
  451583
  448511
  445439
  443391
  440319
  438271
  435711
  433663
  431615
  429055
  427007
  425471
  423935
  422399
  420863
  419327
  418303
  417279
  417279
  416767
  417279
  417279
  417279
  418303
  419327
  420351
  421375
  422399
  423423
  424447
  425983
  426495
  428031
  429055
  429055
  430079
  430591
  431103
  431615
  432127
  432127
  432127
  432127
  431103
  430079
  428543
  427007
  424959
  422911
  420351
  418303
  415231
  413183
  410623
  407551
  404991
  402431
  399871
  397823
  395263
  393215
  391679
  390143
  388607
  387583
  386047
  385535
  385023
  385023
  385023
  384511
  384511
  385023
  385023
  385023
  385023
  385535
  386047
  386047
  386047
  386047
  386047
  386559
  386047
  386559
  387071
  387071
  387071
  387071
  387071
  386559
  386559
  386047
  385535
  385023
  384511
  382975
  381951
  380415
  378879
  377343
  375295
  373759
  371711
  370175
  367615
  365567
  364031
  361983
  359935
  357887
  356863
  354815
  353279
  351231
  350207
  348671
  347135
  346111
  345087
  344063
  343551
  342527
  342527
  342527
  342015
  341503
  341503
  341503
  342015
  342015
  342527
  343039
  343551
  344063
  344575
  344575
  345087
  345087
  345599
  344575
  345087
  344575
  343551
  343551
  342527
  342015
  340991
  340479
  339455
  338431
  337407
  336895
  335871
  334847
  334335
  333311
  332799
  332799
  331775
  330751
  329727
  329215
  329215
  329727
  332287
  336383
  343039
  352255
  364031
  377855
  393727
  411647
  430079
  449535
  469503
  489983
  509951
  530431
  550399
  569343
  585727
  600575
  613887
  625663
  635391
  642559
  647679
  650239
  650751
  648191
  644095
  636415
  627199
  614911
  601599
  585727
  569343
  550911
  531455
  510975
  489983
  468479
  446975
  425983
  406015
  386047
  368639
  351231
  335871
  322047
  310271
  300543
  292863
  287231
  283647
  282111
  283135
  286207
  290303
  296447
  304639
  314367
  325631
  337407
  351231
  365055
  379391
  393727
  408575
  422399
  435711
  448511
  460287
  471551
  481279
  489983
  496639
  502783
  506367
  508927
  509951
  509439
  507391
  504319
  500223
  494079
  487423
  479743
  471039
  461823
  452095
  441855
  431615
  421375
  410623
  400895
  390655
  381439
  372735
  365055
  357375
  351231
  345599
  341503
  337919
  334847
  333823
  332799
  333311
  334335
  336383
  338431
  342015
  346111
  350719
  356351
  361983
  367615
  374271
  380415
  387071
  393215
  398847
  404991
  410111
  414719
  419327
  422399
  425471
  427519
  429055
  429567
  429055
  428031
  427007
  424447
  421887
  418303
  414719
  410111
  404991
  399871
  394751
  389119
  383487
  377343
  371711
  366591
  361471
  356351
  351743
  347135
  343551
  339967
  336895
  334335
  332287
  330751
  329215
  328703
  328703
  329215
  329727
  330751
  331775
  333823
  335359
  337407
  339455
  342015
  344575
  347135
  349183
  351743
  354303
  356351
  357887
  359935
  360959
  361983
  363007
  363007
  363007
  363007
  361983
  360959
  359423
  357887
  355839
  354303
  352255
  349183
  347135
  345087
  343039
  339967
  337919
  334847
  332799
  330239
  327679
  325119
  322559
  320511
  317951
  315903
  314367
  312831
  310783
  309247
  307711
  307199
  306175
  306175
  305663
  306175
  306175
  307199
  307199
  307711
  308735
  309247
  309759
  310271
  310783
  311295
  311807
  311807
  312319
  312319
  312831
  312831
  312319
  312319
  311807
  311295
  310271
  308735
  307711
  306175
  304639
  303615
  301567
  300543
  298495
  296447
  294911
  292863
  291327
  288767
  287231
  285695
  284159
  282623
  281087
  280063
  279039
  278015
  277503
  276991
  276991
  276479
  276991
  276991
  277503
  278015
  279039
  280063
  280575
  281087
  282111
  281599
  282111
  282111
  281087
  281087
  280063
  280063
  279039
  278015
  277503
  276479
  275967
  274431
  273407
  272895
  271359
  270335
  268799
  267775
  267263
  266751
  265727
  265727
  264703
  264703
  264703
  264191
  264191
  263679
  263679
  263679
  263679
  263679
  263167
  263167
  262655
  262655
  262143
  261631
  261119
  261119
  260607
  260607
  260095
  260095
  260607
  260607
  261119
  261119
  261631
  261631
  261631
  261119
  261119
  260607
  260607
  260607
  259583
  259583
  259071
  258559
  257535
  256511
  254975
  253951
  251903
  250879
  248831
  247295
  245759
  244223
  242687
  242175
  241151
  240127
  239103
  238591
  238079
  237567
  237055
  236543
  236543
  235519
  235519
  235519
  235007
  235519
  234495
  234495
  233983
  234495
  233471
  233471
  233471
  233471
  233471
  233471
  233471
  233471
  233471
  233471
  233471
  232447
  231935
  230911
  230399
  229375
  228351
  227839
  227327
  226815
  226815
  226303
  226303
  226815
  226815
  226815
  227327
  227327
  227839
  227839
  228351
  228351
  228863
  228863
  229375
  229375
  229375
  229375
  228863
  228863
  228351
  227839
  227327
  226815
  225279
  224767
  223231
  222719
  220671
  219647
  217599
  216575
  215039
  212991
  211455
  208895
  207871
  205311
  204287
  202751
  201727
  200703
  200191
  200191
  200191
  201215
  201215
  201727
  203263
  203263
  204287
  205311
  205823
  207359
  207871
  208895
  209919
  210431
  211455
  211967
  212479
  212479
  212991
  212991
  212479
  212991
  211967
  212479
  211967
  211455
  211455
  210943
  210431
  209919
  208895
  208383
  207359
  206335
  204287
  202751
  201215
  199167
  197631
  195583
  194047
  191999
  190463
  188927
  187903
  186879
  184831
  183807
  183295
  182271
  181759
  181247
  181247
  181247
  181759
  181759
  182271
  182783
  183295
  184319
  184831
  185855
  186367
  186879
  187903
  188415
  189439
  190463
  190463
  191487
  192511
  193023
  193535
  194559
  194559
  195071
  195583
  195071
  195071
  195071
  194559
  194559
  193535
  193023
  192511
  191487
  190463
  189439
  187903
  186367
  185343
  183295
  182271
  180735
  179711
  178175
  177151
  176127
  175103
  175103
  174591
  174591
  174591
  175103
  175103
  175615
  175615
  176127
  175615
  175615
  175103
  175103
  174079
  174079
  173567
  173055
  172543
  172031
  172031
  172031
  171007
  170495
  169983
  169471
  168959
  168959
  168959
  167935
  168447
  168447
  168447
  168959
  168959
  169471
  169983
  169983
  170495
  171007
  171007
  172031
  171519
  172031
  172031
  172031
  171519
  171519
  171007
  169983
  169983
  168959
  168447
  167935
  167423
  166399
  165887
  165375
  164351
  163327
  162303
  161791
  161279
  160255
  159231
  158719
  158207
  157695
  157183
  157183
  156671
  156159
  156159
  155647
  155647
  156159
  156671
  156671
  157695
  158207
  158719
  159743
  160255
  161279
  162303
  163327
  163839
  164351
  165375
  166399
  166399
  167423
  166911
  167423
  166911
  166399
  165887
  165375
  164351
  163327
  162303
  161279
  160255
  158719
  158207
  156671
  156159
  155135
  154111
  153599
  153599
  153087
  152575
  153087
  152575
  152575
  152575
  151551
  151039
  150527
  148991
  147967
  146943
  145919
  144895
  143871
  143359
  142335
  142335
  141823
  142335
  142335
  142847
  143871
  144895
  145919
  146943
  148479
  149503
  151551
  152575
  154623
  156159
  157183
  158207
  159231
  160767
  161279
  162303
  162303
  162303
  162303
  162303
  161279
  161279
  160255
  159231
  158207
  157183
  156159
  154623
  152575
  151039
  149503
  147967
  145919
  144383
  142335
  140799
  138751
  137215
  136191
  134655
  134143
  133119
  132095
  132095
  131071
  131583
  131071
  131583
  132095
  132095
  133119
  133119
  134143
  135167
  135167
  136191
  137215
  138239
  138751
  139775
  140799
  141823
  142847
  143871
  144895
  145919
  146431
  147455
  147967
  148479
  148991
  149503
  149503
  149503
  149503
  149503
  149503
  148991
  148479
  147967
  146943
  145919
  144895
  143359
  141823
  140287
  138239
  135679
  132607
  130047
  126975
  123391
  121343
  118783
  116223
  114175
  112127
  110591
  109055
  108031
  107007
  107007
  107007
  107007
  107007
  108031
  109055
  110079
  111615
  113663
  115711
  118271
  120319
  122879
  125439
  128511
  130559
  133119
  135167
  137215
  139263
  140799
  142847
  144383
  145407
  146943
  147967
  148991
  150015
  150527
  150527
  150527
  150527
  150015
  148991
  147967
  145919
  144895
  142847
  140287
  138239
  136191
  133631
  131583
  129535
  127487
  125439
  123391
  121855
  120319
  118783
  117759
  116735
  115199
  114687
  113663
  112639
  112639
  112127
  112639
  112639
  113663
  114687
  115711
  116735
  117759
  119295
  120319
  121855
  123391
  124927
  125951
  126975
  127487
  128511
  127999
  127999
  126463
  125439
  124415
  122879
  121343
  119807
  118783
  117247
  116223
  114687
  114175
  113663
  112639
  112127
  111103
  111103
  110591
  110591
  110591
  110591
  110591
  111103
  111615
  112639
  112639
  113663
  114175
  115199
  115711
  116735
  117759
  118783
  119807
  120831
  121343
  122879
  123391
  124415
  124927
  125439
  125951
  126463
  126463
  126463
  125951
  125439
  124415
  124415
  123391
  122367
  121855
  120831
  119807
  119295
  118271
  117759
  116735
  115711
  115711
  114687
  114175
  113663
  113663
  112639
  112639
  112127
  111615
  111103
  110591
  110079
  109567
  109567
  109567
  109055
  109055
  109055
  109567
  109567
  109567
  110079
  110591
  110591
  111615
  112639
  112639
  113663
  114175
  114687
  115711
  116223
  116735
  117759
  118271
  119295
  119295
  119807
  120319
  120319
  120831
  120319
  120319
  119807
  119295
  118783
  117759
  116735
  116735
  116735
  116735
  116735
  116223
  115199
  114175
  112639
  111103
  109567
  108031
  105983
  105471
  103935
  104447
  105471
  108031
  112639
  118783
  126463
  135167
  145407
  155647
  167423
  179199
  191487
  204287
  216063
  227839
  239615
  249855
  259071
  267263
  274431
  280575
  284671
  286719
  287743
  286719
  285183
  281087
  276479
  269823
  262655
  253951
  244223
  233471
  222719
  210943
  199167
  186879
  175103
  162815
  150527
  139775
  129023
  118783
  109567
  100863
   93695
   87551
   82431
   78335
   75775
   73727
   73727
   73727
   76287
   78847
   82431
   88063
   93695
  100351
  107519
  115199
  122879
  131071
  138751
  147455
  155647
  162815
  170495
  177151
  183807
  189439
  194559
  198655
  201727
  204799
  206847
  207359
  207359
  206335
  205311
  202751
  199679
  195583
  191487
  186879
  181759
  176127
  169983
  163839
  157183
  151551
  144895
  138239
  132095
  126463
  120319
  115711
  110591
  105983
  102399
   99327
   96255
   94207
   92671
   92159
   91135
   92159
   93183
   95231
   97279
   99839
  102911
  107007
  111103
  115711
  119807
  124415
  129023
  133631
  138239
  142847
  146431
  150527
  153599
  156671
  158719
  161279
  163839
  165375
  166399
  166911
  167423
  166911
  166399
  166399
  165375
  163839
  161279
  158207
  155135
  151551
  147967
  144895
  140799
  137215
  133119
  129023
  124927
  120831
  117247
  113663
  110079
  107007
  103935
  101375
   99327
   97279
   96255
   95231
   95231
   95231
   96255
   97279
   98815
  100863
  102911
  106495
  109567
  112639
  116735
  120319
  123903
  127999
  131071
  135167
  138751
  141823
  144895
  147967
  150527
  153087
  155135
  156671
  157695
  158207
  158719
  158207
  157695
  156159
  154623
  152063
  150015
  146943
  144383
  140799
  137727
  134143
  130559
  126975
  123391
  119807
  116735
  113663
  110079
  107519
  104959
  102911
  100863
   99327
   98303
   97279
   96767
   96255
   96255
   96767
   97279
   98815
   99839
  101887
  103423
  105471
  108031
  110079
  111615
  114175
  115711
  117759
  118783
  120319
  121855
  123391
  124927
  125951
  126463
  127487
  128511
  128511
  128511
  129023
  129023
  128511
  128511
  127999
  127487
  127487
  127487
  126975
  126463
  126463
  125951
  124927
  124415
  123391
  122367
  121343
  120319
  120319
  119295
  118783
  117759
  117247
  116735
  115711
  115199
  114687
  113663
  113663
  113663
  113663
  113663
  113663
  114687
  115199
  115711
  116223
  116735
  117759
  118783
  119295
  120319
  121343
  122367
  122879
  123391
  124415
  124415
  124927
  124927
  124927
  124415
  124415
  124415
  123391
  122367
  120831
  119295
  116735
  114687
  112639
  109567
  108031
  105471
  103935
  101887
  100863
   99839
   98815
   98815
   98815
   98815
   98815
   99839
  100351
  101375
  101887
  103935
  104959
  107007
  109055
  110591
  112639
  114687
  116735
  118783
  120831
  122879
  124415
  125439
  126975
  127487
  128511
  128511
  129023
  129023
  128511
  127487
  126463
  124927
  123391
  121343
  119295
  118271
  116735
  116735
  116223
  115711
  115711
  115199
  115711
  115199
  115199
  115199
  114687
  115199
  114687
  115199
  115199
  115199
  115711
  115199
  115199
  115711
  115711
  115711
  115711
  116735
  116735
  116735
  117247
  116735
  117247
  117759
  117759
  117247
  117759
  117247
  116735
  116735
  116735
  116223
  116223
  115711
  115199
  115199
  114687
  114687
  114687
  114175
  113663
  113663
  113663
  113663
  113663
  113663
  113663
  113663
  113663
  113151
  113151
  112639
  112639
  112639
  112639
  112639
  112639
  112639
  112639
  113151
  112639
  113151
  113151
  113663
  113663
  113663
  114175
  113663
  113663
  113151
  113151
  112639
  112127
  112127
  111615
  111615
  111615
  111615
  111615
  111615
  111615
  111103
  110591
  110079
  109055
  108031
  107007
  105983
  104959
  104447
  103423
  102911
  102911
  102399
  102399
  102399
  102399
  102911
  102911
  103935
  103935
  104959
  105983
  106495
  108031
  108543
  109567
  110591
  112127
  113663
  114175
  115199
  116223
  117247
  118271
  118783
  118783
  119295
  119807
  119295
  119807
  119807
  119295
  119295
  118783
  117759
  117759
  116735
  116223
  115711
  114687
  114175
  113663
  112639
  112127
  111615
  111615
  110591
  109567
  109055
  108543
  108031
  107007
  105983
  105471
  104959
  104447
  103935
  103935
  103423
  102911
  103423
  102911
  103423
  103935
  103935
  103935
  104959
  104959
  105471
  106495
  107007
  108031
  108543
  109567
  110079
  110591
  111615
  112639
  113151
  114175
  114687
  115199
  114687
  115199
  114687
  114687
  113663
  113663
  112639
  112639
  111615
  110591
  109567
  108543
  107007
  105983
  104447
  102911
  101887
  100863
   99327
   98815
   97791
   96767
   96255
   96255
   95743
   95743
   96255
   96255
   96255
   97279
   98303
   98815
  100863
  101887
  103935
  105471
  107007
  108543
  110079
  111615
  112639
  114175
  115199
  116223
  117247
  118271
  118783
  119295
  119295
  119295
  119295
  119295
  119295
  118783
  118271
  117759
  116735
  115711
  114175
  112639
  111103
  109567
  108031
  105983
  103935
  101887
   99839
   98303
   96255
   95231
   94207
   92671
   91647
   91135
   90623
   90111
   89599
   89599
   89087
   89599
   90111
   90623
   91135
   92671
   93695
   95743
   97279
   98815
  100863
  102399
  104959
  105983
  108031
  109055
  111103
  112127
  113663
  114687
  115711
  116223
  116735
  117247
  117247
  116735
  116735
  116223
  115199
  114175
  113663
  112639
  111615
  110591
  109055
  108031
  107007
  105983
  104447
  103935
  102911
  101375
  100863
   99839
   98815
   98303
   97279
   97279
   96767
   96767
   96255
   96767
   96767
   97279
   97791
   98303
   98815
   99839
  100863
  101887
  102911
  102911
  104447
  105471
  106495
  107007
  108031
  108543
  109055
  109567
  109567
  109567
  109567
  109567
  110079
  109055
  109055
  108031
  108031
  107007
  106495
  105983
  105983
  104959
  104959
  104447
  104447
  103935
  103935
  103423
  102911
  102911
  102911
  102399
  102399
  102399
  102399
  102399
  102399
  102399
  102911
  102399
  102911
  102911
  102911
  103935
  103935
  103935
  103935
  103423
  103935
  103935
  103935
  103935
  103935
  103935
  103935
  103935
  103935
  104447
  104447
  104447
  104447
  104447
  103935
  104959
  105983
  107007
  108031
  108031
  107007
  104959
  101887
   98815
   95231
   91647
   87551
   83967
   80383
   77311
   74239
   71679
   69631
   68095
   67071
   66047
   66559
   67071
   68095
   70143
   72191
   75263
   77823
   81407
   85503
   89087
   93183
   97279
  101375
  105983
  109567
  113151
  116735
  119295
  122367
  124415
  125951
  127487
  128511
  129023
  129023
  128511
  128511
  127487
  126463
  125439
  123391
  121855
  119807
  117759
  115711
  113151
  111103
  109055
  106495
  103935
  101887
   98815
   97279
   95231
   93183
   91135
   90111
   89087
   87551
   87039
   86527
   86015
   86527
   86015
   86015
   86527
   87039
   87551
   88575
   89087
   90111
   91135
   93183
   94719
   96255
   98303
   99839
  101887
  103935
  104959
  107007
  109055
  110591
  111615
  112639
  114175
  115199
  115711
  116735
  117759
  118783
  119295
  119295
  119295
  118783
  119295
  120319
  122879
  124927
  127487
  129535
  132095
  133119
  134655
  136191
  137727
  138751
  140287
  141823
  143871
  145919
  148991
  152575
  157695
  163327
  169471
  175615
  182783
  189439
  197631
  205311
  214015
  222719
  232447
  242175
  252415
  262655
  274431
  285183
  295935
  306175
  315391
  323071
  330239
  336383
  342015
  346623
  350207
  353279
  354303
  355839
  355839
  355839
  354303
  351743
  348159
  343039
  337407
  330751
  323071
  313343
  301567
  288255
  273919
  260607
  246271
  233471
  220159
  207359
  195583
  184831
  174079
  165375
  157695
  151551
  145919
  141823
  139775
  138239
  138751
  140287
  142847
  146431
  150527
  156671
  162303
  168959
  175103
  182271
  188415
  195071
  201215
  207359
  212479
  218111
  223743
  227327
  231423
  235007
  238079
  239615
  240639
  242175
  241663
  241151
  239103
  237055
  233471
  229887
  225791
  221183
  216575
  210943
  206335
  200191
  194559
  189439
  183807
  177663
  173055
  167423
  162815
  158207
  154111
  150527
  147455
  144383
  142847
  140799
  140287
  140287
  140799
  141311
  142847
  145407
  147455
  149503
  152575
  155647
  158719
  162303
  165375
  168447
  172031
  175103
  177663
  180735
  183295
  185855
  187903
  189439
  190975
  192511
  193023
  193535
  193535
  193023
  192511
  191487
  189951
  188415
  186367
  184319
  181247
  177663
  175103
  171519
  167423
  163839
  160255
  156159
  152575
  149503
  146431
  143359
  140287
  138239
  136191
  134143
  133119
  131583
  131071
  130559
  130047
  131071
  131071
  132095
  132607
  134143
  135167
  136191
  137215
  138751
  139775
  141823
  144383
  147967
  150527
  153599
  156671
  158719
  160767
  162303
  164351
  165887
  167935
  169983
  172031
  174079
  177151
  179711
  182783
  187903
  193023
  199167
  205311
  211967
  218623
  225791
  232447
  239103
  245759
  251903
  258559
  263679
  268799
  273407
  277503
  280063
  282111
  284159
  284159
  283647
  282111
  280063
  276479
  272383
  266751
  260607
  253439
  246271
  237055
  228863
  219647
  210431
  201215
  191999
  183295
  175103
  166911
  160255
  153599
  148479
  144895
  140799
  138751
  137215
  137215
  138239
  138751
  141823
  144895
  148479
  152575
  157695
  162303
  167935
  174079
  179711
  185855
  191999
  198143
  204287
  209919
  215551
  220671
  225279
  228863
  231935
  235007
  236543
  238079
  238079
  238079
  237567
  236543
  235007
  232447
  229887
  226815
  222719
  218623
  214527
  209407
  204799
  199167
  194559
  189951
  184831
  180223
  176127
  172031
  167935
  164351
  161791
  159231
  157695
  155647
  155647
  155135
  155647
  156671
  158207
  160255
  163327
  165887
  168959
  172031
  175615
  178687
  182271
  185855
  188415
  191999
  194559
  197631
  200191
  203263
  205311
  207359
  208383
  208895
  209919
  209407
  209407
  208895
  207871
  206335
  205311
  203263
  201215
  199167
  196607
  193535
  191487
  187903
  185855
  182783
  179711
  177151
  175103
  172543
  170495
  168447
  166911
  165375
  164351
  163327
  163327
  162303
  162815
  162815
  162815
  163839
  164351
  166399
  166911
  167935
  169471
  170495
  172031
  173055
  174079
  175103
  176127
  177151
  177663
  179199
  179711
  180735
  181759
  182271
  182783
  182783
  182783
  182783
  182783
  182271
  181759
  180735
  179711
  178687
  177663
  176639
  175615
  174079
  172543
  172031
  171007
  170495
  169471
  168959
  168447
  167935
  167423
  166911
  165887
  165375
  164863
  163839
  163327
  163327
  163327
  163327
  163327
  163327
  163839
  164351
  164351
  164351
  164863
  164863
  165375
  165375
  165375
  165375
  165375
  165375
  165375
  164351
  164351
  163839
  163327
  162815
  162303
  162303
  162303
  162303
  162815
  163327
  164351
  165887
  167423
  167935
  169983
  171007
  172543
  173567
  174591
  176127
  176127
  177151
  177663
  177663
  177663
  177663
  177151
  177151
  176127
  175103
  175103
  174079
  173567
  173055
  172031
  171007
  169983
  168447
  167423
  165887
  164351
  162303
  160767
  159231
  157695
  156159
  154623
  153599
  152575
  151551
  151039
  150527
  150015
  149503
  149503
  148991
  148479
  148479
  148479
  148991
  148991
  149503
  149503
  150015
  150527
  151551
  151551
  152575
  153599
  154111
  154623
  155647
  156671
  157695
  158719
  160255
  160767
  162303
  162815
  163839
  164351
  165375
  165375
  165375
  165375
  165375
  164863
  164863
  163839
  163839
  163327
  162815
  162303
  161791
  160767
  160255
  159231
  158719
  158207
  157695
  157183
  156671
  155647
  155647
  154623
  154623
  154111
  153599
  153599
  153599
  153599
  153599
  153599
  154111
  154623
  155135
  156159
  156671
  156671
  157183
  157695
  158207
  158207
  158719
  159231
  159231
  159231
  159743
  159231
  159231
  159231
  158719
  158207
  158207
  157695
  157695
  157183
  156159
  156159
  155647
  155135
  154623
  154111
  153599
  153087
  153599
  153599
  154623
  154623
  156159
  157183
  158207
  158719
  159231
  159231
  159231
  159231
  159231
  159743
  159231
  158719
  157695
  156159
  155135
  153087
  151039
  148991
  147967
  145919
  144383
  142847
  141823
  141311
  140287
  139775
  139263
  138751
  139263
  139775
  140287
  141311
  142335
  143871
  145407
  147455
  149503
  151551
  153087
  155135
  156671
  157695
  158207
  159231
  159743
  160255
  160255
  160255
  160255
  159743
  159743
  159743
  159231
  159231
  158207
  158207
  158207
  157695
  157183
  156671
  156671
  156159
  155647
  155135
  154623
  154111
  153599
  152575
  151551
  151551
  150527
  149503
  148479
  147967
  146943
  145919
  144895
  144895
  143871
  143359
  142847
  142847
  142847
  142847
  143359
  143359
  143871
  143871
  144895
  144895
  145919
  146431
  146943
  147967
  148479
  149503
  150015
  150527
  151551
  152063
  153087
  153599
  153599
  154111
  154623
  155135
  155647
  156159
  155647
  156159
  156671
  156159
  155647
  155647
  154623
  154623
  153599
  152575
  151551
  150527
  149503
  147967
  146943
  145919
  144895
  143871
  142847
  141823
  140799
  140287
  139263
  138751
  138239
  137215
  137215
  136703
  136703
  136703
  137215
  137727
  138239
  138751
  139263
  140287
  140799
  142335
  143871
  144895
  145919
  146943
  148479
  149503
  150527
  151039
  152063
  153087
  153599
  153599
  154111
  154111
  154623
  154623
  154111
  154111
  154111
  153599
  154111
  153599
  153599
  153599
  153087
  153087
  152575
  152575
  151551
  151039
  150527
  149503
  148479
  147967
  146943
  145919
  145407
  144895
  144383
  143871
  143871
  143871
  143871
  143359
  143871
  143871
  143871
  143871
  143871
  143871
  144383
  144895
  144383
  144895
  143871
  143871
  143359
  143871
  143359
  143871
  143871
  143871
  143871
  143871
  143871
  143871
  143871
  143871
  143871
  143871
  143359
  142847
  142847
  141823
  141311
  140799
  139775
  139263
  139775
  139775
  139775
  139263
  138751
  137727
  136703
  135167
  134143
  133119
  132095
  132095
  131583
  131583
  131583
  132095
  133119
  134143
  134655
  135679
  137215
  138751
  139775
  140799
  142847
  144383
  145919
  146943
  148479
  149503
  151039
  151551
  152575
  153087
  153599
  154623
  154623
  154623
  155135
  154623
  154623
  153599
  153599
  153599
  152575
  152575
  151551
  151039
  150527
  150015
  148991
  148479
  147455
  146943
  145919
  144895
  144383
  143871
  142847
  142335
  141823
  141311
  140799
  140799
  140287
  140287
  140287
  140799
  140799
  140287
  140799
  140287
  140287
  139775
  139775
  139775
  139775
  138751
  138751
  138751
  138239
  137215
  137215
  136191
  135679
  135167
  135167
  134655
  135167
  135167
  135167
  135679
  136191
  137215
  138239
  138751
  139263
  139775
  140799
  140799
  141823
  142847
  142847
  143871
  143871
  144383
  144895
  145919
  145919
  145919
  145919
  146431
  145919
  145919
  145407
  145407
  144383
  143871
  142847
  141823
  140799
  139775
  138751
  137727
  136703
  136703
  136191
  136191
  135167
  136191
  136191
  136191
  136191
  136191
  136703
  137215
  137727
  138751
  139775
  140799
  142335
  143871
  144895
  146943
  147967
  148479
  149503
  150527
  150527
  151551
  151551
  151551
  151039
  150527
  149503
  148479
  146943
  145919
  143871
  142335
  140799
  139263
  137215
  135679
  133631
  131583
  130047
  128511
  126463
  124415
  123391
  122367
  121343
  120319
  120319
  119807
  119807
  120319
  120319
  121343
  121855
  122879
  123903
  124415
  125951
  127487
  128511
  129535
  131071
  132095
  133119
  133631
  134143
  135167
  135679
  136703
  137215
  138239
  138751
  140287
  140799
  142335
  143359
  144383
  145407
  146431
  147455
  147967
  148479
  149503
  149503
  150527
  150527
  151039
  150527
  150527
  150527
  150527
  149503
  148479
  147967
  146943
  145919
  144895
  143871
  142847
  141311
  140799
  139775
  138751
  137727
  137215
  136703
  135679
  135167
  134655
  134143
  133631
  133119
  132095
  132095
  131583
  131071
  131071
  130559
  130047
  130047
  129535
  129023
  129023
  128511
  128511
  128511
  128511
  127999
  128511
  128511
  129023
  130047
  130559
  131583
  133119
  133119
  134655
  135167
  136703
  137727
  138239
  138751
  139775
  140287
  140799
  140799
  141311
  141311
  141311
  141311
  140799
  139775
  139775
  138751
  137727
  137215
  136191
  135167
  134655
  133119
  132607
  132095
  131071
  130047
  129023
  128511
  127487
  126463
  126463
  125439
  125439
  125439
  125439
  125439
  125439
  125951
  125951
  126463
  126975
  127487
  127999
  128511
  129023
  129023
  130047
  130559
  131071
  131583
  132095
  132607
  133119
  133631
  134143
  134655
  135167
  135167
  135679
  135679
  135167
  135167
  134655
  134143
  133631
  133631
  133119
  133119
  132095
  131583
  131071
  130047
  129535
  129023
  128511
  127999
  127487
  126463
  126463
  125439
  124927
  124415
  123903
  123391
  122879
  122367
  121855
  121343
  121343
  121343
  121343
  121343
  121343
  121855
  122367
  122367
  123391
  123391
  124415
  124415
  124927
  125951
  126463
  126463
  127487
  127999
  128511
  129023
  129535
  130047
  130047
  130047
  130047
  130047
  130047
  130047
  129023
  129023
  128511
  128511
  127487
  127487
  127487
  126975
  126463
  126463
  125439
  125439
  124927
  124415
  124415
  124415
  124415
  123903
  123391
  123391
  123391
  122879
  122367
  122367
  122879
  122879
  122879
  123391
  123391
  124415
  124415
  124415
  124927
  124927
  125439
  125439
  126463
  126463
  126463
  126975
  126975
  127487
  127487
  127487
  127487
  127487
  126975
  126463
  126463
  125439
  124927
  124415
  123391
  122367
  121343
  120319
  119295
  117759
  116735
  114687
  113663
  112127
  110591
  109055
  108031
  107007
  105471
  104447
  103935
  102911
  102911
  101887
  101887
  101887
  102399
  101887
  102911
  103423
  103935
  104959
  106495
  108031
  109055
  110591
  112127
  113151
  114687
  116223
  117759
  118783
  119295
  120319
  121343
  121855
  122367
  122367
  122367
  122367
  122367
  122367
  122367
  121855
  121343
  120319
  119807
  119807
  119807
  119807
  118783
  118783
  118271
  117759
  116735
  116223
  116735
  116735
  116735
  116735
  117759
  117759
  117759
  117759
  116735
  116735
  116223
  115711
  115711
  114687
  114687
  114687
  114175
  113663
  113663
  113663
  113151
  113151
  113663
  113663
  114175
  113663
  114175
  114175
  114687
  114687
  114687
  115199
  115711
  115711
  116223
  115711
  115711
  115711
  115711
  115711
  115711
  115711
  115711
  115711
  115711
  114687
  114687
  114687
  113663
  113151
  112639
  112127
  111615
  111615
  111103
  110591
  110591
  109567
  109055
  109055
  108031
  109055
  109055
  110079
  111103
  112127
  113663
  114687
  115711
  116223
  116735
  117759
  117759
  118783
  118783
  118783
  118783
  117759
  117759
  116735
  116735
  115711
  115711
  114687
  114175
  113663
  112639
  112127
  111615
  111615
  111615
  112127
  112639
  113151
  113663
  114175
  114687
  115199
  116223
  116735
  117759
  117759
  118271
  118783
  119295
  120319
  120319
  121343
  121343
  121343
  121343
  121343
  120831
  120831
  120319
  120319
  119807
  119295
  118783
  118271
  117759
  116735
  116223
  115711
  115199
  114175
  113663
  112639
  111615
  110591
  110079
  109055
  108031
  107007
  105983
  104959
  103935
  102911
  101887
  101887
  100863
  100863
  100863
  100863
  100863
  101375
  101887
  102911
  103423
  104959
  105983
  107519
  108543
  110079
  111615
  112639
  114687
  115711
  116735
  118271
  118783
  119295
  120319
  120319
  120319
  120831
  120831
  120319
  120319
  120319
  119295
  118783
  118271
  117759
  116735
  116223
  114687
  114687
  113663
  113151
  112639
  112639
  112127
  112127
  111615
  111615
  111103
  110591
  109567
  109567
  109567
  109055
  109055
  109055
  109055
  109055
  109055
  109055
  109055
  109567
  109567
  109567
  109567
  109567
  110079
  109567
  109567
  110079
  110079
  109567
  109567
  109567
  109567
  109567
  109567
  110079
  110591
  110591
  111103
  111615
  112127
  112639
  112639
  113151
  113151
  113151
  113663
  113663
  113663
  113663
  113663
  113663
  113663
  113663
  113663
  113663
  113663
  112639
  112639
  112639
  111615
  111615
  111103
  110591
  110079
  110079
  109567
  109055
  109567
  109055
  109055
  108543
  108031
  108031
  108031
  108031
  108031
  108031
  108031
  108543
  108031
  108543
  109055
  109055
  109567
  109567
  110079
  110591
  111103
  111615
  112127
  112639
  114175
  114687
  116223
  117759
  118271
  119295
  120319
  121343
  121855
  122367
  122879
  122879
  123391
  123391
  123391
  123391
  122879
  122367
  121855
  120831
  120319
  119295
  118271
  116735
  115711
  114175
  113151
  111615
  110079
  109055
  108031
  107007
  105983
  104959
  103935
  103423
  103935
  103423
  103423
  103423
  103935
  104447
  104959
  105471
  106495
  107519
  108031
  109055
  110079
  111103
  112127
  113663
  114687
  116223
  117247
  118783
  119295
  120319
  120319
  121343
  121343
  121343
  120831
  121343
  120831
  120831
  121343
  121343
  121343
  120831
  120831
  120831
  120319
  120319
  119807
  119295
  118783
  118271
  117247
  115711
  115199
  114175
  113151
  112127
  111615
  110591
  109567
  109055
  109055
  108031
  108031
  108031
  108031
  108031
  108031
  108543
  109567
  109567
  110591
  111103
  111615
  112639
  113663
  114175
  114687
  115711
  116223
  116735
  117247
  117759
  117759
  117759
  117759
  117759
  117247
  117247
  116735
  116223
  115711
  115199
  114687
  114175
  113663
  113663
  113151
  112639
  112639
  112639
  112639
  112639
  112639
  112639
  112639
  112639
  112639
  112639
  112127
  111615
  111615
  111615
  110591
  110591
  110079
  110079
  109567
  109567
  109055
  109055
  108543
  108543
  108031
  108031
  108031
  108031
  108031
  108031
  107519
  108031
  108031
  108031
  108031
  108031
  108031
  108543
  109055
  109055
  109567
  110079
  110591
  110591
  111103
  111103
  111615
  111615
  112639
  112639
  113151
  113151
  113151
  112639
  112639
  112639
  111615
  111103
  110591
  110079
  109567
  109055
  108031
  107519
  106495
  105983
  104959
  104447
  103935
  103423
  102911
  102911
  102911
  103423
  103935
  103935
  104959
  104959
  104959
  105983
  105983
  106495
  107007
  107519
  108031
  108031
  108543
  109055
  109055
  109567
  109567
  110079
  110591
  110591
  110591
  110591
  110591
  111103
  110591
  110591
  110591
  110591
  110591
  110079
  110079
  109567
  109567
  109055
  108031
  107519
  106495
  105983
  105983
  105983
  105983
  107007
  107519
  107519
  108031
  109055
  109055
  109055
  109567
  109567
  110591
  110591
  110591
  111103
  111103
  111103
  110591
  110591
  110079
  109567
  108543
  107007
  105983
  104959
  103935
  102399
  101375
  100351
   99839
   98815
   98303
   98303
   97279
   97279
   97279
   96255
   96767
   96767
   96255
   97279
   97279
   97791
   97791
   98815
   99839
   99839
  100863
  101375
  102399
  102911
  102911
  103935
  103935
  104959
  104959
  105471
  105983
  106495
  107007
  107519
  108031
  108543
  108543
  109055
  108543
  108543
  109055
  108543
  108031
  108031
  108031
  107007
  105983
  104959
  103935
  102399
  101375
  100351
   99327
   98303
   97791
   97279
   96767
   95743
   95231
   94719
   94207
   93183
   92671
   92159
   91647
   91135
   90623
   90623
   90111
   90623
   90623
   91135
   91135
   92159
   92159
   92671
   93183
   93695
   94207
   95231
   95231
   96255
   96767
   97279
   98303
   98815
   99839
  100863
  101887
  101887
  102911
  102911
  103935
  103935
  103423
  103935
  102911
  102911
  102399
  101887
  100863
  100351
   99839
   98815
   98303
   97279
   96255
   96255
   95231
   94719
   94207
   93695
   93183
   93183
   92671
   93183
   93183
   93695
   94207
   94207
   94719
   95231
   96255
   96255
   97279
   98303
   98815
   99839
  100351
  101887
  101887
  102911
  103423
  103935
  103935
  104447
  104447
  103935
  103935
  103423
  102911
  101887
  100863
   99839
   98815
   98303
   96767
   95743
   94719
   93695
   92671
   91647
   91135
   90111
   89599
   89087
   88575
   88575
   88063
   88575
   88063
   88575
   88575
   88575
   89087
   89599
   90111
   91135
   91647
   92671
   93183
   94207
   94719
   95743
   96255
   97279
   97279
   98303
   98815
   99327
   99839
   99839
  100351
  100351
  100351
  100351
  100351
   99839
   99327
   98815
   98303
   97279
   96767
   95231
   94719
   94207
   93183
   92159
   91135
   90623
   89599
   89087
   88575
   87551
   86527
   86527
   85503
   84991
   84991
   84479
   84479
   84991
   84479
   85503
   86015
   86527
   87551
   88063
   88575
   89599
   90111
   91135
   92159
   92671
   94207
   94719
   95743
   96767
   97791
   98303
   98815
   99327
   99839
   99839
   99839
   99327
   99327
   98815
   98815
   97791
   97279
   96255
   95231
   94207
   92671
   92159
   91135
   90111
   88575
   88063
   87039
   86015
   86015
   84991
   84991
   84479
   84479
   84479
   84479
   84479
   84479
   84991
