  -90098
  -64380
  -38399
  -15700
     649
    8414
    6506
   -3735
  -20540
  -41836
  -65419
  -88371
 -106984
 -118559
 -121493
 -115894
 -103050
  -84577
  -62902
  -40676
  -21309
   -7699
   -1403
   -3041
  -12239
  -28149
  -48294
  -69660
  -89255
 -105034
 -115101
 -117201
 -110689
  -96961
  -78592
  -57896
  -37524
  -20099
   -8328
   -3416
   -5841
  -15186
  -30410
  -49093
  -68241
  -84966
  -97673
 -105022
 -105963
 -100141
  -88783
  -73296
  -55742
  -38453
  -24165
  -15029
  -11815
  -14545
  -22865
  -35937
  -51677
  -67769
  -82081
  -93085
  -99118
  -99189
  -93327
  -82773
  -68834
  -53275
  -37970
  -25786
  -18468
  -16335
  -19491
  -28515
  -43080
  -60243
  -76898
  -90338
  -99763
 -104163
 -102566
  -94781
  -81416
  -65982
  -51535
  -38794
  -28624
  -25608
  -29165
  -36986
  -48033
  -59644
  -70429
  -79153
  -84383
  -85244
  -82010
  -75774
  -66965
  -56612
  -46015
  -37263
  -31672
  -29834
  -31583
  -36747
  -45141
  -55266
  -65605
  -74741
  -81985
  -86424
  -87205
  -83948
  -77454
  -69284
  -60354
  -51831
  -44523
  -39655
  -38000
  -39451
  -43781
  -50528
  -58790
  -66960
  -74036
  -79017
  -81758
  -82033
  -79444
  -74062
  -66906
  -59751
  -53209
  -47907
  -44373
  -43433
  -45028
  -48569
  -53439
  -59325
  -65615
  -71252
  -75245
  -76878
  -76540
  -74220
  -70153
  -64696
  -58907
  -53413
  -48712
  -45257
  -43716
  -44548
  -47464
  -52087
  -57887
  -64376
  -70346
  -75153
  -78138
  -79305
  -78216
  -74818
  -69533
  -63482
  -57559
  -52242
  -47887
  -44917
  -44298
  -45998
  -49470
  -53878
  -58991
  -64331
  -68928
  -72122
  -73550
  -73463
  -71591
  -68322
  -64155
  -59756
  -55941
  -53091
  -51039
  -49575
  -49355
  -50613
  -53340
  -56864
  -61048
  -65282
  -68997
  -71397
  -72358
  -72199
  -70547
  -67394
  -63096
  -58828
  -55108
  -52230
  -50417
  -50194
  -51303
  -53593
  -56731
  -60563
  -64517
  -68088
  -70489
  -71760
  -71907
  -70654
  -67807
  -63628
  -58966
  -54242
  -49764
  -46027
  -43774
  -43717
  -45618
  -49170
  -53534
  -58209
  -62687
  -66236
  -68389
  -68925
  -68406
  -66657
  -63972
  -60613
  -56980
  -53955
  -51739
  -50613
  -50548
  -51934
  -54841
  -58495
  -62385
  -65797
  -68601
  -70734
  -71616
  -70890
  -68605
  -65597
  -62191
  -58565
  -55007
  -52126
  -50786
  -50919
  -52452
  -54883
  -58093
  -62029
  -65856
  -68859
  -70423
  -70816
  -70116
  -68043
  -64419
  -60043
  -56178
  -53139
  -51243
  -50457
  -51209
  -53742
  -57287
  -61007
  -63644
  -64973
  -65300
  -65273
  -65485
  -65747
  -65550
  -64842
  -63671
  -62098
  -60600
  -59646
  -58979
  -58075
  -56775
  -56226
  -56614
  -57289
  -57880
  -58634
  -59701
  -60271
  -60429
  -60199
  -59820
  -59079
  -57961
  -56454
  -53637
  -50648
  -47445
  -44956
  -45009
  -48445
  -53981
  -58355
  -60447
  -58454
  -51175
  -40040
  -26990
  -13790
   -2605
    4949
    7856
    5938
    -947
  -11842
  -25500
  -39882
  -53352
  -64566
  -72090
  -74933
  -72943
  -66883
  -57454
  -46055
  -34112
  -23655
  -16311
  -12875
  -13507
  -17925
  -25942
  -36259
  -47340
  -57393
  -65174
  -70268
  -71940
  -69972
  -64536
  -56723
  -48086
  -39508
  -32068
  -26605
  -24327
  -25468
  -29553
  -35765
  -43495
  -51961
  -59743
  -65616
  -68791
  -69377
  -67167
  -62398
  -55486
  -47851
  -41048
  -35645
  -31964
  -30331
  -31382
  -34639
  -39768
  -45946
  -52342
  -58526
  -63617
  -66657
  -67320
  -65919
  -62442
  -57168
  -50702
  -44363
  -39183
  -35539
  -33657
  -33598
  -35911
  -40415
  -46195
  -52164
  -57478
  -61901
  -64887
  -66033
  -64846
  -61471
  -57084
  -52310
  -47611
  -43474
  -40440
  -39300
  -40295
  -43063
  -47072
  -51725
  -56817
  -61558
  -65100
  -66868
  -66766
  -65264
  -62372
  -58363
  -53515
  -48766
  -45135
  -42827
  -42016
  -42765
  -45390
  -49285
  -53706
  -57846
  -61398
  -64336
  -66062
  -66196
  -64567
  -61817
  -58644
  -55254
  -51852
  -48762
  -46970
  -46628
  -47609
  -49440
  -51915
  -55187
  -58588
  -61724
  -64083
  -65721
  -66583
  -66359
  -64750
  -61951
  -58869
  -55835
  -52954
  -50347
  -48466
  -48063
  -48993
  -51015
  -53607
  -56846
  -60492
  -63955
  -66319
  -67118
  -66731
  -65022
  -62075
  -58002
  -53841
  -50339
  -46424
  -42407
  -39924
  -40442
  -43718
  -48948
  -55362
  -63285
  -71346
  -77347
  -80301
  -80084
  -76723
  -70761
  -62418
  -53421
  -45580
  -39420
  -35381
  -34012
  -35422
  -39133
  -44542
  -51223
  -58390
  -64790
  -69303
  -71292
  -71165
  -69141
  -65393
  -60314
  -54633
  -49601
  -45837
  -43742
  -43310
  -44664
  -48143
  -53059
  -58606
  -63795
  -68162
  -71527
  -73087
  -72423
  -69428
  -64914
  -59719
  -54276
  -49096
  -44709
  -42169
  -42027
  -43999
  -47583
  -52301
  -58085
  -64153
  -69437
  -73113
  -74733
  -74457
  -72114
  -67917
  -62206
  -56050
  -50740
  -46769
  -44502
  -44026
  -45853
  -49629
  -54506
  -59631
  -64415
  -68600
  -71445
  -72471
  -71389
  -68832
  -65205
  -60849
  -56235
  -52108
  -49467
  -48432
  -48984
  -50696
  -53734
  -58014
  -62653
  -66766
  -69707
  -71518
  -71917
  -70742
  -68015
  -64385
  -60684
  -57097
  -54022
  -51770
  -51157
  -52148
  -54425
  -57356
  -60721
  -64496
  -67923
  -70356
  -71327
  -71176
  -69839
  -67259
  -63566
  -59598
  -56313
  -54010
  -52813
  -52598
  -53959
  -56721
  -60317
  -63779
  -66619
  -69074
  -70797
  -71663
  -71156
  -69322
  -66840
  -63908
  -60937
  -57943
  -54898
  -50958
  -47579
  -46106
  -47142
  -51572
  -59512
  -68048
  -75145
  -80012
  -81827
  -80006
  -74494
  -66535
  -56221
  -43209
  -29548
  -17501
   -7643
    -415
    3241
    3054
    -485
   -6703
  -15177
  -25071
  -35199
  -44218
  -51387
  -55571
  -56270
  -53461
  -48224
  -41436
  -33945
  -26863
  -21402
  -18742
  -19145
  -22566
  -28236
  -35617
  -43917
  -52107
  -58750
  -63355
  -65296
  -64358
  -60713
  -55276
  -48759
  -42090
  -36320
  -32658
  -31174
  -31769
  -34185
  -38530
  -44209
  -50117
  -55115
  -58646
  -60849
  -61153
  -59373
  -55642
  -50800
  -45808
  -41232
  -37648
  -35507
  -35654
  -37940
  -41755
  -46188
  -50771
  -55343
  -59102
  -61349
  -61725
  -60812
  -58728
  -55653
  -51841
  -48106
  -45207
  -43319
  -42379
  -42561
  -44091
  -46480
  -49450
  -52682
  -56241
  -59341
  -61429
  -62053
  -61513
  -60185
  -57947
  -54739
  -50940
  -47677
  -45564
  -44604
  -44656
  -45668
  -47981
  -51226
  -54661
  -57630
  -59859
  -61580
  -62366
  -61887
  -60002
  -57353
  -54659
  -51941
  -49113
  -46568
  -45189
  -45212
  -46320
  -47962
  -49977
  -52529
  -55167
  -57539
  -59307
  -60767
  -61585
  -61411
  -59995
  -57882
  -55760
  -53772
  -51981
  -50495
  -50035
  -50840
  -52514
  -54564
  -56586
  -58766
  -60779
  -62166
  -62492
  -62270
  -61739
  -60746
  -59220
  -57620
  -56635
  -56039
  -55673
  -55400
  -55653
  -56646
  -57925
  -59109
  -59957
  -60871
  -61886
  -62488
  -62352
  -61447
  -60285
  -58891
  -57100
  -54738
  -52120
  -50030
  -48510
  -47586
  -47370
  -48338
  -50214
  -52631
  -55276
  -58232
  -61009
  -63110
  -64075
  -64307
  -63724
  -62338
  -60136
  -57645
  -55661
  -54185
  -53365
  -53129
  -53873
  -55430
  -57297
  -59014
  -60287
  -61453
  -62318
  -62577
  -61834
  -60544
  -59557
  -58605
  -57672
  -56708
  -56056
  -56278
  -57118
  -58411
  -59710
  -61129
  -62881
  -64288
  -64874
  -64570
  -63878
  -63197
  -62250
  -60871
  -59230
  -58016
  -57380
  -57099
  -56886
  -56877
  -57662
  -59163
  -61085
  -62949
  -64887
  -66990
  -68614
  -69110
  -68410
  -67147
  -65367
  -63096
  -60313
  -57878
  -56476
  -56014
  -56199
  -56884
  -58532
  -60889
  -63450
  -65562
  -67057
  -68232
  -68683
  -68216
  -66742
  -64844
  -62983
  -60763
  -58429
  -56651
  -56044
  -56436
  -57496
  -58782
  -60390
  -62058
  -63421
  -64153
  -64456
  -64523
  -64138
  -63169
  -61838
  -60825
  -60099
  -59663
  -59322
  -59549
  -60362
  -61412
  -62212
  -62729
  -63521
  -64257
  -64534
  -63884
  -62601
  -61026
  -59282
  -57401
  -55586
  -54701
  -54684
  -55352
  -56416
  -58147
  -60335
  -62487
  -64081
  -64899
  -65333
  -65609
  -65574
  -64923
  -63613
  -62180
  -61242
  -60743
  -60588
  -60499
  -60716
  -61487
  -62427
  -63092
  -63421
  -63874
  -64295
  -64680
  -64956
  -65562
  -66182
  -66529
  -66152
  -65227
  -64073
  -62426
  -60086
  -57099
  -54041
  -51531
  -49431
  -47704
  -46327
  -45854
  -46988
  -49376
  -52492
  -55743
  -59194
  -62842
  -65936
  -67806
  -68103
  -67218
  -65733
  -63800
  -61483
  -58350
  -55133
  -53156
  -52549
  -53418
  -55210
  -57511
  -60558
  -63490
  -65726
  -67005
  -67239
  -67486
  -67536
  -67029
  -65665
  -63763
  -62021
  -60441
  -59068
  -57753
  -56907
  -57225
  -58464
  -60202
  -61838
  -63138
  -64507
  -65766
  -66390
  -65929
  -64567
  -62979
  -61296
  -59661
  -58029
  -56920
  -56768
  -57194
  -58008
  -58922
  -60321
  -62090
  -63809
  -64910
  -65263
  -65292
  -64800
  -63689
  -61858
  -59993
  -58640
  -57773
  -57264
  -57012
  -57554
  -58978
  -60970
  -62993
  -64744
  -66509
  -67926
  -68608
  -68182
  -67050
  -65868
  -64550
  -63054
  -61263
  -59995
  -59562
  -59792
  -60390
  -61507
  -63483
  -65651
  -67348
  -68097
  -68153
  -67457
  -66427
  -65480
  -64831
  -64318
  -63884
  -63885
  -64164
  -64536
  -64743
  -65111
  -65839
  -66494
  -66652
  -66070
  -65152
  -64424
  -63867
  -63209
  -62219
  -61319
  -60633
  -60003
  -59410
  -59083
  -59737
  -61181
  -63013
  -64673
  -66291
  -68112
  -69620
  -70397
  -70188
  -69416
  -68344
  -66840
  -64828
  -62553
  -60839
  -59750
  -59309
  -59258
  -59822
  -61380
  -63495
  -65765
  -67695
  -69293
  -70512
  -70929
  -70284
  -68688
  -66965
  -65335
  -63796
  -62186
  -60896
  -60590
  -60906
  -61504
  -61978
  -62512
  -63518
  -64534
  -65200
  -65351
  -65575
  -66058
  -66329
  -66104
  -65535
  -65315
  -65359
  -65344
  -64925
  -64681
  -64778
  -64983
  -65020
  -65226
  -65760
  -66404
  -67093
  -68211
  -69411
  -70393
  -70763
  -70940
  -70722
  -69912
  -68372
  -66627
  -65267
  -64163
  -63211
  -62432
  -62486
  -63547
  -65230
  -66979
  -68640
  -70356
  -71730
  -72381
  -72298
  -71678
  -70416
  -68534
  -66434
  -64820
  -63722
  -63018
  -62637
  -63179
  -64481
  -66197
  -67785
  -69373
  -70995
  -72059
  -72144
  -71191
  -69881
  -68518
  -67015
  -65381
  -63757
  -62706
  -62724
  -63501
  -64687
  -65882
  -67243
  -69002
  -70636
  -71867
  -72209
  -71764
  -71108
  -70108
  -68765
  -66958
  -65150
  -64119
  -63800
  -63980
  -64313
  -65051
  -66466
  -68075
  -69523
  -70487
  -71387
  -72009
  -71996
  -71020
  -69456
  -68130
  -66987
  -65949
  -64953
  -64606
  -65100
  -66109
  -67179
  -68311
  -69880
  -71441
  -72522
  -72718
  -72498
  -72114
  -71407
  -70163
  -68404
  -66956
  -65998
  -65480
  -65129
  -65161
  -66061
  -67454
  -68952
  -70088
  -71012
  -71514
  -71652
  -71721
  -72045
  -72561
  -72858
  -72564
  -71738
  -70983
  -70118
  -69107
  -67883
  -66986
  -66906
  -67325
  -67999
  -68668
  -69511
  -70683
  -71802
  -72506
  -72567
  -72391
  -72341
  -72102
  -71553
  -70671
  -70016
  -69803
  -69924
  -69995
  -69878
  -70197
  -70790
  -71266
  -71277
  -71203
  -71448
  -71760
  -71774
  -71394
  -71198
  -71232
  -71266
  -70864
  -70259
  -70041
  -70007
  -70057
  -69881
  -69954
  -70572
  -71332
  -71777
  -71692
  -71629
  -71798
  -71870
  -71556
  -70818
  -70338
  -70008
  -69719
  -69136
  -68560
  -68566
  -68904
  -69394
  -69744
  -70288
  -71202
  -72197
  -72768
  -72765
  -72725
  -72630
  -72256
  -71336
  -70293
  -69616
  -69154
  -68759
  -68488
  -69070
  -70220
  -71406
  -72107
  -72684
  -73415
  -74015
  -74211
  -73944
  -73743
  -73384
  -72684
  -71521
  -70474
  -69959
  -69790
  -69616
  -69365
  -69595
  -70336
  -71279
  -71898
  -72278
  -73101
  -73967
  -74434
  -74159
  -73751
  -73409
  -72860
  -71857
  -70594
  -69946
  -69903
  -70238
  -70581
  -71163
  -72151
  -73181
  -73882
  -74257
  -74638
  -74742
  -74371
  -73375
  -72379
  -71728
  -71192
  -70603
  -70161
  -70520
  -71442
  -72550
  -73356
  -73990
  -74819
  -75379
  -75506
  -75017
  -74444
  -73972
  -73395
  -72622
  -71811
  -71607
  -71883
  -72389
  -72820
  -73353
  -74248
  -75233
  -75959
  -76220
  -76461
  -76564
  -76328
  -75466
  -74473
  -73585
  -72713
  -71719
  -70759
  -70528
  -70972
  -71843
  -72571
  -73154
  -73928
  -74550
  -74789
  -74772
  -74872
  -74981
  -74968
  -75063
  -75357
  -75589
  -75551
  -75642
  -76020
  -76301
  -76044
  -75246
  -74486
  -73906
  -73196
  -72148
  -70805
  -69851
  -69410
  -69396
  -69560
  -69977
  -71103
  -72567
  -73941
  -74655
  -74914
  -75295
  -75645
  -75689
  -75203
  -74854
  -74671
  -74459
  -74028
  -73777
  -73694
  -73583
  -73302
  -73323
  -73388
  -73448
  -73465
  -73952
  -74659
  -75162
  -75162
  -74946
  -74998
  -75008
  -74636
  -73796
  -72901
  -72531
  -72467
  -72329
  -71938
  -71811
  -72194
  -72740
  -73106
  -73382
  -73827
  -74192
  -74378
  -74681
  -75231
  -75845
  -76289
  -76855
  -77359
  -77446
  -76799
  -75493
  -74199
  -73222
  -72515
  -71819
  -71220
  -71258
  -72034
  -73070
  -73940
  -74566
  -75498
  -76490
  -77122
  -76968
  -76304
  -75562
  -74594
  -73379
  -72102
  -71185
  -70499
  -69889
  -69510
  -69780
  -70396
  -71107
