  -67096
  -66206
  -65458
  -64809
  -64342
  -64163
  -64389
  -64357
  -63945
  -63467
  -63570
  -64539
  -65854
  -67190
  -68285
  -69368
  -70698
  -71895
  -72691
  -72698
  -72163
  -71350
  -70203
  -68761
  -67178
  -65996
  -65152
  -64560
  -64230
  -64654
  -65908
  -67114
  -67820
  -68262
  -68787
  -69137
  -69060
  -68425
  -67559
  -66317
  -64746
  -63044
  -61633
  -60465
  -59336
  -58131
  -57462
  -57587
  -58336
  -59380
  -60825
  -62355
  -63697
  -64658
  -65438
  -66183
  -66533
  -66263
  -65558
  -64830
  -63980
  -63020
  -62073
  -61516
  -61232
  -61063
  -60940
  -61104
  -61365
  -61506
  -61256
  -61231
  -61501
  -61598
  -61508
  -62059
  -63968
  -66441
  -68782
  -70489
  -72193
  -73972
  -75329
  -75771
  -74895
  -74001
  -73818
  -73387
  -72081
  -72456
  -73816
  -74706
  -75160
  -74361
  -72569
  -70169
  -67167
  -63619
  -60051
  -57131
  -54684
  -52615
  -50887
  -50112
  -50430
  -51648
  -53363
  -55547
  -58500
  -61733
  -64943
  -67916
  -70858
  -73608
  -75770
  -76964
  -77363
  -77452
  -77063
  -76168
  -74562
  -72569
  -70512
  -68373
  -66233
  -64388
  -63092
  -62092
  -61534
  -61348
  -61900
  -63191
  -64810
  -66350
  -67804
  -69671
  -71516
  -73009
  -73928
  -74540
  -74690
  -74159
  -72913
  -71376
  -69849
  -68348
  -66792
  -65104
  -63843
  -63073
  -62704
  -62516
  -62738
  -63172
  -63615
  -63894
  -64126
  -64512
  -64908
  -65353
  -65916
  -66806
  -67746
  -68762
  -69787
  -71053
  -72216
  -72989
  -73235
  -73216
  -73027
  -72426
  -71181
  -69349
  -67536
  -65813
  -64061
  -62170
  -60610
  -59622
  -59082
  -58994
  -59367
  -60487
  -62025
  -63844
  -65809
  -67864
  -70028
  -71996
  -73241
  -73352
  -72733
  -71603
  -70239
  -68587
  -67035
  -65680
  -64640
  -63743
  -63189
  -63317
  -63795
  -64331
  -64763
  -65488
  -66404
  -67320
  -68040
  -68711
  -69117
  -69265
  -69174
  -69041
  -68888
  -68777
  -68441
  -68221
  -68256
  -68311
  -68099
  -67543
  -66863
  -65914
  -64539
  -62743
  -60878
  -59389
  -58231
  -57451
  -56839
  -56539
  -56660
  -57090
  -57766
  -58656
  -60158
  -61965
  -63967
  -65871
  -67482
  -68964
  -70078
  -70789
  -70967
  -70876
  -70760
  -70448
  -69924
  -69075
  -68275
  -67855
  -67620
  -67368
  -67031
  -66971
  -67124
  -67212
  -67089
  -66904
  -67009
  -67233
  -67520
  -67621
  -67684
  -68039
  -68486
  -68801
  -68770
  -68793
  -68933
  -68884
  -68268
  -67374
  -66756
  -66297
  -65964
  -65581
  -65438
  -65798
  -66311
  -66669
  -66314
  -65397
  -64323
  -63723
  -64068
  -65168
  -66551
  -68008
  -69389
  -70515
  -71496
  -72511
  -73211
  -73085
  -71983
  -70764
  -69585
  -68110
  -66226
  -64345
  -62815
  -61212
  -59776
  -58622
  -57987
  -57659
  -57545
  -57519
  -56721
  -55793
  -54471
  -53233
  -53294
  -55281
  -58393
  -60476
  -61045
  -58977
  -53355
  -44982
  -34840
  -23715
  -12723
   -2776
    5420
   11414
   14481
   14481
   11315
    5466
   -2771
  -13058
  -24617
  -36588
  -48233
  -59030
  -68123
  -74996
  -79192
  -80850
  -80140
  -77162
  -72135
  -65493
  -58246
  -50868
  -43822
  -37464
  -32314
  -29140
  -27981
  -28793
  -31328
  -35479
  -41136
  -47584
  -54229
  -60437
  -66150
  -70985
  -74482
  -76336
  -76693
  -75914
  -73915
  -70764
  -66815
  -62742
  -58701
  -54910
  -51389
  -48687
  -47317
  -47033
  -47502
  -48521
  -50303
  -52461
  -54963
  -57506
  -59932
  -62437
  -64816
  -66735
  -68086
  -69041
  -69402
  -69027
  -67805
  -66163
  -64339
  -62274
  -59961
  -57432
  -55277
  -53781
  -52855
  -52354
  -52246
  -52876
  -54214
  -56096
  -58047
  -59890
  -61994
  -64217
  -66236
  -67738
  -68639
  -69172
  -69436
  -69260
  -68591
  -67521
  -66492
  -65545
  -64585
  -63540
  -62601
  -62132
  -61970
  -62013
  -62022
  -62146
  -62644
  -63249
  -63818
  -64291
  -64982
  -65716
  -66225
  -66319
  -66200
  -66283
  -66395
  -66402
  -66166
  -65977
  -66076
  -66249
  -66309
  -66104
  -66099
  -66231
  -66380
  -66266
  -65946
  -65828
  -65805
  -65912
  -66062
  -66521
  -67357
  -68322
  -69089
  -69546
  -70044
  -70474
  -70570
  -70086
  -69146
  -68255
  -67375
  -66455
  -65398
  -64650
  -64383
  -64542
  -64768
  -64883
  -65199
  -65544
  -65763
  -65571
  -65390
  -65369
  -64331
  -62171
  -59916
  -58594
  -58144
  -58405
  -59311
  -61695
  -65124
  -68467
  -71331
  -73703
  -75385
  -76289
  -75901
  -74666
  -73149
  -71150
  -68494
  -65399
  -62080
  -58639
  -55327
  -52667
  -50942
  -49990
  -49687
  -49978
  -51243
  -53454
  -56318
  -59462
  -62634
  -65932
  -69067
  -71752
  -73626
  -74685
  -75335
  -75437
  -74958
  -73783
  -72228
  -70735
  -69152
  -67406
  -65452
  -63676
  -62395
  -61448
  -60690
  -60014
  -59768
  -60128
  -60846
  -61726
  -62742
  -64234
  -66094
  -68016
  -69750
  -71209
  -72597
  -73592
  -74012
  -73701
  -72883
  -71943
  -70806
  -69471
  -67896
  -66560
  -65525
  -64639
  -63815
  -63182
  -63092
  -63366
  -63874
  -64446
  -65363
  -66565
  -67798
  -68802
  -69645
  -70603
  -71444
  -71977
  -71957
  -71746
  -71604
  -71371
  -70927
  -70227
  -69627
  -69107
  -68615
  -68045
  -67605
  -67571
  -67709
  -67935
  -68153
  -68702
  -69451
  -70198
  -70691
  -71085
  -71690
  -72240
  -72535
  -72448
  -72361
  -72217
  -71840
  -71034
  -70133
  -69485
  -69043
  -68712
  -68278
  -68202
  -68537
  -69121
  -69523
  -69703
  -70123
  -70779
  -71680
  -72388
  -72833
  -73301
  -73647
  -73831
  -73542
  -72486
  -69822
  -66483
  -63384
  -61097
  -60592
  -62410
  -65028
  -67540
  -69852
  -71685
  -72660
  -72441
  -71392
  -68806
  -63575
  -56360
  -48056
  -38537
  -27899
  -16918
   -6318
    3417
   11687
   17603
   20557
   20365
   17162
   10947
    2466
   -7553
  -18367
  -29617
  -40542
  -50334
  -58469
  -64678
  -69031
  -71300
  -71522
  -69654
  -66196
  -61734
  -56788
  -51569
  -46769
  -42703
  -39631
  -37723
  -37321
  -38329
  -40617
  -44034
  -48627
  -53672
  -58570
  -62886
  -66689
  -69786
  -71786
  -72351
  -71595
  -70090
  -67814
  -64877
  -61375
  -57792
  -54604
  -51899
  -49806
  -48489
  -48367
  -49308
  -51043
  -53115
  -55493
  -58299
  -61181
  -63804
  -65912
  -67817
  -69405
  -70493
  -70888
  -70742
  -70295
  -69443
  -68018
  -66226
  -64404
  -62494
  -60697
  -59227
  -58523
  -58364
  -58625
  -59136
  -60115
  -61676
  -63439
  -65014
  -66169
  -67243
  -68304
  -69099
  -69396
  -69133
  -68758
  -68300
  -67613
  -66592
  -65380
  -64468
  -63796
  -63254
  -62666
  -62283
  -62360
  -62615
  -62665
  -62473
  -62470
  -62693
  -62932
  -62879
  -62668
  -62618
  -62641
  -62742
  -62863
  -63383
  -64187
  -65001
  -65550
  -66067
  -66758
  -67450
  -67950
  -68129
  -68345
  -68753
  -69135
  -69261
  -69048
  -68888
  -68791
  -68584
  -68094
  -67769
  -67761
  -67892
  -68014
  -68263
  -68934
  -69722
  -70365
  -70707
  -71001
  -71423
  -71716
  -71714
  -71377
  -71102
  -71025
  -70903
  -70527
  -69841
  -69205
  -68581
  -67722
  -66338
  -64523
  -62746
  -60964
  -59181
  -57529
  -56425
  -55813
  -55711
  -56067
  -57191
  -58915
  -60980
  -63108
  -65516
  -67969
  -70212
  -71904
  -73142
  -74201
  -74829
  -74949
  -74457
  -73697
  -72718
  -71418
  -69766
  -67792
  -66063
  -64659
  -63500
  -62397
  -61663
  -61852
  -62584
  -63651
  -64817
  -66161
  -67913
  -69762
  -71592
  -73077
  -74299
  -75507
  -76289
  -76350
  -75733
  -74878
  -74051
  -73041
  -71735
  -70215
  -68935
  -67947
  -67071
  -66144
  -65283
  -64994
  -65323
  -66165
  -67231
  -68702
  -70725
  -72878
  -74712
  -76078
  -77273
  -78115
  -78391
  -77850
  -76894
  -75858
  -74697
  -73244
  -71499
  -70071
  -68977
  -68133
  -67357
  -66786
  -66838
  -67295
  -68010
  -68763
  -69735
  -71045
  -72080
  -72690
  -73117
  -73601
  -73922
  -73898
  -73317
  -72472
  -71403
  -70140
  -68621
  -67171
  -66128
  -65359
  -64762
  -64434
  -64716
  -65449
  -66464
  -67500
  -68780
  -70251
  -71623
  -72582
  -73144
  -73752
  -74172
  -74163
  -73429
  -72187
  -70660
  -68900
  -66904
  -64808
  -63195
  -62032
  -61262
  -60798
  -60982
  -61783
  -62965
  -64240
  -65501
  -67020
  -68836
  -70763
  -72429
  -73635
  -74596
  -75523
  -76265
  -76643
  -76423
  -75879
  -75256
  -74397
  -73123
  -71583
  -70285
  -69203
  -68453
  -68088
  -68453
  -69317
  -70422
  -71364
  -72181
  -72933
  -73193
  -72640
  -71153
  -69012
  -66564
  -63610
  -60181
  -56342
  -52670
  -49912
  -48117
  -47236
  -47169
  -48244
  -50671
  -54067
  -57963
  -61975
  -66110
  -70361
  -74370
  -77755
  -79749
  -80450
  -80559
  -79995
  -78941
  -77177
  -74738
  -72281
  -69691
  -67038
  -64521
  -62360
  -61476
  -61755
  -62864
  -64370
  -66245
  -68640
  -71175
  -73520
  -75252
  -76472
  -77576
  -78321
  -78504
  -77874
  -76506
  -74995
  -73443
  -71708
  -69628
  -67429
  -65664
  -64352
  -63497
  -62925
  -62875
  -63535
  -64529
  -65690
  -66812
  -68185
  -69722
  -71215
  -72342
  -73002
  -73505
  -73703
  -73432
  -72544
  -71449
  -70451
  -69485
  -68460
  -67307
  -66496
  -66199
  -66354
  -66742
  -67288
  -68321
  -69676
  -71092
  -72220
  -73231
  -74407
  -75497
  -76293
  -76494
  -76479
  -76399
  -76156
  -75562
  -74831
  -74429
  -74074
  -73509
  -72574
  -71613
  -70676
  -70022
  -69866
  -70305
  -71067
  -72004
  -73255
  -74569
  -75748
  -76605
  -77332
  -78090
  -78522
  -78344
  -77425
  -76135
  -74893
  -73695
  -72354
  -70707
  -69127
  -67738
  -66392
  -65138
  -64162
  -64007
  -64571
  -65621
  -66837
  -68374
  -70473
  -72795
  -75002
  -76815
  -78382
  -79714
  -80528
  -80543
  -79782
  -78699
  -77271
  -75522
  -73380
  -71184
  -69488
  -68223
  -67379
  -66866
  -66923
  -67621
  -68688
  -69832
  -70939
  -72395
  -74063
  -75642
  -76759
  -77439
  -78027
  -78257
  -77889
  -76685
  -74996
  -73364
  -71677
  -69854
  -67970
  -66632
  -66055
  -65953
  -66107
  -66580
  -67770
  -69478
  -71346
  -73001
  -74712
  -76404
  -77803
  -78619
  -79090
  -79331
  -79291
  -78999
  -78809
  -78556
  -78190
  -77592
  -77188
  -76849
  -76418
  -75697
  -74903
  -74405
  -74033
  -73581
  -72984
  -72730
  -72967
  -73477
  -73981
  -74495
  -75243
  -76054
  -76675
  -77130
  -77554
  -77757
  -77611
  -77266
  -77033
  -76769
  -76294
  -75556
  -75027
  -74703
  -74488
  -74172
  -74006
  -74177
  -74392
  -74385
  -74095
  -73976
  -74113
  -74286
  -74344
  -74219
  -74134
  -74397
  -74761
  -75055
  -75088
  -75061
  -75313
  -75642
  -75964
  -76018
  -75877
  -75954
  -76073
  -76105
  -75801
  -75364
  -75222
  -75235
  -75252
  -74994
  -74712
  -74756
  -74911
  -75031
  -74978
  -75174
  -75543
  -75842
  -75805
  -75624
  -75764
  -76059
  -76237
  -76142
  -76197
  -76514
  -76833
  -76854
  -76722
  -76872
  -77124
  -77283
  -77139
  -77075
  -77238
  -77422
  -77343
  -76913
  -76626
  -76460
  -76297
  -75934
  -75510
  -75459
  -75588
  -75727
  -75643
  -75613
  -75550
  -75533
  -75846
  -76727
  -78030
  -79350
  -80350
  -80966
  -81553
  -81845
  -81716
  -81004
  -80071
  -79279
  -78486
  -77659
  -76687
  -75833
  -75340
  -75080
  -74858
  -74619
  -74700
  -75319
  -76147
  -77001
  -77744
  -78609
  -79652
  -80698
  -81423
  -81687
  -81937
  -82069
  -81850
  -81102
  -80182
  -79466
  -78825
  -78034
  -77110
  -76547
  -76355
  -76351
  -76188
  -76021
  -76250
  -76683
  -77192
  -77483
  -77863
  -78548
  -79302
  -79765
  -79795
  -79805
  -79942
  -79973
  -79665
  -78990
  -78460
  -77974
  -77441
  -76623
  -75751
  -75290
  -75103
  -75040
  -74911
  -75012
  -75551
  -76336
  -76987
  -77445
  -78097
  -78847
  -79437
  -79602
  -79555
  -79589
  -79529
  -79232
  -78727
  -78564
  -78607
  -78556
  -78179
  -77864
  -77898
  -78118
  -78322
  -78466
  -78909
  -79408
  -79754
  -79749
  -79712
  -79856
  -80012
  -79904
  -79470
  -79145
  -78965
  -78789
  -78374
  -77893
  -77922
  -78213
  -78493
  -78537
  -78728
  -79162
  -79556
  -79662
  -79514
  -79648
  -79948
  -80240
  -80240
  -80181
  -80262
  -80302
  -80158
  -79872
  -79785
  -79753
  -79569
  -79086
  -78763
  -78763
  -78814
  -78776
  -78708
  -79036
  -79609
  -80204
  -80507
  -80676
  -81070
  -81395
  -81566
  -81403
  -81246
  -81243
  -81209
  -80977
  -80595
  -80511
  -80630
  -80786
  -80749
  -80725
  -80986
  -81392
  -81721
  -81896
  -82269
  -82717
  -83036
  -82986
  -82877
  -82786
  -82567
  -82021
  -81174
  -80570
  -80169
  -79906
  -79467
  -78922
  -78608
  -78380
  -78148
  -78019
  -78262
  -78764
  -79379
  -80239
  -81369
  -82516
  -83410
  -84289
  -85285
  -86070
  -86297
  -85927
  -85341
  -84610
  -83555
  -81995
  -80010
  -78108
  -76447
  -75028
  -73720
  -72701
  -72425
  -72750
  -73439
  -74088
  -74903
  -76307
  -78056
  -79802
  -81301
  -82901
  -84467
  -85739
  -86460
  -86870
  -86918
  -86442
  -85381
  -84184
  -82744
  -81161
  -79535
  -78347
  -77543
  -76922
  -76336
  -76006
  -76296
  -77009
  -77786
  -78407
  -79057
  -80048
  -81088
  -81801
  -82023
  -82105
  -82227
  -82175
  -81733
  -81115
  -80577
  -79978
  -79334
  -78965
  -78983
  -79299
  -79783
  -80628
  -81690
  -82676
  -83257
  -83375
  -83394
  -83443
  -83398
  -83012
  -82313
  -81701
  -81295
  -80854
  -80216
  -79450
  -79079
  -79055
  -79124
  -78993
  -78894
  -79076
  -79310
  -79459
  -79532
  -79705
  -79808
  -79651
  -79280
  -79013
  -78678
  -78158
