     484
     486
     484
     480
     483
     491
     492
     494
     500
     501
     503
     503
     505
     504
     505
     497
     500
     501
     502
     500
     498
     498
     500
     504
     505
     506
     515
     520
     524
     534
     545
     556
     564
     577
     587
     594
     604
     619
     634
     641
     650
     649
     655
     660
     663
     657
     657
     651
     648
     641
     634
     622
     610
     602
     595
     590
     578
     574
     569
     563
     570
     560
     565
     564
     566
     568
     571
     575
     586
     595
     597
     603
     612
     620
     628
     629
     629
     640
     642
     640
     652
     649
     648
     648
     654
     647
     646
     645
     642
     637
     633
     632
     624
     620
     614
     616
     613
     606
     606
     600
     594
     597
     598
     598
     596
     590
     587
     582
     576
     576
     565
     554
     553
     550
     546
     542
     539
     535
     535
     531
     526
     526
     530
     538
     543
     548
     551
     560
     568
     580
     586
     594
     599
     609
     615
     623
     629
     636
     636
     641
     639
     644
     639
     640
     631
     632
     628
     630
     630
     624
     624
     628
     622
     622
     627
     622
     618
     615
     619
     620
     619
     615
     612
     614
     612
     607
     613
     611
     607
     610
     609
     608
     605
     605
     606
     607
     607
     611
     621
     625
     623
     623
     623
     627
     625
     628
     629
     628
     628
     631
     634
     625
     627
     624
     626
     623
     627
     625
     626
     631
     630
     629
     630
     638
     637
     640
     643
     645
     644
     649
     651
     651
     655
     655
     656
     656
     650
     648
     648
     645
     642
     632
     626
     623
     614
     607
     598
     592
     587
     585
     578
     579
     579
     586
     583
     585
     588
     592
     595
     602
     608
     616
     619
     627
     630
     637
     630
     633
     635
     640
     640
     644
     648
     644
     650
     649
     651
     654
     658
     660
     662
     662
     666
     668
     671
     676
     675
     685
     687
     693
     695
     692
     689
     687
     683
     683
     678
     677
     673
     670
     667
     666
     664
     655
     647
     636
     626
     624
     615
     603
     599
     598
     594
     594
     586
     583
     584
     583
     581
     580
     579
     586
     589
     591
     603
     604
     611
     613
     614
     622
     630
     634
     635
     639
     638
     645
     644
     647
     653
     651
     647
     643
     646
     649
     644
     643
     643
     644
     645
     645
     645
     645
     649
     652
     652
     653
     658
     659
     658
     664
     665
     666
     664
     670
     673
     679
     681
     683
     686
     686
     687
     686
     687
     683
     680
     678
     680
     674
     665
     663
     660
     659
     664
     662
     658
     653
     651
     650
     645
     644
     639
     633
     626
     621
     610
     605
     602
     595
     591
     589
     589
     580
     574
     579
     583
     578
     583
     590
     596
     602
     607
     615
     621
     630
     638
     643
     649
     656
     660
     664
     671
     668
     670
     676
     673
     668
     667
     659
     660
     663
     658
     652
     646
     643
     637
     638
     638
     640
     636
     636
     638
     642
     644
     649
     653
     650
     649
     649
     655
     652
     652
     647
     641
     633
     624
     614
     598
     589
     574
     562
     545
     531
     516
     503
     490
     478
     466
     457
     456
     458
     455
     457
     461
     467
     479
     488
     502
     515
     522
     538
     551
     561
     574
     581
     594
     602
     609
     618
     626
     631
     633
     635
     634
     633
     638
     645
     643
     645
     652
     657
     665
     675
     678
     687
     697
     704
     707
     712
     722
     719
     718
     721
     723
     716
     715
     709
     708
     699
     691
     685
     676
     672
     666
     653
     641
     629
     627
     619
     605
     596
     590
     584
     570
     566
     561
     552
     545
     543
     546
     543
     548
     549
     553
     564
     564
     575
     590
     605
     619
     628
     643
     657
     673
     691
     706
     715
     725
     733
     746
     751
     757
     756
     758
     757
     758
     754
     753
     750
     748
     741
     736
     726
     715
     704
     704
     692
     681
     674
     665
     657
     650
     642
     636
     627
     610
     598
     592
     580
     566
     560
     554
     550
     537
     524
     515
     507
     497
     492
     492
     489
     487
     485
     487
     487
     490
     490
     493
     504
     507
     505
     514
     526
     532
     543
     555
     557
     563
     566
     575
     582
     588
     595
     595
     603
     609
     617
     618
     619
     620
     623
     621
     620
     620
     613
     608
     598
     590
     587
     581
     577
     573
     571
     563
     556
     544
     535
     524
     512
     501
     491
     479
     466
     459
     454
     454
     452
     444
     444
     437
     434
     424
     421
     420
     416
     414
     414
     417
     421
     427
     435
     441
     450
     457
     468
     478
     488
     499
     517
     527
     540
     553
     570
     581
     593
     606
     623
     631
     645
     652
     657
     661
     661
     655
     644
     638
     625
     619
     615
     605
     597
     592
     588
     585
     580
     580
     581
     581
     581
     582
     594
     597
     596
     601
     604
     601
     606
     606
     605
     601
     602
     599
     595
     594
     594
     593
     596
     599
     608
     607
     617
     621
     626
     634
     637
     643
     659
     673
     677
     678
     686
     685
     684
     678
     668
     652
     644
     630
     617
     604
     599
     588
     582
     581
     572
     571
     561
     560
     565
     564
     565
     568
     565
     565
     572
     576
     577
     581
     581
     578
     575
     569
     554
     547
     539
     526
     523
     517
     510
     509
     504
     500
     510
     515
     521
     528
     534
     541
     555
     563
     578
     590
     597
     601
     608
     608
     606
     612
     606
     610
     607
     601
     596
     593
     594
     588
     578
     575
     572
     563
     556
     549
     546
     543
     535
     541
     543
     545
     553
     555
     565
     569
     580
     593
     606
     621
     629
     636
     648
     660
     664
     673
     669
     662
     657
     659
     658
     653
     653
     647
     650
     645
     641
     643
     641
     644
     645
     643
     640
     640
     637
     639
     633
     626
     624
     622
     604
     592
     580
     563
     546
     528
     517
     507
     497
     487
     476
     478
     476
     476
     478
     476
     480
     482
     481
     484
     487
     494
     502
     505
     505
     512
     510
     508
     505
     504
     495
     490
     487
     488
     489
     491
     502
     503
     516
     530
     543
     557
     571
     584
     602
     622
     630
     642
     645
     650
     650
     657
     659
     658
     668
     669
     672
     672
     677
     685
     686
     694
     702
     700
     701
     706
     704
     696
     696
     695
     682
     679
     675
     668
     658
     652
     642
     631
     620
     609
     602
     590
     578
     566
     553
     540
     534
     524
     514
     502
     497
     484
     474
     459
     442
     427
     409
     387
     366
     347
     325
     304
     288
     274
     273
     265
     262
     262
     257
     260
     254
     261
     264
     266
     273
     283
     298
     311
     325
     349
     367
     392
     422
     449
     485
     513
     540
     568
     596
     625
     652
     670
     683
     693
     708
     706
     712
     712
     714
     716
     717
     711
     715
     709
     705
     702
     702
     697
     689
     674
     667
     657
     650
     634
     624
     611
     597
     584
     563
     544
     528
     505
     490
     471
     451
     429
     407
     394
     380
     366
     352
     341
     325
     298
     273
     245
     219
     198
     175
     157
     139
     132
     126
     125
     130
     137
     148
     158
     170
     189
     217
     241
     271
     301
     331
     366
     402
     441
     475
     511
     539
     573
     593
     610
     632
     657
     673
     688
     700
     712
     712
     714
     717
     717
     715
     715
     713
     709
     703
     695
     680
     671
     656
     633
     608
     573
     541
     507
     483
     446
     409
     374
     329
     290
     250
     211
     176
     141
     115
      94
      72
      61
      57
      58
      61
      68
      79
      92
     104
     118
     142
     164
     189
     216
     251
     280
     313
     350
     389
     421
     455
     481
     513
     549
     580
     615
     644
     677
     705
     727
     751
     778
     801
     807
     802
     787
     773
     749
     714
     684
     648
     615
     583
     558
     535
     508
     489
     472
     461
     452
     442
     435
     432
     429
     435
     436
     437
     445
     455
     463
     474
     486
     497
     510
     521
     535
     544
     560
     572
     582
     589
     598
     603
     609
     603
     599
     587
     567
     552
     528
     513
     500
     486
     464
     443
     433
     420
     407
     392
     381
     373
     368
     361
     361
     356
     357
     363
     369
     371
     379
     383
     393
     400
     405
     413
     417
     423
     429
     429
     419
     398
     379
     357
     331
     298
     268
     245
     220
     199
     179
     161
     145
     132
     115
     108
     106
     115
     124
     133
     147
     170
     200
     228
     257
     287
     314
     345
     373
     396
     426
     454
     476
     502
     530
     544
     557
     571
     583
     587
     585
     582
     579
     576
     573
     577
     576
     583
     591
     599
     605
     613
     621
     623
     621
     615
     605
     590
     582
     571
     555
     549
     538
     523
     514
     508
     508
     516
     515
     510
     501
     491
     481
     479
     471
     463
     447
     439
     428
     417
     413
     409
     410
     409
     405
     406
     407
     406
     392
     379
     370
     363
     356
     349
     349
     356
     360
     371
     390
     414
     438
     464
     497
     522
     550
     574
     602
     626
     649
     669
     689
     701
     713
     718
     722
     719
     716
     709
     701
     681
     673
     653
     637
     618
     595
     571
     544
     519
     496
     476
     444
     420
     399
     370
     352
     334
     318
     304
     279
     268
     260
     246
     239
     229
     223
     220
     223
     227
     230
     236
     240
     245
     256
     270
     277
     284
     292
     306
     320
     327
     334
     335
     335
     337
     337
     331
     328
     326
     326
     330
     335
     341
     345
     353
     355
     357
     358
     348
     341
     337
     333
     326
     324
     324
     317
     315
     314
     316
     322
     324
     325
     331
     337
     334
     331
     317
     301
     283
     258
     235
     220
     205
     194
     186
     182
     177
     178
     189
     207
     216
     229
     249
     274
     292
     308
     327
     347
     370
     399
     413
     431
     453
     473
     491
     507
     526
     542
     559
     570
     578
     585
     581
     584
     585
     583
     583
     580
     571
     563
     553
     540
     528
     515
     498
     477
     454
     440
     419
     396
     377
     362
     342
     318
     303
     295
     287
     273
     267
     261
     250
     230
     212
     193
     170
     151
     127
     111
      93
      87
      86
      79
      77
      80
      92
     112
     131
     153
     180
     214
     241
     269
     301
     331
     363
     396
     428
     458
     487
     511
     538
     558
     579
     592
     599
     605
     606
     604
     592
     575
     549
     528
     508
     483
     465
     443
     417
     396
     386
     369
     355
     346
     338
     336
     327
     320
     322
     324
     325
     329
     334
     344
     348
     352
     360
     367
     378
     378
     386
     395
     405
     410
     411
     419
     424
     420
     416
     416
     411
     405
     395
     388
     385
     383
     378
     379
     375
     372
     373
     372
     372
     367
     368
     367
     366
     367
     372
     365
     356
     350
     331
     311
     295
     281
     259
     240
     226
     211
     201
     194
     190
     192
     194
     199
     206
     214
     222
     234
     249
     264
     282
     293
     294
     289
     281
     273
     262
     241
     221
     210
     204
     200
     199
     194
     201
     208
     218
     229
     250
     270
     284
     309
     330
     353
     381
     408
     434
     456
     479
     503
     526
     545
     569
     589
     608
     622
     634
     647
     655
     659
     652
     646
     633
     628
     617
     608
     592
     576
     562
     548
     535
     516
     499
     485
     471
     455
     435
     420
     406
     395
     386
     372
     361
     346
     335
     330
     324
     313
     309
     308
     309
     307
     309
     300
     280
     266
     242
     213
     179
     144
     105
      79
      50
      27
      18
       4
      -5
       4
      13
      28
      45
      71
     103
     131
     160
     200
     238
     274
     312
     347
     390
     427
     462
     496
     528
     558
     587
     624
     651
     672
     693
     712
     720
     735
     738
     740
     741
     739
     730
     719
     701
     684
     662
     631
     600
     567
     532
     489
     458
     418
     381
     348
     320
     295
     269
     244
     231
     218
     205
     198
     191
     191
     191
     194
     196
     205
     209
     225
     238
     251
     266
     278
     295
     313
     328
     346
     368
     386
     409
     428
     444
     457
     480
     501
     513
     529
     542
     550
     565
     574
     574
     582
     581
     580
     574
     576
     573
     565
     547
     535
     517
     506
     493
     475
     460
     441
     430
     411
     395
     390
     377
     364
     353
     342
     335
     324
     312
     295
     287
     286
     280
     251
     190
     149
     134
     124
     122
     120
     125
     134
     145
     170
     211
     247
     277
     305
     330
     351
     376
     372
     369
     381
     393
     409
     426
     441
     460
     471
     485
     497
     513
     527
     536
     540
     541
     539
     543
     545
     546
     548
     549
     534
     521
     514
     509
     499
     490
     484
     468
     453
     443
     433
     421
     401
     389
     377
     365
     354
     339
     333
     325
     314
     308
     301
     298
     290
     291
     284
     282
     277
     277
     270
     271
     276
     276
     278
     283
     282
     285
     290
     290
     300
     300
     290
     288
     288
     286
     281
     278
     280
     280
     280
     288
     290
     297
     306
     319
     330
     340
     351
     366
     375
     389
     399
     410
     422
     431
     441
     451
     458
     462
     467
     472
     476
     478
     475
     477
     476
     474
     468
     466
     463
     458
     449
     444
     443
     440
     433
     425
     414
     396
     383
     363
     343
     323
     297
     274
     260
     244
     226
     215
     206
     200
     202
     203
     208
     216
     223
     238
     254
     269
     288
     313
     331
     353
     376
     401
     426
     453
     470
     487
     507
     519
     531
     538
     542
     540
     535
     528
     523
     513
     504
     499
     492
     483
     472
     464
     456
     455
     447
     444
     443
     442
     440
     437
     437
     433
     424
     427
     427
     418
     416
     414
     413
     415
     411
     404
     406
     407
     404
     397
     391
     391
     384
     374
     373
     365
     353
     336
     321
     297
     276
     249
     230
     214
     201
     185
     169
     158
     140
     128
     116
     101
      81
      73
      65
      59
      61
      70
      85
      97
     118
     141
     167
     200
     236
     272
     314
     360
     402
     446
     489
     533
     573
     617
     654
     685
     706
     728
     749
     766
     773
     783
     783
     779
     774
     774
     766
     757
     744
     733
     713
     697
     684
     669
     647
     630
     602
     586
     566
     543
     528
     510
     492
     474
     458
     441
     420
     406
     392
     378
     362
     354
     347
     345
     339
     337
     327
     332
     333
     323
     317
     316
     311
     311
     305
     303
     307
     309
     315
     321
     326
     329
     329
     328
     321
     316
     317
     312
     313
     310
     308
     311
     314
     319
     325
     321
     320
     317
     315
     314
     312
     312
     314
     313
     320
     326
     332
     340
     352
     369
     384
     392
     404
     424
     441
     457
     477
     493
     509
     526
     539
     552
     567
     576
     588
     596
     600
     611
     613
     615
     615
     604
     590
     582
     556
     529
     501
     466
     432
     396
     369
     336
     308
     282
     259
     237
     218
     201
     196
     196
     193
     195
     197
     203
     207
     206
     211
     216
     228
     234
     244
     252
     261
     278
     291
     299
     311
     328
     336
     348
     362
     370
     384
     399
     411
     432
     447
     458
     477
     492
     512
     534
     548
     568
     580
     592
     614
     631
     639
     648
     661
     672
     680
     678
     677
     676
     667
     665
     658
     645
     633
     625
     605
     590
     570
     557
     536
     523
     502
     478
     462
     449
     435
     417
     400
     383
     376
     367
     357
     351
     344
     339
     334
     336
     336
     337
     336
     334
     335
     337
     316
     294
     236
     143
      89
      69
      62
      65
      71
      90
     115
     136
     171
     205
     244
     280
     323
     364
     400
     442
     480
     516
     549
     585
     619
     638
     664
     689
     704
     717
     726
     730
     730
     726
     723
     715
     704
     690
     675
     657
     639
     614
     590
     572
     541
     524
     502
     476
     454
     435
     414
     393
     379
     358
     341
     330
     318
     301
     288
     284
     273
     272
     265
     261
     264
     267
     268
     271
     270
     276
     286
     293
     303
     311
     324
     337
     349
     359
     372
     384
     398
     410
     416
     416
     422
     434
     439
     441
     446
     453
     448
     449
     449
     449
     451
     450
     451
     454
     454
     453
     453
     457
     455
     452
     447
     442
     440
     438
     424
     425
     420
     416
     416
     404
     386
     372
     353
     336
     321
     297
     277
     263
     241
     227
     221
     218
     217
     216
     216
     225
     233
     245
     257
     276
     295
     309
     327
     348
     371
     383
     396
     406
     413
     419
     422
     429
     428
     437
     446
     453
     458
     460
     477
     504
     523
     529
     528
     537
     539
     542
     555
     575
     575
     548
     546
     547
     532
     516
     490
     456
     416
     380
     343
     303
     270
     236
     205
     185
     178
     167
     152
     143
     137
     134
     137
     151
     153
     163
     179
     208
     235
     249
     269
     301
     332
     363
     394
     435
     475
     507
     534
     565
     594
     613
     630
     640
     644
     646
     654
     655
     652
     653
     643
     627
     603
     581
     563
     537
     505
     472
     448
     426
     399
     373
     365
     368
     354
     322
     286
     273
     283
     295
     304
     318
     348
     367
     374
     384
     395
     405
     417
     432
     442
     452
     465
     480
     484
     491
     510
     525
     537
     545
     550
     555
     552
     533
     482
     370
     209
      23
    -189
    -413
    -639
    -872
   -1116
   -1365
   -1607
   -1842
   -2054
   -2252
   -2441
   -2596
   -2734
   -2838
   -2932
   -2986
   -3023
   -3068
   -3091
   -3085
   -3052
   -2999
   -2935
   -2841
   -2734
   -2604
   -2460
   -2269
   -2066
   -1866
   -1668
   -1462
   -1253
   -1048
    -844
    -646
    -448
    -257
     -76
      93
     254
     404
     539
     660
     764
     859
     940
    1003
    1051
    1083
    1102
    1106
    1097
    1069
    1037
     988
     929
     858
     786
     703
     614
     517
     413
     316
     213
     112
      12
     -93
    -187
    -276
    -363
    -450
    -530
    -599
    -661
    -718
    -766
    -803
    -830
    -851
    -867
    -875
    -866
    -858
    -843
    -816
    -786
    -748
    -703
    -654
    -601
    -547
    -487
    -429
    -370
    -304
    -236
    -173
    -110
     -51
       8
      73
     128
     173
     222
     260
     299
     330
     362
     388
     402
     415
     421
     421
     421
     410
     397
     386
     366
     343
     319
     289
     257
     220
     184
     152
     113
      72
      36
      -1
     -11
     147
     460
     831
    1235
    1645
    2056
    2467
    2874
    3251
    3598
    3920
    4211
    4478
    4699
    4878
    5028
    5133
    5196
    5213
    5191
    5123
    5015
    4873
    4698
    4485
    4247
    3981
    3686
    3370
    3039
    2696
    2342
    1980
    1618
    1259
     906
     558
     220
    -105
    -406
    -687
    -949
   -1194
   -1399
   -1584
   -1745
   -1875
   -1976
   -2048
   -2097
   -2114
   -2107
   -2071
   -2015
   -1935
   -1827
   -1700
   -1557
   -1399
   -1232
   -1051
    -871
    -691
    -505
    -318
    -136
      41
     215
     386
     552
     714
     871
    1027
    1166
    1291
    1413
    1524
    1617
    1698
    1771
    1823
    1864
    1894
    1901
    1890
    1868
    1833
    1792
    1738
    1675
    1602
    1514
    1416
    1328
    1228
    1123
    1020
     910
     800
     694
     589
     483
     383
     283
     194
     105
      26
     -49
    -120
    -180
    -230
    -272
    -303
    -320
    -341
    -351
    -345
    -333
    -318
    -298
    -266
    -229
    -190
    -147
     -98
     -43
      15
      80
     145
     205
     266
     335
     408
     473
     531
     593
     658
     713
     767
     817
     864
     899
     924
     951
     971
     977
     983
     994
     985
     974
     962
     949
     925
     900
     882
     860
     826
     787
     754
     716
     683
     644
     605
     569
     536
     499
     466
     432
     405
     372
     343
     321
     300
     279
     259
     248
     242
     236
     234
     241
     243
     256
     267
     283
     296
     314
     328
     339
     351
     367
     381
     396
     403
     410
     421
     434
     440
     448
     451
     463
     476
     479
     469
     463
     449
     425
     397
     366
     338
     310
     281
     257
     237
     219
     201
     190
     183
     184
     183
     187
     196
     206
     221
     244
     263
     281
     302
     319
     345
     370
     391
     412
     446
     475
     496
     521
     552
     578
     607
     628
     641
     651
     668
     679
     687
     684
     690
     687
     684
     681
     677
     668
     662
     655
     647
     639
     619
     605
     584
     565
     543
     515
     502
     486
     474
     448
     423
     402
     370
     338
     308
     272
     233
     200
     166
     134
     114
      86
      67
      55
      54
      57
      61
      69
      85
     105
     127
     157
     182
     209
     245
     271
     287
     312
     339
     363
     390
     419
     442
     466
     484
     513
     536
     555
     578
     599
     615
     623
     632
     637
     637
     629
     618
     607
     593
     577
     552
     523
     487
     440
     395
     355
     308
     266
     227
     187
     153
     127
     103
      91
      84
      82
      87
      91
      99
     103
     110
     114
     121
     131
     141
     154
     176
     194
     217
     248
     276
     303
     337
     370
     404
     436
     477
     511
     547
     584
     617
     654
     680
     710
     728
     754
     768
     776
     776
     784
     788
     798
     791
     778
     751
     725
     694
     658
     618
     580
     546
     515
     481
     449
     417
     388
     357
     331
     313
     295
     279
     269
     261
     251
     245
     248
