   60057
   60996
   56929
   48630
   37074
   23822
   10796
      84
   -6886
   -9448
   -7365
    -878
    9278
   21551
   33942
   44624
   52088
   55497
   54487
   49063
   39904
   28523
   16781
    6245
   -1826
   -6571
   -7510
   -4496
    2351
   12190
   23534
   34581
   43677
   49633
   51840
   49947
   44052
   34975
   24164
   13361
    3941
   -2915
   -6313
   -5684
   -1004
    6887
   16818
   27288
   36974
   44659
   48944
   49225
   45722
   39265
   30827
   21313
   11772
    3441
   -2554
   -5316
   -4661
   -1232
    4024
   10087
   16227
   21715
   25828
   28039
   28136
   26567
   24220
   21768
   19697
   18129
   17265
   17286
   17983
   19101
   20378
   21840
   23324
   24492
   25231
   25433
   25171
   24443
   23226
   21474
   19481
   17477
   15686
   14373
   13610
   13358
   13484
   14228
   15494
   17140
   18914
   20781
   22494
   23650
   24103
   23825
   22997
   21634
   19658
   17082
   14428
   12251
   10446
    9197
    9150
   10505
   13073
   16407
   19773
   22577
   24431
   25272
   25170
   24110
   22060
   19314
   16520
   13954
   11740
   10085
    9466
   10290
   12155
   14616
   17282
   19945
   22175
   23555
   23970
   23403
   22209
   20377
   17895
   15351
   13256
   11956
   11437
   11584
   12408
   14080
   16472
   18974
   21107
   22531
   23174
   22739
   20894
   17916
   14453
   11261
    8710
    7400
    7915
   10337
   14194
   18646
   22852
   26207
   28322
   29052
   28158
   25642
   21819
   17432
   13276
    9630
    6384
    3931
    3035
    4129
    7239
   11709
   16661
   21319
   25112
   27588
   28231
   26781
   23121
   17866
   11853
    5801
     503
   -3180
   -4295
   -2602
    1465
    6914
   12943
   18632
   23122
   25940
   27072
   27080
   26252
   24359
   21443
   17887
   14344
   11204
    8694
    6987
    6306
    6871
    8485
   10720
   13153
   15423
   17343
   18770
   19493
   19195
   17854
   15720
   13270
   11003
    9136
    7794
    7124
    7232
    8135
    9649
   11708
   14047
   16532
   18824
   20379
   20831
   20084
   18405
   16144
   13423
   10539
    7886
    6060
    5360
    5745
    7121
    9323
   12245
   15484
   18490
   20722
   21779
   21615
   20502
   18720
   16310
   13188
    9647
    6276
    4019
    3511
    4624
    6916
    9883
   13253
   16691
   19504
   21010
   20983
   19694
   17535
   14664
   11318
    7866
    4796
    2674
    1833
    2327
    3940
    6317
    9221
   12485
   15675
   18260
   19721
   19865
   19001
   17229
   14560
   11217
    7577
    4121
    1165
    -985
   -2031
   -1689
     106
    3350
    7568
   12084
   16216
   19604
   21958
   22819
   21971
   19429
   15760
   11462
    6992
    2806
    -778
   -3286
   -4347
   -3642
   -1142
    2789
    7429
   12015
   15916
   18813
   20434
   20417
   18614
   15314
   11060
    6762
    3086
     351
   -1126
   -1152
     400
    3303
    7034
   10958
   14647
   17674
   19408
   19498
   17893
   15023
   11393
    7557
    4077
    1513
     338
     509
    1915
    4246
    7330
   10847
   14302
   17129
   18849
   19278
   18374
   16461
   13838
   10763
    7599
    4580
    2062
     398
     -51
     932
    3128
    6406
   10208
   13659
   16140
   17281
   17171
   15854
   13495
   10422
    7162
    4305
    2188
    1049
     981
    2148
    4470
    7508
   10572
   13026
   14550
   15126
   14900
   13869
   11988
    9361
    6222
    3166
     736
    -876
   -1536
   -1139
     324
    2780
    5721
    8560
   10892
   12425
   13159
   12975
   11857
    9951
    7684
    5439
    3450
    2050
    1420
    1814
    3153
    5083
    7175
    9134
   10707
   11830
   12478
   12528
   11747
   10170
    8015
    5725
    3689
    2043
     876
     280
     566
    1874
    3861
    6096
    8161
    9937
   11367
   12132
   12089
   11266
   10024
    8676
    7213
    5630
    4179
    3145
    2857
    3199
    3981
    5126
    6459
    7932
    9249
   10144
   10445
   10276
    9923
    9443
    8718
    7667
    6225
    4565
    3211
    2449
    2211
    2332
    2739
    3505
    4660
    5878
    6636
    6786
    6395
    5627
    4642
    3589
    2654
    2017
    1960
    2550
    3416
    4291
    5063
    6004
    7128
    8024
    8502
    8500
    8183
    7531
    6495
    5146
    3780
    2787
    2051
    1578
    2103
    3616
    5483
    6480
    6327
    5493
    4749
    4246
    3336
    2323
    1571
    1004
     713
     795
    1256
    1968
    2828
    3797
    4782
    5740
    6653
    7464
    7846
    7658
    6958
    6041
    5112
    4181
    3327
    2659
    2465
    2631
    3005
    3424
    3934
    4407
    4691
    4674
    4529
    4293
    4052
    3713
    3363
    3034
    2762
    2748
    3138
    3981
    4836
    5398
    5538
    5434
    5112
    4576
    3698
    2609
    1662
     986
     563
     436
     723
    1203
    1703
    2168
    2823
    3635
    4297
    4758
    5166
    5585
    5888
    5950
    5782
    5547
    5186
    4629
    3820
    2981
    2220
    1479
     855
     550
     855
    1468
    2001
    2218
    2194
    2143
    1978
    1427
     375
    -765
   -1736
   -2541
   -3093
   -3200
   -2599
   -1335
     368
    2201
    4027
    5664
    6730
    7104
    6726
    5847
    4583
    2840
     684
   -1678
   -3778
   -5283
   -6126
   -6183
   -5349
   -3523
   -1076
    1546
    4021
    6142
    7830
    8861
    9015
    8084
    6174
    3586
     958
   -1206
   -2658
   -3283
   -3714
   -4015
   -3519
   -2226
    -529
    1988
    6723
   11791
   13059
   10695
    6484
    1672
   -3077
   -7183
  -10019
  -11080
  -10380
   -8036
   -4468
      37
    4860
    9128
   12241
   13724
   13494
   11629
    8168
    3423
   -2140
   -7785
  -12573
  -15796
  -17063
  -16236
  -13464
   -9026
   -3448
    2265
    7232
   10812
   12748
   12861
   11057
    7629
    3172
   -1518
   -5994
   -9843
  -12708
  -14149
  -13615
  -11236
   -7462
   -2942
    1804
    6194
    9548
   11255
   11055
    8974
    5453
    1100
   -3527
   -8025
  -11896
  -14563
  -15507
  -14479
  -11748
   -7762
   -3088
    1770
    6166
    9270
   10585
    9933
    7585
    3832
    -842
   -5845
  -10328
  -13471
  -14978
  -14759
  -12939
   -9696
   -5383
    -716
    3526
    6715
    8613
    9144
    8244
    5968
    2445
   -1827
   -6220
  -10002
  -12680
  -14095
  -14208
  -13042
  -10652
   -7200
   -3238
     651
    3908
    6296
    7683
    7763
    6527
    4095
     956
   -2406
   -5710
   -8589
  -10651
  -11476
  -10823
   -8899
   -6127
   -2934
     159
    2910
    5029
    6147
    6051
    4751
    2657
     112
   -2650
   -5341
   -7580
   -8855
   -9010
   -8175
   -6648
   -4703
   -2494
     -96
    2163
    3690
    4148
    3488
    2048
       1
   -2435
   -4950
   -7122
   -8640
   -9408
   -9317
   -8507
   -6935
   -4791
   -2496
    -642
     426
     671
     272
    -595
   -1884
   -3461
   -5074
   -6465
   -7259
   -7367
   -6963
   -6230
   -5343
   -4272
   -3231
   -2420
   -2015
   -1937
   -2136
   -2744
   -3780
   -5112
   -6389
   -7548
   -8470
   -9017
   -8955
   -8226
   -7039
   -5659
   -4225
   -2753
   -1601
   -1033
   -1094
   -1595
   -2283
   -3130
   -4192
   -5521
   -6942
   -8219
   -8963
   -9048
   -8616
   -7869
   -6895
   -5706
   -4146
   -2377
    -759
     456
    1084
    1219
     919
      63
   -1376
   -3328
   -5312
   -6950
   -7995
   -8324
   -7850
   -6603
   -4938
   -3128
   -1426
      83
    1177
    1582
    1202
     156
   -1226
   -2793
   -4499
   -6108
   -7382
   -8063
   -8025
   -7449
   -6515
   -5424
   -4357
   -3338
   -2535
   -2038
   -1973
   -2296
   -2898
   -3765
   -4867
   -6008
   -6996
   -7519
   -7584
   -7410
   -7154
   -6849
   -6364
   -5709
   -5149
   -4843
   -4880
   -5156
   -5507
   -6026
   -6658
   -7201
   -7322
   -6865
   -6019
   -4989
   -3978
   -3037
   -2398
   -2266
   -2813
   -4026
   -5723
   -7545
   -9077
  -10159
  -10804
  -10971
  -10679
   -9816
   -8480
   -7015
   -5591
   -4307
   -3238
   -2512
   -2335
   -2784
   -3858
   -5282
   -6883
   -8451
   -9794
  -10581
  -10557
   -9865
   -8723
   -7267
   -5593
   -3985
   -2738
   -2049
   -2036
   -2599
   -3699
   -5283
   -7165
   -8977
  -10240
  -10776
  -10584
   -9748
   -8314
   -6463
   -4656
   -3294
   -2608
   -2604
   -3166
   -4227
   -5699
   -7315
   -8528
   -9120
   -9219
   -8852
   -8188
   -7225
   -5962
   -4693
   -3732
   -3329
   -3433
   -3988
   -5060
   -6496
   -8083
   -9349
  -10049
  -10334
  -10439
  -10400
  -10132
   -9466
   -8458
   -7363
   -6334
   -5480
   -4750
   -4221
   -4139
   -4638
   -5711
   -6987
   -8263
   -9555
  -10792
  -11844
  -12471
  -12535
  -12141
  -11367
  -10233
   -8811
   -7183
   -5745
   -4807
   -4509
   -4695
   -5315
   -6376
   -7664
   -8923
   -9796
  -10232
  -10222
   -9877
   -9162
   -8267
   -7370
   -6584
   -5998
   -5680
   -5892
   -6669
   -7827
   -9094
  -10127
  -10917
  -11469
  -11767
  -11811
  -11548
  -10890
   -9918
   -8841
   -7889
   -7030
   -6164
   -5524
   -5260
   -5483
   -6076
   -6960
   -8106
   -9376
  -10514
  -11231
  -11588
  -11575
  -11243
  -10547
   -9698
   -8849
   -8107
   -7394
   -6920
   -6754
   -6863
   -7057
   -7237
   -7408
   -7630
   -8011
   -8453
   -8903
   -9183
   -9202
   -9110
   -8949
   -8743
   -8371
   -7876
   -7482
   -7179
   -7065
   -7286
   -7763
   -8568
   -9694
  -10939
  -11869
  -12214
  -11971
  -11189
   -9805
   -8054
   -6415
   -5248
   -4799
   -4914
   -5458
   -6447
   -7855
   -9513
  -11226
  -12693
  -13748
  -14420
  -14575
  -14157
  -13092
  -11366
   -9259
   -7211
   -5566
   -4616
   -4413
   -5008
   -6412
   -8489
  -10908
  -13197
  -14893
  -15818
  -16009
  -15506
  -14358
  -12525
  -10165
   -7701
   -5342
   -3352
   -1884
   -1343
   -2024
   -4098
   -7310
  -11140
  -14974
  -18162
  -20194
  -20606
  -19450
  -16958
  -13499
   -9463
   -5312
   -1643
     885
    1883
    1238
    -952
   -4176
   -7909
  -11695
  -15092
  -17653
  -18944
  -18698
  -17005
  -14234
  -10824
   -7231
   -3703
    -656
    1280
    1678
     429
   -2186
   -5650
   -9585
  -13559
  -17054
  -19460
  -20263
  -19458
  -17226
  -13933
   -9947
   -5746
   -2049
     578
    1762
    1522
     -43
   -2702
   -6175
  -10339
  -14560
  -18108
  -20358
  -21048
  -20029
  -17602
  -14203
  -10327
   -6466
   -3034
    -590
     474
     -15
   -1934
   -4981
   -8857
  -13125
  -17218
  -20451
  -22275
  -22456
  -21060
  -18368
  -14752
  -10603
   -6587
   -3218
    -896
     174
    -128
   -1924
   -4972
   -8792
  -12710
  -16298
  -19129
  -20919
  -21357
  -20427
  -18321
  -15370
  -11909
   -8439
   -5585
   -3734
   -3131
   -3631
   -5130
   -7387
  -10090
  -12898
  -15439
  -17381
  -18301
  -18082
  -16961
  -15212
  -13118
  -10886
   -8774
   -7218
   -6456
   -6538
   -7255
   -8514
  -10223
  -12134
  -13935
  -15232
  -15951
  -16005
  -15371
  -14095
  -12346
  -10452
   -8722
   -7371
   -6471
   -6207
   -6678
   -7848
   -9486
  -11261
  -13065
  -14700
  -15941
  -16658
  -16730
  -16249
  -15296
  -14066
  -12566
  -10961
   -9510
   -8346
   -7667
   -7420
   -7585
   -8176
   -9248
  -10665
  -12219
  -13607
  -14593
  -15091
  -15130
  -14754
  -13895
  -12612
  -11230
  -10018
   -9125
   -8520
   -8279
   -8573
   -9358
  -10517
  -11732
  -12764
  -13594
  -14210
  -14576
  -14619
  -14238
  -13567
  -12866
  -12246
  -11730
  -11156
  -10671
  -10525
  -10666
  -10984
  -11301
  -11702
  -12203
  -12736
  -13150
  -13264
  -13186
  -13173
  -13328
  -13622
  -13805
  -13794
  -13638
  -13491
  -13367
  -13263
  -13072
  -12771
  -12430
  -12133
  -11907
  -11705
  -11400
  -11190
  -11256
  -11662
  -12292
  -12875
  -13461
  -14098
  -14670
  -15169
  -15332
  -15054
  -14415
  -13673
  -12995
  -12456
  -11927
  -11434
  -11145
  -11213
  -11671
  -12385
  -13122
  -13825
  -14404
  -14750
  -14672
  -14177
  -13514
  -12891
  -12392
  -11957
  -11750
  -11846
  -12328
  -13063
  -13829
  -14573
  -15160
  -15436
  -15203
  -14577
  -13717
  -12918
  -12276
  -11812
  -11614
  -11658
  -11936
  -12237
  -12554
  -12913
  -13321
  -13819
  -14353
  -14889
  -15207
  -15243
  -15042
  -14691
  -14206
  -13622
  -12978
  -12323
  -11750
  -11398
  -11232
  -11211
  -11149
  -11060
  -11257
  -11855
  -12808
  -13834
  -14718
  -15423
  -15896
  -16141
  -16022
  -15531
  -14890
  -14201
  -13581
  -12968
  -12428
  -12055
  -11898
  -12008
  -12270
  -12724
  -13280
  -13861
  -14358
  -14712
  -14985
  -15099
  -15068
  -14847
  -14489
  -14131
  -13809
  -13567
  -13271
  -12900
  -12488
  -12164
  -11959
  -11925
  -12195
  -12811
  -13875
  -15340
  -16897
  -17904
  -18026
  -17556
  -16797
  -15946
  -14936
  -13923
  -12989
  -12229
  -11619
  -11162
  -11004
  -11188
  -11789
  -12735
  -13946
  -15210
  -16278
  -16921
  -16689
  -15700
  -14404
  -13151
  -12035
  -11285
  -10913
  -11006
  -11419
  -11994
  -12663
  -13267
  -13789
  -14108
  -14159
  -14077
  -14080
  -14210
  -14481
  -14751
  -14939
  -15036
  -15021
  -14902
  -14482
  -13521
  -12224
  -10862
   -9760
   -8940
   -8591
   -8931
   -9892
  -11363
  -13085
  -14913
  -16548
  -17797
  -18409
  -18368
  -17739
  -16702
  -15422
  -14024
  -12803
