   14681
   14512
   14336
   14145
   13948
   13767
   13590
   13418
   13244
   13084
   12927
   12777
   12632
   12497
   12375
   12288
   12215
   12164
   12142
   12139
   12161
   12209
   12278
   12376
   12500
   12638
   12798
   12990
   13198
   13429
   13670
   13916
   14168
   14422
   14672
   14909
   15132
   15338
   15526
   15693
   15829
   15937
   16018
   16047
   16038
   15996
   15925
   15815
   15669
   15494
   15287
   15057
   14814
   14562
   14298
   14021
   13756
   13502
   13264
   13046
   12848
   12679
   12549
   12447
   12365
   12319
   12296
   12316
   12373
   12479
   12610
   12771
   12956
   13165
   13381
   13608
   13858
   14112
   14377
   14642
   14895
   15138
   15367
   15577
   15766
   15937
   16072
   16177
   16258
   16305
   16328
   16317
   16268
   16191
   16094
   15961
   15810
   15643
   15464
   15268
   15056
   14839
   14611
   14386
   14159
   13933
   13705
   13485
   13275
   13084
   12905
   12743
   12596
   12478
   12394
   12341
   12325
   12341
   12385
   12468
   12584
   12727
   12900
   13104
   13328
   13570
   13824
   14092
   14370
   14656
   14940
   15216
   15482
   15734
   15965
   16162
   16329
   16475
   16589
   16664
   16712
   16719
   16686
   16628
   16535
   16395
   16232
   16045
   15845
   15616
   15376
   15132
   14880
   14629
   14375
   14124
   13883
   13652
   13438
   13240
   13061
   12910
   12795
   12702
   12636
   12607
   12605
   12650
   12726
   12824
   12963
   13123
   13313
   13526
   13767
   14021
   14285
   14562
   14835
   15116
   15392
   15668
   15922
   16157
   16358
   16540
   16701
   16832
   16935
   16995
   17025
   17013
   16969
   16891
   16779
   16623
   16446
   16249
   16033
   15803
   15560
   15312
   15066
   14810
   14560
   14318
   14105
   13906
   13724
   13567
   13434
   13323
   13235
   13169
   13133
   13125
   13140
   13190
   13262
   13361
   13485
   13621
   13772
   13941
   14123
   14314
   14521
   14743
   14970
   15196
   15419
   15639
   15857
   16073
   16271
   16455
   16621
   16761
   16880
   16983
   17056
   17087
   17084
   17036
   16955
   16844
   16696
   16528
   16353
   16163
   15948
   15726
   15499
   15257
   15024
   14796
   14577
   14375
   14194
   14020
   13863
   13733
   13622
   13542
   13493
   13476
   13489
   13542
   13633
   13751
   13899
   14063
   14245
   14450
   14663
   14873
   15092
   15316
   15541
   15770
   15979
   16175
   16348
   16499
   16635
   16744
   16815
   16874
   16899
   16909
   16901
   16866
   16810
   16730
   16634
   16519
   16381
   16230
   16063
   15882
   15706
   15534
   15355
   15180
   15005
   14833
   14681
   14544
   14423
   14315
   14222
   14137
   14079
   14040
   14019
   14021
   14050
   14095
   14162
   14242
   14348
   14469
   14604
   14756
   14919
   15091
   15265
   15440
   15622
   15796
   15976
   16152
   16318
   16477
   16606
   16714
   16816
   16909
   16976
   17018
   17043
   17048
   17040
   17017
   16971
   16903
   16815
   16707
   16581
   16445
   16297
   16138
   15977
   15806
   15629
   15455
   15283
   15116
   14962
   14827
   14704
   14587
   14493
   14413
   14349
   14309
   14292
   14299
   14326
   14375
   14439
   14526
   14625
   14742
   14864
   14993
   15133
   15279
   15427
   15579
   15733
   15873
   16014
   16165
   16320
   16459
   16581
   16692
   16793
   16876
   16944
   16997
   17033
   17048
   17055
   17036
   16997
   16936
   16845
   16737
   16600
   16454
   16298
   16137
   15957
   15774
   15589
   15397
   15210
   15034
   14866
   14714
   14572
   14454
   14358
   14290
   14247
   14237
   14253
   14296
   14362
   14448
   14569
   14713
   14875
   15057
   15254
   15455
   15664
   15865
   16060
   16237
   16394
   16526
   16626
   16702
   16747
   16761
   16750
   16707
   16633
   16537
   16408
   16253
   16090
   15928
   15756
   15583
   15407
   15233
   15065
   14905
   14767
   14646
   14545
   14460
   14402
   14357
   14338
   14333
   14340
   14363
   14398
   14449
   14515
   14593
   14676
   14761
   14851
   14942
   15032
   15128
   15225
   15333
   15438
   15548
   15662
   15778
   15896
   16009
   16129
   16245
   16354
   16458
   16559
   16644
   16715
   16768
   16804
   16826
   16819
   16788
   16734
   16664
   16576
   16466
   16344
   16210
   16061
   15923
   15776
   15616
   15450
   15295
   15144
   14997
   14857
   14723
   14600
   14498
   14412
   14339
   14276
   14233
   14204
   14197
   14206
   14249
   14320
   14421
   14558
   14695
   14856
   15031
   15227
   15432
   15653
   15875
   16096
   16331
   16565
   16800
   17029
   17240
   17427
   17592
   17721
   17810
   17866
   17887
   17872
   17822
   17736
   17621
   17483
   17325
   17145
   16946
   16724
   16487
   16246
   15998
   15753
   15498
   15254
   15017
   14802
   14608
   14439
   14285
   14159
   14065
   13985
   13944
   13924
   13927
   13952
   14013
   14098
   14206
   14332
   14478
   14632
   14792
   14967
   15145
   15322
   15502
   15681
   15859
   16037
   16203
   16360
   16509
   16641
   16748
   16844
   16918
   16964
   16992
   16993
   16972
   16921
   16841
   16733
   16614
   16478
   16322
   16148
   15957
   15763
   15556
   15348
   15146
   14945
   14753
   14576
   14402
   14235
   14090
   13968
   13853
   13741
   13655
   13584
   13553
   13544
   13562
   13613
   13704
   13816
   13942
   14076
   14219
   14359
   14495
   14645
   14786
   14922
   15053
   15186
   15305
   15410
   15518
   15620
   15708
   15779
   15827
   15848
   15849
   15823
   15777
   15709
   15629
   15545
   15444
   15331
   15207
   15075
   14945
   14814
   14682
   14548
   14427
   14311
   14199
   14108
   14032
   13972
   13927
   13897
   13877
   13870
   13875
   13894
   13943
   14004
   14082
   14166
   14244
   14306
   14367
   14418
   14466
   14509
   14551
   14600
   14647
   14697
   14755
   14810
   14880
   14951
   15022
   15094
   15178
   15257
   15326
   15395
   15466
   15515
   15560
   15602
   15631
   15639
   15636
   15616
   15592
   15552
   15488
   15418
   15339
   15264
   15189
   15106
   15029
   14955
   14885
   14827
   14777
   14735
   14712
   14704
   14702
   14718
   14748
   14784
   14824
   14868
   14911
   14946
   14967
   14971
   14954
   14925
   14893
   14850
   14811
   14780
   14762
   14754
   14756
   14765
   14778
   14794
   14808
   14825
   14846
   14876
   14917
   14967
   15011
   15057
   15105
   15150
   15198
   15242
   15278
   15288
   15273
   15233
   15165
   15079
   14984
   14887
   14792
   14709
   14635
   14563
   14504
   14452
   14405
   14381
   14370
   14369
   14391
   14428
   14466
   14522
   14591
   14662
   14731
   14799
   14853
   14879
   14904
   14918
   14921
   14920
   14926
   14930
   14922
   14912
   14903
   14875
   14838
   14796
   14751
   14700
   14649
   14608
   14574
   14552
   14533
   14532
   14546
   14561
   14602
   14651
   14706
   14771
   14846
   14923
   15000
   15093
   15185
   15278
   15367
   15450
   15517
   15572
   15602
   15609
   15596
   15574
   15537
   15499
   15450
   15391
   15344
   15296
   15241
   15192
   15147
   15110
   15070
   15024
   14981
   14941
   14898
   14858
   14820
   14781
   14737
   14693
   14640
   14571
   14491
   14405
   14308
   14211
   14129
   14066
   14020
   13996
   13988
   13996
   14034
   14087
   14147
   14206
   14267
   14328
   14388
   14449
   14524
   14611
   14704
   14800
   14889
   14958
   15006
   15026
   15017
   14982
   14931
   14867
   14796
   14731
   14683
   14648
   14623
   14602
   14599
   14615
   14636
   14669
   14707
   14739
   14761
   14783
   14800
   14805
   14805
   14794
   14791
   14788
   14790
   14793
   14810
   14834
   14856
   14885
   14915
   14942
   14979
   15017
   15063
   15109
   15148
   15178
   15197
   15213
   15238
   15254
   15254
   15259
   15265
   15262
   15251
   15232
   15198
   15164
   15120
   15056
   14981
   14915
   14852
   14794
   14732
   14660
   14579
   14499
   14421
   14342
   14255
   14173
   14102
   14024
   13934
   13826
   13691
   13541
   13390
   13240
   13092
   12963
   12850
   12759
   12690
   12660
   12650
   12644
   12656
   12671
   12686
   12717
   12757
   12817
   12899
   12992
   13098
   13229
   13377
   13539
   13726
   13925
   14124
   14339
   14549
   14760
   14976
   15185
   15375
   15539
   15672
   15764
   15811
   15818
   15792
   15730
   15645
   15529
   15391
   15225
   15050
   14872
   14680
   14490
   14304
   14104
   13907
   13721
   13544
   13386
   13242
   13111
   12992
   12896
   12822
   12763
   12719
   12701
   12696
   12702
   12723
   12753
   12789
   12843
   12907
   12975
   13056
   13154
   13259
   13369
   13471
   13560
   13611
   13621
   13604
   13553
   13467
   13374
   13269
   13157
   13051
   12952
   12865
   12783
   12706
   12641
   12582
   12538
   12507
   12480
   12467
   12476
   12507
   12560
   12629
   12709
   12803
   12910
   13018
   13133
   13254
   13366
   13454
   13531
   13601
   13657
   13696
   13735
   13774
   13806
   13824
   13831
   13825
   13817
   13800
   13780
   13752
   13719
   13691
   13653
   13611
   13558
   13479
   13375
   13251
   13107
   12947
   12783
   12613
   12445
   12261
   12062
   11844
   11616
   11387
   11166
   10964
   10783
   10630
   10509
   10424
   10375
   10368
   10401
   10468
   10574
   10702
   10859
   11035
   11223
   11429
   11644
   11881
   12130
   12400
   12666
   12931
   13199
   13464
   13708
   13930
   14130
   14307
   14465
   14602
   14723
   14812
   14882
   14926
   14941
   14927
   14881
   14798
   14652
   14448
   14173
   13829
   13432
   13000
   12552
   12106
   11669
   11262
   10883
   10549
   10255
   10015
    9838
    9716
    9647
    9639
    9689
    9803
    9975
   10195
   10468
   10781
   11135
   11528
   11942
   12379
   12820
   13262
   13708
   14140
   14547
   14935
   15300
   15627
   15916
   16158
   16342
   16472
   16532
   16502
   16398
   16210
   15947
   15613
   15226
   14791
   14329
   13835
   13324
   12820
   12310
   11805
   11303
   10819
   10365
    9942
    9569
    9249
    8982
    8782
    8648
    8580
    8574
    8642
    8774
    8952
    9194
    9490
    9833
   10213
   10623
   11065
   11510
   11932
   12316
   12660
   12942
   13171
   13349
   13483
   13579
   13639
   13666
   13664
   13631
   13561
   13445
   13300
   13123
   12918
   12701
   12482
   12261
   12050
   11851
   11669
   11498
   11337
   11185
   11036
   10895
   10764
   10637
   10534
   10452
   10378
   10328
   10315
   10331
   10373
   10413
   10449
   10487
   10522
   10563
   10633
   10711
   10808
   10951
   11116
   11302
   11516
   11763
   12028
   12309
   12590
   12853
   13090
   13295
   13462
   13603
   13699
   13762
   13796
   13808
   13800
   13770
   13706
   13616
   13505
   13444
   13406
   13294
   13124
   12926
   12706
   12477
   12251
   12030
   11793
   11558
   11327
   11105
   10893
   10696
   10528
   10398
   10302
   10230
   10190
   10164
   10141
   10119
   10105
   10102
   10120
   10163
   10238
   10367
   10535
   10734
   10982
   11276
   11597
   11948
   12323
   12709
   13098
   13481
   13850
   14199
   14520
   14805
   15050
   15246
   15385
   15468
   15499
   15467
   15380
   15241
   15037
   14777
   14476
   14137
   13765
   13353
   12917
   12471
   12019
   11568
   11118
   10676
   10253
    9854
    9486
    9158
    8866
    8618
    8439
    8317
    8247
    8238
    8281
    8371
    8516
    8721
    8974
    9264
    9598
    9966
   10357
   10770
   11197
   11627
   12049
   12459
   12852
   13220
   13560
   13876
   14158
   14391
   14566
   14683
   14729
   14693
   14591
   14420
   14189
   13904
   13569
   13206
   12829
   12443
   12042
   11630
   11206
   10768
   10324
    9880
    9444
    9009
    8607
    8247
    7929
    7660
    7441
    7277
    7180
    7141
    7170
    7261
    7410
    7623
    7886
    8188
    8525
    8865
    9190
    9505
    9804
   10093
   10373
   10651
   10921
   11197
   11473
   11743
   12016
   12268
   12507
   12735
   12934
   13097
   13230
   13328
   13387
   13407
   13387
   13319
   13210
   13067
   12894
   12686
   12449
   12197
   11922
   11627
   11315
   10995
   10675
   10356
   10033
    9735
    9449
    9182
    8941
    8731
    8554
    8418
    8322
    8264
    8249
    8273
    8341
    8444
    8576
    8738
    8920
    9121
    9343
    9574
    9819
   10078
   10346
   10620
   10900
   11184
   11459
   11722
   11962
   12173
   12337
   12435
   12472
   12438
   12345
   12203
   12013
   11785
   11522
   11234
   10942
   10646
   10345
   10047
    9769
    9515
    9301
    9113
    8945
    8800
    8689
    8616
    8570
    8563
    8589
    8634
    8703
    8805
    8934
    9094
    9276
    9486
    9708
    9927
   10141
   10342
   10517
   10665
   10782
   10882
   10953
   10995
   11016
   11022
   11014
   11002
   10985
   10967
   10941
   10907
   10874
   10833
   10788
   10752
   10717
   10686
   10658
   10625
   10589
   10550
   10506
   10463
   10425
   10386
   10348
   10308
   10270
   10231
   10198
   10174
   10151
   10122
   10089
   10051
   10012
    9972
    9932
    9890
    9853
    9813
    9773
    9744
    9722
    9721
    9720
    9730
    9750
    9785
    9824
    9874
    9926
    9986
   10046
   10107
   10172
   10230
   10286
   10323
   10334
   10318
   10276
   10200
   10112
    9999
    9868
    9741
    9614
    9497
    9395
    9302
    9218
    9148
    9092
    9048
    9026
    9024
    9045
    9094
    9159
    9238
    9300
    9358
    9380
    9366
    9326
    9252
    9160
    9056
    8953
    8855
    8769
    8692
    8642
    8619
    8622
    8652
    8712
    8801
    8907
    9041
    9182
    9337
    9510
    9697
    9900
   10106
   10310
   10513
   10715
   10912
   11094
   11266
   11423
   11556
   11670
   11767
   11848
   11893
   11892
   11867
   11793
   11687
   11552
   11383
   11202
   11015
   10801
   10577
   10359
   10144
    9932
    9724
    9530
    9342
    9168
    9013
    8879
    8772
    8691
    8627
    8588
    8581
    8595
    8631
    8695
    8777
    8884
    9011
    9162
    9333
    9518
    9702
    9885
   10037
   10153
   10217
   10223
   10171
   10081
    9954
    9803
    9635
    9457
    9279
    9101
    8944
    8807
    8691
    8603
    8544
    8522
    8529
    8567
    8637
    8725
    8844
    8983
    9134
    9289
    9458
    9630
    9822
   10025
   10222
   10426
   10626
   10825
   11020
   11186
   11338
   11469
   11582
   11671
   11726
   11751
   11749
   11724
   11676
   11611
   11516
   11395
   11232
   11037
   10809
   10555
   10284
    9994
    9693
    9394
    9111
    8841
    8589
    8359
    8154
    7980
    7836
    7731
    7672
    7663
    7709
    7795
    7923
    8088
    8289
    8516
    8767
    9033
    9323
    9628
    9934
   10237
   10538
   10836
   11126
   11393
   11645
   11875
   12087
   12268
   12418
   12539
   12624
   12664
   12666
   12633
   12559
   12441
   12287
   12101
   11890
   11647
   11380
   11091
   10784
   10466
   10133
    9809
    9490
    9183
    8888
    8606
    8346
    8116
    7922
    7774
    7656
    7573
    7536
    7537
    7582
    7670
    7789
    7946
    8143
    8370
    8623
    8908
    9206
    9514
    9824
   10133
   10340
   10310
   10335
   10459
   10618
   10781
   10949
   11101
   11237
   11364
   11490
   11701
   11911
   12048
   12125
   12157
   12151
   12107
   11889
   11625
   11404
   11179
   10943
   10697
   10442
   10185
    9935
    9681
    9437
    9212
    9003
    8813
    8652
    8512
    8399
    8314
    8259
    8238
    8240
    8269
    8316
    8395
    8507
    8641
    8807
    8993
    9193
    9409
    9638
    9878
   10110
   10345
   10577
   10790
   10983
   11162
   11325
   11478
   11607
   11706
   11781
   11833
   11848
   11829
   11779
   11699
   11590
   11455
   11296
   11112
   10913
   10698
   10465
   10229
    9992
    9741
    9495
    9252
    9014
    8783
    8556
    8330
    8123
    7928
    7751
    7607
    7494
    7410
    7381
    7392
    7442
    7531
    7655
    7819
    8013
    8252
    8526
    8821
    9142
    9478
    9818
   10160
   10499
   10830
   11148
   11454
   11727
   11964
   12159
   12323
   12451
   12531
   12575
   12576
   12544
   12470
   12358
   12209
   12024
   11799
   11538
   11252
   10956
   10641
   10326
   10002
    9673
    9340
    9002
    8668
    8330
    7989
    7664
    7358
    7091
    6862
    6681
    6554
    6478
    6460
    6497
    6590
    6737
    6951
    7213
    7526
    7883
    8286
    8723
    9190
    9672
   10166
   10653
   11140
   11615
   12070
   12494
   12884
   13234
   13533
   13776
   13946
   14029
   14035
   13969
   13826
   13613
   13338
   12996
   12609
   12186
   11737
   11264
   10770
   10274
    9785
    9299
    8831
    8398
    8000
    7649
    7352
    7103
    6906
    6767
    6674
    6641
    6659
    6739
    6867
    7049
    7285
    7569
    7898
    8263
    8660
    9082
    9517
    9962
   10403
   10836
   11261
   11663
   12041
   12369
   12647
   12860
   13000
   13060
   13045
   12966
   12833
   12640
   12397
   12114
   11790
   11421
   11008
   10560
   10065
    9549
    9024
    8493
    7981
    7491
    7039
    6635
    6289
    6007
    5790
    5661
    5614
    5645
    5758
    5953
    6221
    6561
    6972
    7442
    7967
    8531
    9135
    9760
   10394
   11026
   11641
   12237
   12795
   13305
   13758
   14162
   14493
   14760
   14957
   15078
   15130
   15098
   15008
   14862
   14644
   14366
   14041
   13663
   13237
   12770
   12274
   11757
   11230
   10700
   10167
    9643
    9145
    8688
    8257
    7866
    7504
    7198
    6953
    6774
    6657
    6603
    6617
    6708
    6865
    7081
    7366
    7702
    8076
    8490
    8920
    9365
    9825
   10284
   10736
   11191
   11639
   12071
   12486
   12870
   13217
   13518
   13754
   13914
   14004
   14035
   13994
   13887
   13724
   13502
   13230
   12913
   12557
   12160
   11749
   11303
   10832
   10342
    9846
    9337
    8836
    8344
    7883
    7465
    7093
    6777
    6526
    6344
    6234
    6203
    6248
    6365
    6558
    6823
    7145
    7526
    7952
    8427
    8947
    9493
   10072
   10662
   11248
   11825
   12386
   12926
   13429
   13887
   14299
   14649
   14939
   15157
   15298
   15344
   15283
   15116
   14851
   14494
   14051
   13540
   12981
   12370
   11733
   11078
   10420
    9758
    9123
    8510
    7933
    7406
    6943
    6542
    6207
    5941
    5736
    5602
    5535
    5537
    5611
    5750
    5961
    6244
    6587
    6985
    7437
    7929
    8451
    8993
    9560
   10135
   10705
   11269
   11822
   12361
   12871
   13354
   13794
   14186
   14522
   14800
   15024
   15181
   15272
   15296
   15260
   15150
   14980
   14760
   14477
   14137
   13750
   13327
   12871
   12389
   11879
   11363
   10837
   10307
    9787
    9289
    8805
    8357
    7955
    7598
    7293
    7045
    6863
    6742
    6693
    6710
    6800
    6952
    7170
    7449
    7788
    8180
    8629
    9112
    9613
   10137
   10677
   11213
   11757
   12301
   12822
   13311
   13759
   14154
   14488
   14763
   14956
   15019
   14950
   14640
   13997
   13396
   12911
   12453
   12006
   11570
   11148
   10744
   10365
   10004
    9670
    9370
    9102
    8868
    8672
    8509
    8393
    8323
    8293
    8303
    8360
    8453
    8585
    8759
    8971
    9204
    9463
    9742
   10030
   10331
   10637
   10945
   11249
   11551
   11837
   12114
   12367
   12598
   12793
   12960
   13092
   13198
   13271
   13308
   13315
   13287
   13225
   13130
   13000
   12823
   12622
   12392
   12140
   11871
   11584
   11294
   10996
   10695
   10408
   10123
    9852
    9599
    9365
    9158
    8978
    8814
    8688
    8607
    8571
    8571
    8611
    8689
    8802
    8952
    9126
    9320
    9540
    9769
   10014
   10266
   10526
   10786
   11043
   11290
   11529
   11749
   11951
   12135
   12286
   12411
   12527
   12613
   12682
   12725
   12731
   12705
   12668
   12602
   12507
   12380
   12227
   12046
   11842
   11620
   11380
   11129
   10880
   10629
   10378
   10144
    9898
    9639
    9379
    9122
    8862
    8611
    8386
    8188
    8024
    7910
    7828
    7790
    7814
    7885
    8009
    8175
    8404
    8666
    8963
    9291
    9652
   10035
   10438
   10847
   11258
   11643
   11993
   12310
   12587
   12824
   13015
   13155
   13245
   13301
   13323
   13299
   13224
   13117
   12982
   12860
   12759
   12641
   12444
   12174
   11909
   11611
   11322
   11077
   10884
   10595
   10159
    9849
    9603
    9313
    9035
    8763
    8427
    8078
    7755
    7482
    7246
    7049
    6897
    6796
    6782
    6858
    7001
    7187
    7413
    7684
    8020
    8400
    8807
    9252
    9715
   10203
   10746
   11292
   11769
   12216
   12687
   13159
   13582
   13970
   14337
   14661
   14903
   15066
   15166
   15207
   15158
   15027
   14794
   14474
   14104
   13690
   13234
   12736
   12205
   11633
   11028
   10392
    9750
    9114
    8476
    7871
    7322
    6838
    6415
    6047
    5740
    5564
    5534
    5539
    5521
    5548
    5737
    6089
    6552
    7082
    7699
    8412
    9152
    9859
   10572
   11299
   12020
   12723
   13380
   14001
   14584
   15114
   15587
   15986
   16307
   16545
   16704
   16780
   16763
   16645
   16448
   16147
   15643
   14909
   13780
   12223
   10366
    8291
    6040
    3644
    1147
   -1394
   -3953
   -6499
   -8954
  -11263
  -13400
  -15303
  -16953
  -18330
  -19381
  -20141
  -20517
  -20547
  -20440
  -20027
  -19285
  -18246
  -16929
  -15355
  -13549
  -11526
   -9327
   -6971
   -4363
   -1613
    1106
    3767
    6358
    8819
   11128
   13250
   15165
   16823
   18209
   19301
   20076
   20530
   20655
   20454
   19913
   19052
   17897
   16464
   14771
   12834
   10697
    8388
    5966
    3451
     888
   -1670
   -4203
   -6656
   -9001
  -11190
  -13190
  -14970
  -16507
  -17772
  -18743
  -19412
  -19769
  -19795
  -19499
  -18900
  -17996
  -16800
  -15324
  -13602
  -11663
   -9534
   -7257
   -4868
   -2398
     118
    2636
    5119
    7519
    9790
   11907
   13832
   15544
   17007
   18201
   19102
   19707
   20005
   19991
   19655
   19010
   18074
   16859
   15375
   13647
   11718
    9610
    7359
    4998
    2564
     102
   -2348
   -4762
   -7089
   -9291
  -11333
  -13182
  -14819
  -16205
  -17324
  -18152
  -18685
  -18916
  -18835
  -18445
  -17757
  -16782
  -15544
  -14051
  -12325
  -10401
   -8306
   -6079
   -3749
   -1349
    1067
    3468
    5927
    9097
   13171
   17686
   22377
   27091
   31704
   36100
   40192
   43904
   47164
   49920
   52136
   53765
   54773
   55147
   54883
   53984
   52452
   50299
   47574
   44317
   40567
   36386
   31835
   26991
   21935
   16729
   11459
    6220
    1089
   -3858
   -8543
  -12897
  -16840
  -20315
  -23262
  -25645
  -27419
  -28559
  -29044
  -28861
  -28022
  -26546
  -24463
  -21789
  -18591
  -14916
  -10816
   -6371
   -1642
    3294
    8354
   13454
   18532
   23498
   28263
   32756
   36906
   40641
   43908
   46631
   48757
   50251
   51095
   51269
   50773
   49629
   47862
   45511
   42619
   39236
   35422
   31237
   26760
   22060
   17204
   12271
    7346
    2499
   -2175
   -6621
  -10758
  -14533
  -17869
  -20721
  -23053
  -24824
  -26009
  -26596
  -26553
  -25893
  -24615
  -22753
  -20336
  -17410
  -14013
  -10203
   -6060
   -1641
    2994
    7757
   12581
   17383
   22085
   26616
   30906
   34880
   38468
   41623
   44292
   46442
   48032
   49036
   49441
   49245
   48459
   47081
   45132
   42658
   39687
   36261
   32444
   28299
   23889
   19298
   14593
    9852
    5153
     565
   -3831
   -7955
  -11754
  -15175
  -18152
  -20639
  -22590
  -23981
  -24793
  -25028
  -24669
  -23723
  -22216
  -20165
  -17613
  -14588
  -11148
   -7343
   -3244
    1097
    5607
   10205
   14825
   19395
   23845
   28099
   32096
   35766
   39056
   41912
   44281
   46133
   47441
   48181
   48344
   47916
   46914
   45368
   43285
   40710
   37684
   34257
   30471
   26404
   22117
   17677
   13161
    8646
    4196
    -105
   -4195
   -8011
  -11490
  -14590
  -17241
  -19422
  -21094
  -22232
  -22836
  -22881
  -22383
  -21351
  -19790
  -17735
  -15217
  -12266
   -8934
   -5280
   -1343
    2789
    7062
   11396
   15735
   19982
   24035
   27840
   31334
   34464
   37193
   39484
   41320
   42668
   43515
   43846
   43662
   42968
   41776
   40103
   37979
   35441
   32531
   29305
   25801
   22074
   18200
   14241
   10240
    6256
    2365
   -1385
   -4925
   -8184
  -11117
  -13665
  -15799
  -17476
  -18675
  -19372
  -19560
  -19252
  -18459
  -17184
  -15452
  -13296
  -10741
   -7840
   -4631
   -1163
    2512
    6334
   10232
   14153
   18040
   21818
   25442
   28851
   31988
   34781
   37186
   39176
   40701
   41762
   42335
   42432
   42052
   41180
   39831
   38027
   35776
   33121
   30090
   26735
   23114
   19292
   15333
   11297
    7269
    3319
    -502
   -4122
   -7489
  -10551
  -13248
  -15538
  -17380
  -18739
  -19601
  -19967
  -19821
  -19170
  -18040
  -16448
  -14422
  -12004
   -9227
   -6129
   -2775
     809
    4552
    8393
   12279
   16150
   19948
   23616
   27094
   30309
   33212
   35760
   37900
   39593
   40819
   41566
   41808
   41547
   40799
   39566
   37866
   35717
   33143
   30184
   26882
   23308
   19524
   15591
   11578
    7558
    3602
    -227
   -3864
   -7246
  -10324
  -13039
  -15351
  -17234
  -18663
  -19626
  -20120
  -20139
  -19673
  -18731
  -17316
  -15464
  -13196
  -10544
   -7542
   -4252
    -709
    3017
    6861
   10767
   14676
   18532
   22273
   25832
   29163
   32202
   34915
   37252
   39180
   40665
   41685
   42216
   42245
   41775
   40818
   39380
   37498
   35220
   32578
   29577
   26242
   22647
   18855
   14925
   10935
    6953
    3034
    -756
   -4336
   -7661
  -10679
  -13338
  -15599
  -17424
  -18775
  -19644
  -20017
  -19878
  -19236
  -18108
  -16501
  -14454
  -11999
