-303851
-301554
-299609
-300192
-301379
-301685
-300346
-301707
-304612
-304017
-303510
-305026
-303550
-301630
-302836
-304640
-302382
-301645
-305707
-307020
-304324
-302424
-302287
-302266
-302860
-305831
-304052
-297093
-294938
-293690
-290140
-290074
-298956
-308989
-319085
-329034
-334020
-332249
-328240
-323994
-316652
-310072
-308025
-307035
-302989
-302964
-308589
-313912
-317867
-321858
-320651
-317467
-317535
-320206
-322598
-328121
-334619
-340044
-340317
-337944
-333985
-328637
-326507
-327317
-325736
-327427
-332569
-333116
-331005
-332208
-332283
-326873
-321824
-317718
-310730
-305927
-306684
-303579
-298594
-298297
-301099
-304456
-311057
-319815
-321060
-316575
-308391
-298115
-288663
-284124
-280821
-273655
-271004
-273148
-273852
-273193
-274907
-278465
-280268
-282107
-286850
-287908
-285500
-283410
-281087
-273469
-266489
-264722
-260953
-255354
-252141
-251793
-250112
-250461
-255973
-258687
-258168
-259446
-258681
-253752
-252873
-255121
-253041
-248594
-246622
-244985
-241659
-240130
-224737
-197479
-185489
-183871
-184051
-179798
-174524
-174683
-174619
-176187
-182036
-188402
-191885
-194504
-198467
-200205
-200231
-198791
-198456
-195253
-192874
-193627
-189062
-182032
-175860
-170154
-164813
-162068
-163335
-161008
-155766
-151140
-146128
-139735
-135936
-136974
-135979
-134481
-137279
-139623
-138706
-139057
-143084
-142449
-140858
-145731
-153899
-158826
-160664
-162622
-161716
-157216
-155519
-155808
-155028
-154086
-155272
-153334
-149104
-148373
-149352
-147487
-146866
-150573
-150872
-149535
-151587
-154691
-152302
-149050
-148235
-145862
-142168
-140850
-142120
-143167
-147166
-157742
-165569
-166426
-163920
-162426
-158127
-153008
-152157
-153108
-149771
-146449
-147744
-147544
-146044
-145997
-148303
-149690
-150451
-152476
-151091
-146828
-142495
-139154
-133172
-127454
-126368
-124197
-121814
-123951
-129641
-130633
-127825
-127313
-125963
-120994
-117181
-116787
-116456
-115431
-115946
-117504
-115585
-113463
-115245
-115718
-116192
-123329
-137551
-146011
-145452
-137623
-122486
-102721
-87487
-81161
-79989
-81353
-85959
-92117
-94796
-96645
-102995
-108540
-108986
-107596
-109652
-108404
-104628
-103962
-104945
-104437
-103465
-104326
-102289
-98627
-98389
-101859
-103311
-105649
-110764
-113635
-113692
-113850
-114968
-112077
-108685
-109030
-107877
-104480
-103494
-105071
-103854
-103337
-110133
-116993
-122008
-126262
-129303
-127458
-123227
-122780
-121497
-117892
-116364
-116967
-115066
-113299
-116904
-118477
-117732
-118313
-118569
-117175
-115359
-114067
-110548
-105233
-102021
-104835
-111816
-124202
-140342
-152318
-154718
-146665
-133030
-119404
-108105
-103479
-105750
-107892
-108410
-112467
-115375
-116276
-117988
-121469
-121485
-120156
-120093
-120048
-118057
-116243
-118097
-117595
-114582
-113828
-116062
-116860
-117062
-119073
-120338
-119537
-121201
-123712
-122168
-119614
-121523
-123196
-122032
-121629
-127022
-134469
-141210
-148883
-154208
-154019
-152329
-153782
-152451
-149369
-149678
-153432
-154788
-154884
-157301
-157381
-153272
-150352
-150380
-148489
-146327
-147767
-148414
-145798
-149254
-149714
-149557
-149000
-151459
-157439
-160123
-160019
-161456
-159282
-153917
-151456
-151757
-149514
-148112
-152248
-155162
-155980
-157382
-158793
-157271
-156007
-158264
-157981
-156459
-157440
-159623
-160176
-164434
-175153
-183734
-184645
-178498
-168081
-151300
-136869
-132186
-130474
-131714
-138171
-146118
-149519
-152332
-158220
-163465
-167931
-173559
-179381
-176493
-170931
-167337
-165725
-161386
-159234
-160094
-163153
-168668
-186144
-196610
-185619
-175963
-174937
-178459
-188611
-195490
-197995
-198614
-196797
-196887
-200986
-203456
-204780
-207677
-211062
-211477
-212936
-217767
-223286
-234088
-254402
-272213
-281493
-283612
-281220
-271783
-260453
-255111
-248563
-243353
-243793
-246711
-246055
-245676
-249398
-252134
-251514
-251442
-253124
-253547
-252299
-255643
-259485
-260726
-262610
-265455
-266273
-264331
-265229
-266945
-266028
-265467
-269011
-272416
-274336
-279592
-287285
-293352
-298598
-304780
-305964
-303865
-302896
-301706
-297426
-293289
-293685
-293775
-291314
-291470
-295765
-296271
-296069
-300920
-307012
-310928
-315739
-322248
-325864
-325500
-326202
-326620
-324530
-321969
-323739
-324791
-323504
-324139
-328657
-330633
-329640
-329814
-329969
-327449
-325483
-330564
-338704
-347474
-356511
-362193
-359083
-349092
-341934
-335628
-329803
-326870
-327369
-327452
-325554
-326221
-328018
-327396
-326813
-330499
-332853
-332018
-332221
-335101
-336088
-335703
-338151
-340700
-342376
-346804
-355031
-361002
-363703
-366947
-370184
-370335
-368995
-370078
-370210
-368477
-367948
-370734
-371694
-371474
-372582
-372897
-370760
-369001
-370448
-370706
-368751
-371356
-379622
-386634
-390641
-395401
-396140
-395364
-397374
-403902
-408292
-409210
-409229
-407796
-404126
-400925
-402024
-401332
-399095
-399279
-399091
-396540
-393565
-394043
-394295
-393468
-393292
-393425
-389641
-385007
-386136
-388117
-387197
-386703
-388768
-387638
-384346
-383288
-380823
-378433
-367642
-372510
-386895
-399533
-409895
-421669
-436792
-455021
-469710
-471790
-465943
-465083
-467251
-466814
-464100
-463454
-461739
-457582
-455695
-456265
-454434
-451389
-452314
-453684
-455075
-459614
-468421
-476058
-479921
-482491
-482196
-478738
-475693
-475007
-472109
-467275
-466068
-464759
-461496
-459189
-461145
-461966
-460404
-459755
-458679
-455459
-451455
-451653
-450436
-445974
-445524
-448694
-450508
-452014
-458075
-462872
-463241
-464118
-466081
-465488
-462760
-462321
-460715
-456774
-454081
-454098
-452222
-448995
-449223
-448687
-446312
-445413
-448391
-450099
-449887
-453774
-456511
-456150
-456407
-459674
-459382
-456258
-458244
-460768
-458874
-455305
-452748
-449346
-444705
-443339
-443785
-441508
-438129
-439503
-439361
-436703
-436503
-439656
-442246
-443908
-447570
-449627
-447662
-445401
-446085
-448172
-453115
-463897
-471515
-472144
-469496
-469289
-466958
-463445
-462878
-465194
-464161
-461138
-461403
-460482
-458192
-457080
-456182
-452280
-448003
-450450
-458361
-471623
-489473
-505381
-510512
-504119
-494497
-483763
-471586
-462127
-460146
-459138
-457070
-458574
-462994
-463970
-463035
-465976
-468167
-467354
-466975
-467600
-467072
-464122
-465506
-467091
-467537
-470769
-479427
-484201
-483365
-482403
-481598
-479682
-478107
-479385
-479715
-476631
-474753
-475865
-473336
-469689
-472212
-474455
-474328
-474854
-479736
-482557
-481630
-481183
-481574
-479120
-474778
-475716
-475433
-473505
-472658
-473966
-471949
-468923
-471024
-476372
-482443
-488228
-494519
-498947
-501280
-507744
-516571
-521123
-521100
-522816
-522343
-518410
-516263
-517971
-516856
-514294
-513484
-513626
-512384
-511019
-513049
-514499
-513493
-514144
-518433
-520920
-521695
-526179
-527337
-522260
-516457
-514428
-512008
-508825
-507627
-507219
-504305
-500856
-502661
-503127
-500119
-498473
-498755
-496741
-493861
-493860
-493421
-490923
-488870
-487910
-485211
-479915
-478770
-478874
-476364
-473336
-474927
-476510
-477464
-481734
-488771
-493889
-496091
-499539
-501297
-499600
-497802
-500229
-500114
-496887
-495793
-497239
-499572
-502048
-508250
-512924
-512393
-510802
-510541
-508619
-504735
-504454
-505049
-505030
-505888
-512259
-517081
-518808
-520402
-522926
-522164
-518160
-517887
-518317
-515582
-513029
-515256
-514599
-510960
-509579
-511485
-512131
-510416
-510742
-512008
-510416
-507965
-507262
-505252
-501699
-500245
-502165
-501881
-499283
-496901
-495392
-493047
-491582
-494655
-497190
-499811
-504251
-510819
-512829
-511225
-509444
-509355
-506666
-502791
-501717
-503032
-500742
-497026
-495651
-495795
-493016
-488711
-486106
-486631
-486711
-486672
-488590
-490393
-489364
-489092
-491864
-491148
-488382
-487693
-488834
-488623
-487412
-488122
-488090
-485920
-484798
-487059
-486021
-481850
-479676
-480492
-478232
-475564
-474991
-476021
-473764
-469611
-468605
-468106
-464731
-461392
-462016
-463172
-460294
-457866
-459327
-458338
-455442
-454938
-456258
-455384
-453448
-454943
-460561
-467201
-473774
-481118
-483801
-482627
-481973
-482738
-480793
-478969
-478160
-476689
-473784
-470449
-469522
-467685
-464364
-462283
-462087
-459622
-455388
-454322
-454399
-451815
-448723
-450421
-451366
-450057
-450024
-451693
-450755
-448546
-449411
-449580
-445945
-441622
-440910
-437934
-432621
-430393
-430099
-427619
-423293
-423466
-423571
-420608
-416749
-413034
-410480
-408746
-405707
-406043
-403399
-399580
-396938
-400134
-406347
-418971
-434538
-450444
-460505
-462586
-460450
-460291
-460210
-461305
-462802
-465706
-462593
-457711
-453072
-451544
-446799
-440648
-435687
-434096
-430106
-425382
-422666
-423621
-422441
-420109
-419217
-420101
-418831
-415560
-417056
-417684
-415868
-413594
-416549
-418916
-424685
-435802
-451721
-462306
-465331
-463688
-461624
-456548
-449997
-448335
-447020
-443354
-438641
-437464
-435519
-432157
-429590
-431939
-432377
-431148
-430623
-431245
-429818
-426070
-426250
-426491
-424185
-421841
-423018
-420762
-415561
-410876
-411680
-410783
-407772
-405837
-406742
-405438
-402881
-402555
-404160
-402811
-398266
-398647
-398651
-395601
-390574
-391070
-389706
-386215
-382728
-384066
-383677
-380547
-378740
-379228
-376781
-370956
-368052
-365634
-361739
-356367
-355891
-353507
-349596
-346181
-347999
-348384
-346395
-345672
-347586
-347043
-343332
-343298
-343099
-340854
-336620
-337474
-337819
-336532
-334565
-337120
-337937
-335569
-333624
-335417
-335662
-332999
-331806
-332526
-331725
-328508
-329984
-331457
-332551
-334765
-343313
-349726
-351725
-352430
-355809
-356080
-353462
-352422
-353180
-351796
-346661
-346733
-346911
-344807
-340632
-341861
-343824
-344813
-346412
-351758
-354323
-352641
-351322
-351335
-349392
-345179
-345606
-344637
-341387
-337995
-339938
-340584
-338968
-338384
-340897
-340552
-335840
-334513
-333435
-331281
-328802
-332804
-334965
-333849
-333294
-339145
-343869
-340613
-334627
-334084
-331474
-325410
-323367
-322238
-318799
-313398
-314208
-313602
-311187
-310175
-314116
-318033
-320946
-324902
-327280
-325038
-320574
-319836
-317521
-313652
-311367
-312263
-312223
-310118
-311052
-311393
-310074
-308587
-310553
-310225
-307911
-306347
-306490
-305079
-301839
-302316
-304255
-305403
-310497
-324686
-339157
-350282
-358835
-368049
-372421
-372339
-373144
-375611
-374936
-371042
-370047
-368428
-364081
-359411
-359433
-357917
-355386
-354648
-356228
-354855
-351832
-351683
-351191
-349307
-347219
-348805
-352838
-359576
-371514
-386779
-397438
-401484
-405017
-406043
-403694
-399331
-399288
-398149
-397049
-402320
-411872
-417682
-419253
-422141
-423266
-420577
-418037
-417455
-415514
-410386
-406186
-405716
-402717
-397417
-395769
-393865
-389610
-384569
-385002
-384396
-382192
-381543
-385947
-389246
-389506
-387805
-372574
-366923
-365856
-368519
-370591
-370132
-368460
-368319
-366707
-363175
-362577
-365773
-366467
-362911
-361063
-358604
-353084
-346503
-345527
-344265
-341832
-341458
-347373
-357007
-367385
-379251
-387888
-390256
-387638
-388135
-388163
-386911
-385382
-386358
-385111
-381736
-380400
-381808
-381408
-378487
-378392
-378172
-374706
-371050
-371679
-372294
-371733
-372717
-372912
-368618
-362515
-360236
-358319
-354351
-351080
-352885
-352730
-350595
-352465
-356013
-356563
-355017
-359701
-366876
-372912
-378054
-385036
-390440
-393183
-396577
-400507
-400793
-397935
-399561
-400657
-400334
-400299
-404108
-404784
-401359
-399021
-399498
-397732
-394583
-394156
-393462
-390856
-388109
-389301
-389750
-388965
-390325
-397204
-405462
-413707
-424359
-431397
-431562
-426639
-423431
-419790
-415603
-412713
-413264
-411422
-408391
-410108
-419585
-432232
-445065
-459253
-469742
-472616
-469319
-467801
-465505
-461706
-458099
-458420
-457284
-460665
-477125
-500808
-516275
-518205
-514042
-508598
-504251
-504362
-509746
-512810
-513304
-515742
-520998
-523143
-522180
-524577
-525396
-523725
-521984
-524313
-524790
-521634
-518856
-518083
-515214
-511038
-512036
-512255
-509657
-507399
-509136
-509043
-506308
-506213
-509101
-509351
-507301
-509085
-511276
-510429
-508505
-510819
-511628
-510319
-510094
-511994
-511766
-509183
-509377
-510944
-511538
-509813
-510249
-511141
-511099
-508196
-508737
-508460
-505009
-500676
-502556
-502130
-498216
-495590
-497343
-497466
-494006
-494492
-495369
-494670
-491726
-492288
-491854
-487848
-483986
-485311
-485818
-482469
-482611
-484302
-483775
-480676
-482594
-486521
-492963
-502513
-518411
-530981
-537182
-540006
-542690
-541167
-534473
-531728
-530077
-528014
-527727
-535908
-543418
-547126
-549754
-554929
-556261
-553162
-552272
-552138
-549331
-543662
-543746
-542764
-539204
-535691
-537418
-537666
-534728
-534932
-537577
-537927
-535500
-536390
-537629
-535563
-531230
-531496
-531582
-529455
-527252
-529086
-531184
-534060
-542875
-553160
-559302
-561050
-564708
-567065
-566506
-563648
-564075
-562443
-557487
-554603
-556120
-555421
-550462
-550414
-551675
-550736
-547955
-551362
-554433
-554836
-553085
-555116
-556158
-553447
-551712
-552878
-552172
-547888
-548437
-549496
-549412
-547512
-550127
-551869
-551431
-550586
-553289
-554503
-553081
-552030
-552565
-549874
-544376
-543033
-541972
-538828
-533898
-535103
-536021
-536540
-542140
-556847
-572100
-583343
-591292
-596767
-597348
-594042
-593327
-591828
-587150
-581119
-581411
-580219
-576042
-571719
-572402
-572392
-569654
-569208
-569200
-565455
-558980
-559013
-561356
-564844
-568871
-575248
-576339
-574671
-582004
-597851
-616003
-630265
-641032
-644682
-642222
-639829
-640586
-637190
-631021
-629995
-630813
-634468
-644504
-660457
-668624
-667228
-664168
-661649
-657994
-655365
-662063
-670595
-674413
-679339
-683177
-683388
-681845
-683811
-683255
-679006
-677455
-679958
-680953
-680039
-683701
-685474
-682349
-678288
-678326
-675640
-670783
-670735
-671637
-670315
-666965
-669179
-671631
-670258
-667719
-668702
-668485
-667028
-675072
-689816
-704048
-713815
-722937
-725633
-723430
-719490
-719694
-719111
-716211
-716851
-717245
-714756
-710148
-711538
-711757
-708586
-705308
-705691
-704029
-700846
-700875
-703619
-704024
-700791
-701114
-701811
-701201
-701140
-707993
-714252
-720458
-731655
-748481
-758496
-760443
-759867
-757588
-751751
-744153
-739150
-735033
-730651
-725959
-726412
-725343
-722062
-719122
-721784
-724096
-726787
-737350
-754947
-769498
-777534
-782952
-784344
-781798
-777413
-778645
-778441
-774200
-768926
-766905
-762759
-757580
-754768
-755592
-756164
-754848
-755595
-755602
-753451
-749253
-750145
-749016
-745696
-742587
-744841
-747990
-753826
-765827
-781303
-790232
-792074
-794024
-793075
-787805
-781137
-780423
-778660
-774243
-771221
-771426
-770329
-767131
-767967
-769965
-769441
-766621
-767105
-766163
-762708
-759957
-761784
-762639
-763537
-772508
-786234
-796057
-798800
-802927
-804332
-801863
-796620
-794142
-789910
-783206
-780167
-779594
-776487
-770470
-769929
-769904
-768511
-765408
-767651
-769271
-767830
-764983
-764239
-762690
-759342
-758146
-758674
-757534
-753517
-755623
-757191
-756504
-756528
-765612
-780278
-797537
-815246
-829049
-833202
-827893
-823375
-817929
-811309
-804113
-803000
-801048
-797397
-795081
-796543
-794608
-788402
-786675
-786823
-786343
-787900
-801340
-817488
-829125
-832992
-836162
-834471
-827655
-819494
-818438
-819232
-819175
-820276
-822194
-819414
-813374
-812612
-812927
-812462
-809833
-811288
-811449
-808250
-803414
-803366
-802739
-799637
-797948
-800256
-799614
-797200
-798433
-801090
-802477
-802555
-805808
-807548
-805623
-801505
-801822
-799994
-794917
-791599
-791753
-790135
-787021
-787635
-790381
-792530
-792642
-796659
-797822
-795614
-793209
-794391
-793572
-789553
-789314
-790503
-789496
-786473
-787557
-788014
-786754
-784439
-784895
-784359
-780827
-783093
-796591
-818835
-842592
-867921
-883895
-890336
-887072
-878746
-867997
-854062
-845056
-841867
-837701
-831537
-830764
-829703
-827210
-824522
-826545
-826385
-823544
-822687
-824770
-823322
-818592
-817908
-817370
-814410
-810704
-812534
-812659
-810990
-812079
-815191
-815344
-812936
-813833
-814390
-812146
-809562
-811667
-813222
-812460
-814379
-817921
-818771
-817143
-821827
-826264
-827244
-825822
-828346
-828280
-824343
-822154
-821632
-819326
-815747
-820315
-831171
-846537
-863497
-881564
-891057
-890395
-887874
-886305
-882964
-877994
-876581
-874553
-869285
-863680
-863530
-860520
-855049
-852244
-853289
-852583
-850164
-850252
-852113
-851134
-846230
-844226
-840938
-836030
-831843
-832240
-829701
-823612
-820923
-821524
-821055
-819141
-821118
-822998
-821996
-818991
-820469
-820707
-817818
-815703
-817572
-817669
-815494
-817101
-819778
-819630
-815770
-814671
-813544
-809766
-805623
-807192
-808510
-809601
-811893
-816976
-818595
-816029
-815228
-812060
-808943
-807697
-811198
-812038
-810123
-808843
-811827
-811104
-808734
-807215
-808379
-805866
-801735
-800849
-803079
-802312
-798396
-795500
-796258
-796279
-794733
-795894
-795787
-794003
-793143
-794614
-792800
-788079
-786749
-788963
-788893
-787114
-790791
-798239
-805859
-813677
-823938
-829993
-832151
-833998
-837338
-837896
-835104
-835241
-835664
-834604
-832657
-834281
-833026
-829564
-823475
-821665
-817256
-812122
-808840
-808828
-807012
-802760
-799986
-798705
-796542
-793596
-794343
-793512
-790117
-786034
-786390
-784860
-781807
-779686
-780758
-780730
-778685
-780700
-784184
-785867
-784570
-785611
-786333
-784629
-782000
-782225
-779216
-773937
-772182
-772348
-770221
-765168
-764401
-763549
-759838
-754847
-755550
-755560
-753717
-755679
-761271
-765201
-766229
-768596
-767870
-764162
-760029
-761274
-760496
-756341
-755156
-759978
-761884
-757068
-752823
-748320
-741105
-734077
-732684
-731508
-727634
-725313
-730872
-739583
-749192
-761849
-771772
-774700
-771679
-770629
-770618
-767773
-763194
-764222
-763227
-759254
-755905
-755950
-753677
-748869
-747737
-748900
-748233
-744321
-744251
-744619
-743650
-741117
-743890
-744880
-742954
-738569
-737876
-736804
-733716
-731960
-732901
-732517
-729913
-730333
-730826
-729719
-727422
-728384
-730019
-730184
-728797
-733255
-735132
-733864
-731549
-733116
-735607
-741931
-756055
-776225
-791792
-800179
-805238
-807262
-805878
-801009
-800642
-798664
-793982
-787188
-785972
-784002
-781223
-779779
-784000
-785298
-782842
-780721
-780809
-778132
-772778
-772958
-773709
-772942
-769795
-771261
-770823
-767418
-762543
-762313
-760139
-754063
-750059
-749608
-746955
-740939
-740101
-741747
-747102
-754978
-769178
-781847
-790333
-797767
-807554
-812380
-812063
-812771
-813874
-812039
-807042
-805093
-803102
-799088
-792610
-788981
-785125
-779844
-775829
-775620
-773429
-769080
-768068
-769458
-768172
-763454
-761928
-760106
-756290
-751170
-750634
-747473
-742810
-739742
-740812
-738757
-733197
-728441
-727285
-723781
-716986
-713265
-711534
-710039
-708687
-707746
-706326
-704234
-702661
-704155
-703575
-701155
-698766
-698734
-695811
-692052
-690469
-689352
-685788
-681516
-681230
-680120
-677620
-674656
-674967
-672717
-669513
-666755
-666609
-664799
-660948
-659634
-661971
-662229
-659207
-657900
-657782
-656369
-653359
-654310
-651310
-646134
-641830
-641422
-639188
-634114
-632570
-632261
-630442
-626801
-627218
-626800
-622663
-617202
-616230
-613176
-607087
-603400
-602252
-599313
-593818
-593750
-593384
-591674
-588256
-588493
-588220
-584589
-580385
-579629
-576810
-570366
-567289
-564767
-561160
-555261
-555422
-554952
-552882
-549880
-550051
-549160
-544569
-540279
-538944
-535806
-529218
-527514
-526623
-522982
-516695
-516803
-516732
-514591
-510779
-509973
-508557
-505560
-505251
-506188
-504830
-501792
-500908
-499039
-495020
-490225
-489169
-485513
-481433
-478559
-478128
-474574
-470007
-467584
-466456
-462688
-458581
-458291
-458150
-455652
-452786
-452818
-450720
-446785
-442866
-441229
-437804
-432257
-427490
-425931
-422324
-418291
-414598
-413374
-411482
-408860
-405199
-403868
-401266
-396933
-395607
-394066
-391328
-388269
-388258
-386156
-382757
-379555
-378431
-374215
-370164
-368446
-366720
-362499
-357959
-355699
-353511
-350748
-347807
-346205
-342299
-338938
-336775
-336340
-332689
-328117
-324635
-323163
-319171
-314884
-312630
-311985
-309303
-305321
-303300
-302775
-299855
-295969
-295436
-292600
-288202
-285352
-284056
-279372
-274507
-272596
-271031
-267205
-262699
-260423
-258654
-255182
-250515
-249474
-247190
-243389
-239936
-239287
-236713
-232162
-229791
-228445
-224540
-219138
-218361
-216727
-213556
-209064
-208463
-207035
-204565
-202307
-203401
-202471
-198988
-195848
-194328
-190298
-185579
-184379
-183099
-180399
-177372
-176708
-175276
-171868
-169075
-170221
-168279
-164534
-161348
-161507
-158078
-154117
-152915
-153469
-150117
-145246
-140869
-137224
-132018
-126826
-125472
-123120
-118990
-115088
-115508
-114893
-112005
-109421
-110324
-108836
-105609
-103043
-103669
-100762
-96892
-94342
-94919
-92263
-88774
-87438
-87568
-84609
-80989
-80328
-79560
-75470
-70839
-70677
-70590
-70768
-70976
-77682
-88292
-98436
-105154
-118049
-125494
-131612
-150623
-164028
-166083
-170299
-176987
-182250
-187068
-197668
-205759
-208851
-207645
-207123
-203828
-198905
-196427
-195405
-191826
-184009
-178005
-172908
-168229
-164501
-165117
-163518
-161526
-160254
-162244
-159789
-156842
-155370
-156896
-154703
-152791
-151871
-153162
-151874
-148834
-147419
-148880
-147334
-143605
-142886
-142666
-139598
-135844
-135773
-135105
-132621
-130013
-131864
-132961
-132417
-132160
-134573
-134437
-131655
-131433
-130782
-126750
-121432
-120727
-119289
-115493
-112516
-113565
-113283
-111562
-112850
-115475
-115024
-111073
-109744
-109261
-106643
-102682
-102556
-101307
-97273
-95225
-97122
-96950
-94456
-95043
-95620
-93600
-89571
-89059
-88733
-86617
-83601
-85153
-85256
-82998
-81165
-81842
-79545
-75555
-74047
-73266
-70667
-65631
-64833
-65177
-64569
-63303
-66554
-68318
-67641
-65795
-67031
-66095
-64558
-63391
-64338
-62113
-59769
-60925
-65148
-67948
-69440
-71580
-73155
-70912
-67247
-66200
-64586
-60298
-55771
-55201
-53946
-50870
-47579
-48732
-48089
-45620
-43502
-46365
-48268
-47495
-45230
-45312
-44744
-42100
-42064
-41862
-40044
-38000
-39058
-38104
-35632
-33429
-35492
-34854
-32504
-31274
-32135
-30515
-27430
-26808
-27662
-26668
-24391
-25863
-28231
-28973
-29433
-32333
-32046
-28980
-26756
-26109
-23450
-18618
-18341
-18110
-16212
-13954
-16064
-16875
-15672
-15098
-16474
-15707
-12843
-13636
-13911
-11757
-7588
-7740
-7316
-4874
-2229
-3167
-2530
-24
974
55
1375
5420
5775
6277
7740
10681
9387
8274
9729
10701
8077
8243
11190
12367
12637
15086
19577
19948
20427
22184
24590
23585
23831
26054
26982
25489
25734
28836
29862
30867
34198
38054
36795
36982
40308
42489
42339
44878
50594
51933
51718
53388
56586
55253
54172
57077
55913
54183
55518
57292
53308
52036
54447
56036
56195
58453
62928
62540
62917
65788
68200
66867
67434
71425
70298
67866
68070
70698
69953
70071
72516
73853
72567
73275
76722
76561
75612
76127
78568
76443
74967
75786
77952
77410
78863
83334
85638
85067
86373
91055
91541
91300
92878
96450
94432
93232
95120
98272
97349
98002
101899
103123
101929
102588
106328
104973
103023
102707
104484
102933
102729
105362
107958
106453
107140
111358
112647
111855
113058
117255
114437
110422
108357
109047
106559
106321
110099
114262
114845
116359
120601
121080
120453
121749
124808
121887
119072
118801
120419
118242
117610
119779
120046
117828
118156
121589
120412
118857
119066
121026
118036
116628
117930
119949
119014
120406
125128
126866
126312
127663
131462
130014
128315
128255
130178
127324
125246
125783
127365
125863
126388
130121
131137
129360
129955
134421
134084
133251
133956
135768
133223
131788
133924
136555
136226
138108
142711
142721
142042
143494
147304
146237
146121
148078
149142
145007
142572
143857
143757
142570
143363
147138
145927
145684
147799
150595
148303
145657
139922
137174
134290
133811
136428
135909
135961
138781
142298
140531
141176
145385
145673
143053
142451
145185
143545
142370
144816
147672
145962
145916
149015
149751
147816
147813
151157
149285
147438
147200
147997
145216
144342
146839
148303
146123
145436
149310
149519
150177
151977
155164
153858
153924
157034
160650
160686
162751
168142
168602
168370
169736
172399
169945
167866
167766
168638
166640
166212
168563
169508
168059
169172
171712
171559
172343
174433
179063
178177
177385
179494
181079
178500
178403
181579
181512
179229
180046
181880
180128
178991
179966
181209
179199
180431
181868
182508
180646
181704
182618
183027
181874
183588
185610
186535
185593
185700
186585
187801
186910
187903
189552
188235
187732
188462
189988
188662
189752
191400
191588
189241
189532
190497
190889
189434
189974
191676
191573
191214
192486
193901
191932
191828
192246
192711
191062
192962
195341
195332
193669
194646
196771
196087
195788
197615
198956
197760
196271
197117
198519
197601
197972
199350
199939
198030
198779
200568
201239
200193
201118
202299
201847
201459
203793
205803
205532
205464
206905
208393
206797
207357
209207
210386
210006
209329
210587
211431
209269
209516
209592
209206
207493
208219
209719
210061
208572
209425
210452
210103
208555
208372
208898
208500
207266
208688
211526
211419
211916
213710
215789
215177
215930
218260
217431
215584
215767
217820
216249
214907
215622
216932
216045
216202
218272
219194
217167
217228
219085
218426
214338
211287
211981
212490
214476
220995
231046
238079
244354
250669
256500
257546
260823
264780
268010
267264
269291
271768
272379
269852
269005
267924
268178
265625
263711
263197
262084
259065
259330
259853
258428
256469
257232
258064
256273
255497
257120
258461
256899
256297
257588
258700
255987
254892
255644
256261
254083
253630
254774
254722
251926
251587
253030
253236
251743
253557
257013
256001
253832
253785
255541
255464
255072
256392
257220
255824
256084
258019
257154
255577
256786
259995
257967
256563
257434
258161
254344
252507
253523
253221
251914
252418
254916
252137
250048
250453
251637
248423
247140
248544
248067
245211
244227
246059
245154
244089
245724
248866
247630
247547
250633
253388
253340
254371
258265
257126
254693
254583
256182
253306
251691
252635
250517
245799
244378
245233
241719
240273
241544
244047
242966
244291
248869
249863
249247
250380
254082
253616
254519
256254
257934
255438
254007
257322
258355
257633
259437
262192
260298
258007
258297
260603
259131
257174
253967
252421
249181
247821
250007
249972
248359
248821
251840
249974
249198
251096
253828
251875
251428
254219
255072
252183
251613
253901
252485
250300
250817
252835
250540
250243
252293
253440
250297
248221
250662
251168
250373
251056
254789
255002
254197
255854
258897
258132
258249
261000
262446
260785
260444
263144
261464
257783
255941
257191
255835
255170
258029
262563
262784
263838
267149
268198
265838
264615
264794
261925
258598
257980
260294
258822
258657
260022
262304
260137
259594
261370
262155
259062
257535
258648
257761
254496
254205
257104
255342
253762
253866
255580
252290
250222
250968
251554
248104
245742
246139
245234
242462
241994
245451
244640
243300
244121
246661
244846
243905
245377
247541
244536
242707
243910
243949
241490
240802
243482
242066
240086
240395
242821
240202
239083
241181
242890
240110
238951
240021
239604
239689
241146
243943
242154
241200
242845
244092
241408
239962
240354
238549
234970
233887
235778
234795
233637
234606
236702
234525
233878
235224
236103
233240
231483
231855
230258
227496
227466
230182
229219
228256
228988
230687
228268
228629
232620
236110
236559
239458
245135
249050
251365
255244
260269
259762
259650
262038
263557
261066
261065
263304
263193
263871
267345
271404
271227
273178
276463
278255
277070
277349
278869
278178
274530
272557
273516
270852
267462
266077
265506
261943
259708
260464
261559
260141
259791
261062
259398
255484
253021
253184
250303
250459
253959
259923
263910
270199
278910
285853
289691
295307
302106
303959
304917
307211
310244
307724
305940
306031
304679
300203
297106
295850
292713
289788
289260
290722
287105
284492
284792
286599
282888
280919
281071
281038
277501
275832
278246
278650
277497
278162
281563
278912
276310
277296
279872
278409
279748
285938
291598
294603
298672
305845
308196
309604
312684
315808
313385
312406
314450
314222
310857
309167
310821
307882
304254
303005
304920
303118
301893
303219
303962
300799
299731
302931
302381
300387
300159
302642
300017
297323
297095
298454
296739
297032
301386
303173
302135
302506
305032
301353
296902
294399
293241
288875
287914
292666
297662
300934
307082
315942
317627
316862
315423
313353
307270
304475
306596
308072
307302
308955
313536
314580
316675
321077
325095
323748
323802
326650
324207
321281
319803
320873
316267
311445
309902
308993
305888
305693
309544
308662
305893
305039
307148
304140
301955
303235
304518
299828
295735
294362
289103
283364
285856
292605
291937
286540
283374
281734
275869
277069
282477
283882
281988
283031
286272
284805
284645
287854
291917
291006
291505
295821
296248
294467
295028
298740
296364
294597
294885
296246
293319
292451
295798
297962
297659
298714
303005
301098
299803
301132
303214
300246
297588
297581
294981
290012
289554
294031
297610
301293
307845
315714
317620
320792
326988
330491
330255
329859
330426
326133
321820
321389
322592
320206
319606
322435
321163
315068
309522
307863
305296
306806
313429
321973
325663
330251
337643
343962
347952
353762
361433
362922
363543
365307
366864
362305
359277
359654
357568
352452
349007
348608
344948
340905
340693
342444
339433
338260
340265
340570
337762
337040
339632
337855
335544
334832
336215
333429
331433
332306
334297
333338
333844
337391
337348
335958
336515
339888
337660
335590
335687
336763
332836
330404
331664
332649
331543
332738
336856
335815
334565
335745
338878
336189
334612
334697
333532
328987
327026
329749
330094
330267
332906
338430
338430
338602
340408
342655
341369
342001
345748
346457
345015
345009
347829
345628
343521
343532
345386
342156
340721
342158
342539
340033
340234
343881
342886
342145
342670
345111
342253
340891
341721
341497
337584
336118
337960
337658
337204
339148
342712
341304
341286
343688
347227
345014
344201
346187
345579
342942
342111
343413
342026
340208
341579
344622
342280
341550
343455
343701
340175
338518
341018
339305
336619
335232
336101
333660
332261
335550
338828
337595
338399
342046
342339
340777
341102
344203
341878
339034
337374
336309
332143
329241
329184
329037
326734
325557
326340
325952
326268
327214
328567
327517
329465
334708
339886
344508
351756
360833
365221
369095
374631
380350
380646
381361
383566
384374
381099
379293
380229
379012
375829
373786
374104
372118
369917
370446
372417
369597
368329
369625
370572
368549
368626
371397
371229
370049
371579
376811
377863
379316
382998
388637
389485
390608
393415
395800
393799
393156
395198
393435
389881
388390
389991
387174
384879
384535
386489
385165
386144
391730
400024
406136
407547
409752
411761
413069
415990
423135
424649
426736
431251
437189
438068
439939
444007
446815
444833
444777
447601
446837
444022
443481
446571
444917
442539
441726
443207
441526
440206
441550
444089
442206
441901
444678
446312
444567
443820
445162
445079
443816
444240
447345
445220
444201
445397
447232
444869
443792
445663
445057
442380
441986
444332
443655
443524
445808
450189
449627
450204
453687
456603
456195
456954
460419
459790
457141
455701
456875
455346
454133
455265
456586
453584
452776
455009
455337
453310
452743
455544
454377
453154
453241
455367
453243
451602
452932
454240
451376
450404
452708
452142
449760
448848
450826
448524
445617
445107
446331
443945
442281
443473
444564
442110
441657
444734
444623
444092
445541
449797
448537
447269
447781
449573
447681
446626
448596
450034
449407
449871
453473
452139
450811
451181
452901
450619
450093
452573
456176
457311
460262
465950
467222
467339
468607
472055
470394
469198
469763
470523
467970
467293
470104
470942
470187
470123
472175
469524
468178
469423
470341
466951
465171
465950
465318
463401
463358
465758
463514
461943
462901
465099
462690
461285
462139
461315
457681
455985
458069
458726
459706
462610
467005
465450
463464
463218
463118
460431
461432
465693
468426
469478
471375
474346
473287
474617
476693
478532
476187
475864
476902
476252
473461
472386
472860
470855
468485
467881
468640
466226
464498
465018
466166
464265
463426
464173
463375
462546
464066
466377
464256
462706
462681
462856
459111
456605
456248
455254
451866
450337
451248
448099
445393
444888
446370
444199
443919
446604
447529
445598
445688
448151
448322
448296
450303
453571
451427
450870
451819
452499
449505
447898
449557
450010
448087
448135
450546
450127
451222
454245
457767
456833
456385
456495
456360
455600
456706
458947
457120
455478
455432
455595
451351
449591
450011
451125
449424
450582
453381
454541
453213
454339
457753
459380
459036
459895
461879
460276
459849
460977
461791
459290
458477
459773
456662
450715
449090
452720
451916
448791
445939
442273
436488
435596
441329
444257
444902
447463
455158
460185
464335
469638
475181
476773
478301
481715
482039
481069
482362
484570
481240
478376
478651
477333
473089
470164
469257
463991
460445
462114
465910
470218
477349
486598
490587
494308
500696
506022
506936
507767
510074
509089
505258
503672
504443
502366
500520
500212
500609
497582
496102
497042
496608
494052
492767
493850
491500
488143
486620
486583
484133
482836
483381
483509
480957
480739
483008
482634
481191
481503
483938
482920
481340
481730
483054
481527
480827
482549
482693
480628
480094
482445
481460
480570
480897
483053
481820
481004
483143
485119
484218
484131
486606
485427
482894
481966
483179
479882
477251
475763
474594
469086
464137
463379
463233
464220
469425
478154
482523
487820
494183
500090
500859
501738
504987
505251
502734
501319
501527
498145
494717
493999
494120
490447
488404
488862
487358
483499
481251
481792
478278
475180
474437
476047
473767
472900
474119
475190
473833
473933
476971
476602
475805
477098
480090
477626
476086
477040
477875
474864
472605
472249
471245
469572
469540
471815
469382
467642
468283
469561
466691
465639
466791
466198
463167
461835
462223
459809
456555
456017
457904
455916
455140
457013
458931
457657
457855
461029
461052
459368
458841
460380
458545
456937
458127
460177
458544
457665
459504
459404
456906
456524
459099
456560
453937
453251
