  -28601
  -30699
  -31958
  -32313
  -31685
  -30203
  -28032
  -25215
  -22156
  -19488
  -17455
  -16107
  -15671
  -15997
  -16965
  -18508
  -20476
  -22397
  -23965
  -25158
  -25809
  -25912
  -25647
  -24986
  -23972
  -22992
  -22330
  -21816
  -21558
  -21713
  -22120
  -22705
  -23510
  -24443
  -25321
  -26086
  -26680
  -26926
  -26668
  -26057
  -25267
  -24287
  -23237
  -22298
  -21532
  -21029
  -21006
  -21520
  -22387
  -23588
  -25128
  -26673
  -27938
  -28786
  -29055
  -28516
  -27313
  -25807
  -24076
  -22315
  -20988
  -20301
  -20176
  -20569
  -21556
  -22972
  -24512
  -26073
  -27421
  -28208
  -28377
  -28048
  -27139
  -25813
  -24436
  -23022
  -21653
  -20715
  -20442
  -20751
  -21639
  -23102
  -24861
  -26613
  -28233
  -29590
  -30350
  -30428
  -29837
  -28511
  -26605
  -24531
  -22615
  -20976
  -20029
  -20051
  -20904
  -22394
  -24378
  -26604
  -28597
  -30131
  -31077
  -31158
  -30316
  -28868
  -27150
  -25350
  -23784
  -22684
  -22047
  -21935
  -22486
  -23577
  -24847
  -26144
  -27404
  -28343
  -28832
  -29012
  -28775
  -28033
  -27098
  -26087
  -24794
  -23272
  -21784
  -20365
  -19149
  -18512
  -18566
  -19275
  -20747
  -22890
  -25396
  -28041
  -30528
  -32329
  -33133
  -32920
  -31581
  -29203
  -26255
  -23225
  -20450
  -18372
  -17428
  -17644
  -18920
  -21190
  -24083
  -27037
  -29702
  -31784
  -32787
  -32516
  -31021
  -28386
  -24803
  -20763
  -16870
  -13623
  -11600
  -11254
  -12592
  -15347
  -19276
  -23908
  -28464
  -32512
  -35695
  -37501
  -37717
  -36441
  -33909
  -30349
  -26360
  -22706
  -19765
  -17945
  -17616
  -18682
  -20774
  -23604
  -26774
  -29637
  -31803
  -33177
  -33605
  -33011
  -31669
  -29947
  -27970
  -25940
  -24172
  -22806
  -21896
  -21630
  -22116
  -23125
  -24600
  -26488
  -28391
  -30012
  -31330
  -32191
  -32250
  -31461
  -30001
  -28024
  -25886
  -24109
  -22966
  -22465
  -22791
  -23890
  -25388
  -27060
  -28779
  -30207
  -31080
  -31430
  -31365
  -30846
  -30047
  -29206
  -28341
  -27560
  -27054
  -26765
  -26492
  -26291
  -26282
  -26476
  -27277
  -28950
  -30956
  -32652
  -33789
  -34054
  -33152
  -31252
  -28701
  -25667
  -22555
  -20059
  -18599
  -18192
  -18690
  -19992
  -21839
  -23955
  -26106
  -27753
  -28629
  -28973
  -28910
  -28531
  -28028
  -27661
  -27339
  -27142
  -27207
  -27374
  -27598
  -28023
  -28595
  -29037
  -29378
  -29691
  -29881
  -29977
  -30107
  -30197
  -30089
  -29874
  -29662
  -29298
  -28885
  -28665
  -28628
  -28713
  -29075
  -29636
  -30141
  -30540
  -30842
  -30976
  -30891
  -30669
  -30329
  -29846
  -29435
  -29268
  -29129
  -28925
  -28852
  -28856
  -28810
  -28946
  -29288
  -29548
  -29649
  -29722
  -29686
  -29546
  -29423
  -29271
  -28990
  -28832
  -28995
  -29146
  -29245
  -29577
  -30185
  -31006
  -31949
  -32670
  -32835
  -32573
  -32135
  -31462
  -30741
  -30224
  -29835
  -29584
  -29665
  -30088
  -30604
  -31171
  -31787
  -32278
  -32493
  -32474
  -32414
  -32299
  -32183
  -32135
  -32009
  -31822
  -31706
  -31776
  -31869
  -32004
  -32275
  -32473
  -32610
  -32860
  -33061
  -33098
  -33077
  -33049
  -32996
  -33165
  -33588
  -33841
  -33755
  -33507
  -33102
  -32533
  -32058
  -31800
  -31578
  -31497
  -31699
  -32045
  -32425
  -32884
  -33303
  -33500
  -33559
  -33654
  -33690
  -33734
  -33930
  -34094
  -34153
  -34241
  -34276
  -34129
  -33914
  -33773
  -33562
  -33284
  -33140
  -33054
  -33127
  -33619
  -34366
  -35007
  -35467
  -35812
  -35880
  -35654
  -35400
  -35155
  -34833
  -34645
  -34626
  -34546
  -34412
  -34330
  -34208
  -34012
  -33934
  -34139
  -34499
  -35018
  -35621
  -36091
  -36340
  -36505
  -36592
  -36415
  -36044
  -35637
  -35189
  -34827
  -34760
  -34931
  -35200
  -35625
  -36278
  -36868
  -37240
  -37518
  -37685
  -37582
  -37332
  -37123
  -36861
  -36536
  -36283
  -36089
  -35768
  -35448
  -35241
  -34992
  -34748
  -34751
  -35011
  -35330
  -35776
  -36426
  -36997
  -37358
  -37646
  -37762
  -37456
  -36824
  -35949
  -34754
  -33447
  -32246
  -31266
  -30637
  -30252
  -30006
  -30422
  -31728
  -33882
  -36423
  -38778
  -40760
  -42137
  -42556
  -42029
  -40776
  -38747
  -36194
  -33756
  -31678
  -30107
  -29467
  -29844
  -30961
  -32878
  -35407
  -37921
  -40164
  -42094
  -43304
  -43606
  -43095
  -41679
  -39586
  -37329
  -35170
  -33174
  -31716
  -31128
  -31254
  -31938
  -33146
  -34418
  -35420
  -35996
  -35874
  -34579
  -32221
  -29349
  -26332
  -23622
  -21750
  -20867
  -20880
  -21663
  -23071
  -24591
  -25963
  -27199
  -27996
  -28110
  -27668
  -26847
  -25734
  -24888
  -24936
  -25854
  -27444
  -29407
  -31009
  -31780
  -31678
  -30779
  -29234
  -27683
  -26712
  -26270
  -26301
  -27000
  -28251
  -29757
  -31524
  -33556
  -35299
  -36456
  -37054
  -36997
  -36227
  -34560
  -32475
  -30631
  -28698
  -26954
  -25905
  -26131
  -27658
  -30009
  -32389
  -34172
  -35230
  -35852
  -35958
  -35477
  -34544
  -33251
  -31844
  -30702
  -30067
  -29781
  -29818
  -30293
  -30959
  -31626
  -32506
  -33639
  -34639
  -35404
  -35996
  -36222
  -36080
  -35786
  -35281
  -34439
  -33546
  -32718
  -31833
  -31084
  -30794
  -30914
  -31447
  -32461
  -33612
  -34663
  -35591
  -36228
  -36452
  -36373
  -36111
  -35515
  -34703
  -33985
  -33279
  -32585
  -32238
  -32247
  -32397
  -32733
  -33351
  -34222
  -35502
  -36946
  -37933
  -38608
  -38881
  -38833
  -38210
  -37176
  -36145
  -35045
  -33960
  -33189
  -32807
  -32557
  -32317
  -32172
  -32175
  -32429
  -33013
  -33626
  -34091
  -34675
  -35236
  -35201
  -34675
  -33911
  -32562
  -30790
  -29271
  -28245
  -27644
  -27942
  -29106
  -30863
  -33092
  -35487
  -37805
  -39889
  -41650
  -42688
  -42847
  -42162
  -40494
  -38115
  -35693
  -33426
  -31070
  -28672
  -26427
  -24300
  -22584
  -21735
  -21777
  -22563
  -24178
  -26504
  -28671
  -29994
  -30361
  -29747
  -28232
  -26250
  -24208
  -22526
  -21263
  -20297
  -21050
  -23712
  -27842
  -32521
  -37064
  -40890
  -43331
  -44474
  -44278
  -42593
  -39347
  -35056
  -30212
  -25140
  -20435
  -17206
  -15809
  -16418
  -18775
  -22271
  -26264
  -30183
  -33400
  -35551
  -36391
  -35743
  -33901
  -31311
  -28294
  -25391
  -23262
  -22097
  -22131
  -23826
  -26635
  -29847
  -33278
  -36210
  -37968
  -38404
  -37567
  -35346
  -32228
  -28779
  -25548
  -22830
  -20967
  -20383
  -21204
  -23160
  -26031
  -29485
  -32948
  -36055
  -38533
  -40088
  -40285
  -38990
  -36710
  -33813
  -30491
  -27260
  -24708
  -23064
  -22553
  -23450
  -25624
  -28516
  -31715
  -34879
  -37480
  -39167
  -39790
  -39195
  -37358
  -34680
  -31595
  -28298
  -25326
  -23422
  -22885
  -23613
  -25546
  -28317
  -31393
  -34438
  -37086
  -38957
  -39861
  -39609
  -38074
  -35409
  -32225
  -28947
  -25952
  -23894
  -23112
  -23567
  -25272
  -28058
  -31362
  -34785
  -37958
  -40314
  -41692
  -42021
  -41109
  -38962
  -35999
  -32853
  -30041
  -28007
  -27056
  -27016
  -27666
  -29142
  -31045
  -32906
  -34724
  -36129
  -36713
  -36679
  -36327
  -35644
  -34969
  -34680
  -34636
  -34749
  -35337
  -35949
  -36035
  -35900
  -35714
  -35365
  -35033
  -35384
  -36870
  -38929
  -40256
  -39505
  -36185
  -32378
  -29176
  -26679
  -24983
  -25260
  -27533
  -30828
  -34447
  -37601
  -39984
  -41591
  -42338
  -42531
  -42554
  -42299
  -41620
  -40580
  -39367
  -37954
  -36491
  -35299
  -34380
  -33669
  -33271
  -33362
  -33686
  -34157
  -34917
  -36030
  -37321
  -38685
  -39916
  -40797
  -41204
  -41240
  -40947
  -40176
  -39216
  -38064
  -36723
  -35231
  -33919
  -33061
  -32672
  -32886
  -33810
  -35286
  -36845
  -38339
  -39704
  -40810
  -41689
  -42347
  -42586
  -42126
  -41060
  -39614
  -37855
  -36167
  -35035
  -34637
  -34807
  -35513
  -36777
  -38422
  -40081
  -41567
  -42721
  -43185
  -42897
  -41966
  -40528
  -38721
  -37019
  -35822
  -35123
  -34984
  -35539
  -36587
  -37830
  -39167
  -40489
  -41533
  -42263
  -42828
  -43098
  -42906
  -42324
  -41431
  -40166
  -38814
  -37692
  -36918
  -36486
  -36534
  -37115
  -37977
  -39119
  -40593
  -42304
  -43941
  -45322
  -46302
  -46488
  -45776
  -44355
  -42360
  -39905
  -37467
  -35707
  -34820
  -34914
  -35995
  -37800
  -40031
  -42440
  -44814
  -46784
  -48131
  -48766
  -48451
  -47086
  -44972
  -42422
  -39694
  -37317
  -35686
  -34882
  -34949
  -35896
  -37591
  -39695
  -41969
  -44204
  -45990
  -47032
  -47270
  -46742
  -45524
  -43889
  -42234
  -40717
  -39558
  -39024
  -39090
  -39661
  -40760
  -42343
  -44047
  -45782
  -47340
  -48383
  -48691
  -48327
  -47499
  -46099
  -44261
  -42362
  -40613
  -39180
  -38410
  -38523
  -39347
  -40793
  -42733
  -44784
  -46606
  -48098
  -49109
  -49329
  -48701
  -47485
  -45853
  -44029
  -42335
  -40956
  -39848
  -39135
  -39074
  -39732
  -40902
  -42510
  -44397
  -46157
  -47662
  -48879
  -49567
  -49637
  -49246
  -48440
  -47201
  -45796
  -44508
  -43302
  -42383
  -42208
  -42895
  -44350
  -46586
  -49166
  -51384
  -52934
  -53716
  -53233
  -51268
  -48122
  -44034
  -39581
  -35752
  -33173
  -32076
  -32722
  -35082
  -38722
  -43137
  -47779
  -52048
  -55419
  -57675
  -58769
  -58427
  -57550
  -57003
  -56147
  -53391
  -48893
  -43567
  -38034
  -33306
  -29829
  -27984
  -28879
  -32599
  -38704
  -46005
  -53238
  -59582
  -64108
  -66141
  -65673
  -62809
  -57711
  -51235
  -44315
  -37728
  -32528
  -29498
  -28858
  -30655
  -34666
  -40204
  -46525
  -52807
  -57835
  -60784
  -61370
  -59340
  -54925
  -49003
  -42459
  -36201
  -31335
  -28659
  -28306
  -30384
  -34726
  -40513
  -46803
  -52819
  -57877
  -61151
  -62258
  -61230
  -58238
  -53656
  -48214
  -42788
  -38114
  -34551
  -32511
  -32367
  -34021
  -37298
  -41918
  -47222
  -52207
  -56193
  -58735
  -59353
  -58002
  -55058
  -50914
  -46063
  -41273
  -37369
  -34689
  -33564
  -34355
  -36821
  -40514
  -45093
  -49963
  -54318
  -57668
  -59688
  -59877
  -58141
  -54938
  -50697
  -45880
  -41250
  -37658
  -35510
  -35103
  -36623
  -39722
  -43768
  -48340
  -52960
  -56815
  -59376
  -60378
  -59661
  -57340
  -53874
  -49770
  -45456
  -41608
  -38930
  -37613
  -37616
  -38894
  -41548
  -45629
  -50018
  -53697
  -56411
  -58092
  -58939
  -58533
  -56796
  -54058
  -50405
  -46245
  -42517
  -39903
  -38269
  -37832
  -38781
  -40734
  -43940
  -48346
  -52853
  -56134
  -57769
  -57504
  -55819
  -53624
  -51106
  -48432
  -45878
  -43789
  -42245
  -41159
  -40734
  -41144
  -42121
  -43470
  -45169
  -46987
  -48429
  -49459
  -50129
  -50139
  -49541
  -48722
  -47931
  -47345
  -47202
  -47475
  -47861
  -48309
  -48825
  -49145
  -49311
  -49575
  -49776
  -49784
  -49783
  -49869
  -49855
  -49818
  -49961
  -50114
  -50362
  -50907
  -51458
  -51760
  -51856
  -51679
  -51117
  -50367
  -49648
  -48862
  -48176
  -47907
  -48077
  -48424
  -49004
  -49701
  -50006
  -49787
  -49358
  -48916
  -48514
  -48308
  -48565
  -49248
  -49942
  -50501
  -50938
  -51074
  -50698
  -50078
  -49662
  -49528
  -49627
  -50180
  -51108
  -51999
  -52748
  -53350
  -53551
  -53183
  -52431
  -51513
  -50441
  -49423
  -48621
  -47879
  -47167
  -46697
  -46532
  -46637
  -47153
  -48002
  -48825
  -49494
  -50101
  -50657
  -51139
  -51545
  -51778
  -51648
  -51348
  -51023
  -50404
  -49574
  -48871
  -48270
  -47725
  -47498
  -47705
  -48224
  -48223
  -47253
  -47038
  -47828
  -49228
  -50918
  -52535
  -54159
  -55923
  -57112
  -57572
  -57306
  -56083
  -54062
  -51687
  -49221
  -46865
  -44988
  -43788
  -43322
  -43776
  -45131
  -47124
  -49454
  -51881
  -53930
  -55299
  -55931
  -55785
  -54856
  -53416
  -51781
  -50080
  -48581
  -47520
  -46942
  -46717
  -47036
  -48040
  -49432
  -50999
  -52490
  -53466
  -52938
  -51603
  -50512
  -49690
  -49086
  -48795
  -48974
  -49583
  -50612
  -52006
  -53343
  -54268
  -54797
  -54958
  -54504
  -53491
  -52202
  -50669
  -49050
  -47733
  -46906
  -46568
  -46774
  -47114
  -47185
  -47279
  -47737
  -48455
  -49401
  -50656
  -52030
  -53341
  -54605
  -55678
  -56292
  -56429
  -56085
  -55065
  -53539
  -51907
  -50283
  -48931
  -48277
  -48292
  -48874
  -50031
  -51470
  -52772
  -53773
  -54408
  -54493
  -54192
  -53877
  -53508
  -53071
  -52723
  -52376
  -51985
  -51646
  -51321
  -50855
  -50389
  -50245
  -50519
  -51745
  -54696
  -57641
  -58808
  -57728
  -55067
  -51918
  -49257
  -47452
  -46841
  -47428
  -48805
  -50209
  -51342
  -52234
  -52684
  -52359
  -51433
  -50501
  -49854
  -49682
  -50120
  -50977
  -52003
  -53119
  -54152
  -54777
  -54951
  -54803
  -54259
  -53473
  -52676
  -52062
  -51792
  -51932
  -52341
  -52594
  -52628
  -52641
  -52632
  -52669
  -53065
  -53735
  -54435
  -55137
  -55742
  -55951
  -55697
  -55132
  -54189
  -52950
  -51790
  -50902
  -50255
  -49989
  -50170
  -50576
  -51149
  -51943
  -52770
  -53428
  -54000
  -54434
  -54561
  -54461
  -54222
  -53659
  -52752
  -51776
  -50832
  -50034
  -49778
  -50140
  -50913
  -52041
  -53390
  -54560
  -55366
  -55779
  -55579
  -54790
  -53807
  -52836
  -51905
  -51252
  -50956
  -50859
  -50905
  -51258
  -51856
  -52705
  -53929
  -55299
  -56393
  -57133
  -57429
  -57061
  -56068
  -54640
  -52835
  -50841
  -49167
  -48149
  -47862
  -48281
  -49218
  -50418
  -51908
  -53648
  -55240
  -56336
  -56972
  -57014
  -55863
  -54137
  -52650
  -50434
  -45919
  -39899
