38421
34782
30737
26371
21771
17024
12216
7432
2751
-1752
-6012
-9967
-13566
-16765
-19532
-21842
-23681
-25043
-25932
-26359
-26344
-25913
-25099
-23938
-22472
-20746
-18806
-16699
-14472
-12173
-9844
-7530
-5267
-3092
-1036
875
2621
4183
5550
6715
7673
8427
8981
9345
9528
9545
9411
9144
8762
8282
7724
7106
6444
5756
5055
4355
3669
3005
2373
1778
1226
720
261
-148
-511
-828
-1101
-1333
-1526
-1684
-1810
-1907
-1979
-2026
-2052
-2059
-2048
-2020
-1976
-1916
-1841
-1752
-1648
-1530
-1399
-1255
-1099
-933
-758
-578
-393
-208
-24
152
320
474
612
729
823
889
927
933
906
845
751
623
465
277
63
-171
-425
-690
-963
-1236
-1505
-1761
-1999
-2213
-2397
-2545
-2653
-2716
-2732
-2698
-2612
-2475
-2287
-2050
-1767
-1442
-1080
-688
-271
163
607
1052
1490
1913
2313
2682
3012
3296
3529
3704
3818
3868
3851
3767
3616
3400
3122
2786
2398
1963
1488
983
455
-86
-632
-1173
-1700
-2203
-2673
-3103
-3483
-3809
-4073
-4272
-4400
-4457
-4440
-4349
-4186
-3954
-3655
-3296
-2883
-2421
-1919
-1386
-831
-264
306
869
1416
1937
2423
2865
3257
3591
3861
4063
4194
4251
4234
4143
3979
3746
3448
3091
2679
2221
1725
1199
652
94
-464
-1016
-1551
-2059
-2532
-2963
-3343
-3668
-3932
-4130
-4259
-4319
-4307
-4226
-4077
-3862
-3586
-3254
-2873
-2448
-1988
-1500
-993
-476
42
554
1049
1521
1962
2364
2720
3027
3278
3470
3601
3669
3674
3616
3498
3320
3089
2807
2480
2114
1715
1291
849
396
-59
-511
-951
-1373
-1769
-2134
-2463
-2750
-2992
-3186
-3329
-3419
-3457
-3442
-3376
-3260
-3098
-2892
-2647
-2367
-2057
-1723
-1370
-1004
-631
-257
112
472
816
1140
1439
1709
1947
2149
2314
2439
2524
2567
2570
2532
2456
2341
2192
2011
1801
1564
1306
1030
739
439
134
-172
-475
-772
-1057
-1328
-1580
-1811
-2017
-2196
-2346
-2465
-2551
-2604
-2622
-2606
-2556
-2472
-2356
-2208
-2032
-1828
-1600
-1350
-1081
-797
-501
-198
108
415
718
1012
1293
1557
1801
2020
2211
2371
2497
2586
2636
2646
2615
2542
2428
2272
2076
1843
1574
1272
942
588
214
-174
-572
-974
-1373
-1763
-2138
-2491
-2818
-3112
-3368
-3580
-3745
-3858
-3918
-3920
-3865
-3750
-3578
-3349
-3065
-2730
-2348
-1923
-1462
-971
-458
70
605
1139
1663
2168
2646
3090
3490
3840
4134
4366
4530
4624
4645
4591
4462
4260
3985
3643
3237
2773
2258
1700
1108
489
-143
-783
-1418
-2038
-2633
-3192
-3708
-4171
-4572
-4907
-5168
-5351
-5453
-5471
-5407
-5259
-5031
-4727
-4350
-3908
-3408
-2858
-2266
-1644
-1002
-349
302
942
1559
2144
2688
3180
3614
3982
4279
4501
4645
4709
4692
4597
4425
4181
3870
3498
3072
2600
2092
1556
1003
443
-115
-661
-1185
-1679
-2134
-2544
-2901
-3201
-3439
-3613
-3721
-3762
-3738
-3650
-3502
-3298
-3044
-2745
-2408
-2042
-1653
-1250
-842
-436
-40
337
690
1011
1296
1539
1736
1886
1985
2033
2032
1981
1884
1744
1564
1351
1109
844
563
273
-20
-309
-589
-852
-1093
-1307
-1489
-1635
-1744
-1811
-1837
-1820
-1763
-1665
-1529
-1359
-1158
-931
-683
-419
-145
132
409
677
932
1167
1378
1560
1709
1822
1895
1927
1917
1865
1771
1637
1464
1256
1017
750
460
153
-165
-490
-815
-1135
-1442
-1732
-1999
-2239
-2445
-2615
-2746
-2833
-2876
-2874
-2825
-2731
-2593
-2411
-2191
-1933
-1644
-1326
-986
-629
-260
113
486
852
1206
1540
1850
2130
2376
2583
2747
2866
2938
2960
2933
2856
2731
2558
2341
2082
1786
1456
1099
720
324
-82
-492
-899
-1297
-1679
-2040
-2373
-2672
-2934
-3152
-3325
-3448
-3520
-3538
-3504
-3416
-3276
-3086
-2849
-2568
-2249
-1895
-1513
-1108
-687
-257
174
601
1016
1413
1785
2125
2429
2690
2905
3070
3182
3239
3241
3186
3077
2914
2701
2440
2137
1797
1424
1026
609
180
-253
-684
-1106
-1510
-1891
-2241
-2556
-2829
-3057
-3235
-3361
-3433
-3450
-3412
-3320
-3175
-2981
-2741
-2459
-2141
-1793
-1420
-1029
-628
-222
179
571
945
1297
1619
1906
2154
2359
2517
2626
2685
2693
2650
2558
2420
2237
2015
1756
1467
1153
819
473
120
-231
-578
-912
-1227
-1518
-1780
-2009
-2201
-2352
-2461
-2526
-2546
-2522
-2454
-2345
-2197
-2013
-1797
-1553
-1287
-1003
-707
-404
-101
196
484
756
1008
1235
1433
1599
1730
1824
1879
1896
1873
1812
1715
1583
1420
1228
1011
774
521
257
-13
-285
-554
-814
-1062
-1292
-1501
-1685
-1841
-1967
-2061
-2121
-2147
-2139
-2096
-2021
-1914
-1779
-1617
-1431
-1226
-1005
-772
-530
-285
-40
200
433
653
858
1045
1210
1351
1467
1556
1618
1650
1655
1632
1582
1507
1408
1287
1147
990
820
638
449
255
59
-135
-326
-510
-685
-849
-1000
-1136
-1255
-1358
-1442
-1508
-1555
-1584
-1594
-1588
-1564
-1526
-1473
-1407
-1330
-1243
-1148
-1046
-938
-827
-713
-598
-483
-369
-256
-147
-40
61
158
251
339
422
499
571
637
697
752
801
843
880
910
933
949
958
959
952
936
910
875
831
776
710
634
547
450
343
227
101
-31
-171
-316
-466
-618
-770
-921
-1068
-1210
-1344
-1468
-1580
-1678
-1760
-1823
-1868
-1891
-1892
-1871
-1826
-1759
-1668
-1555
-1421
-1267
-1095
-907
-706
-494
-274
-50
174
397
615
823
1019
1200
1362
1503
1620
1712
1777
1814
1822
1801
1752
1674
1569
1440
1287
1114
924
719
502
279
51
-176
-401
-619
-827
-1022
-1200
-1359
-1497
-1612
-1703
-1769
-1810
-1825
-1815
-1781
-1724
-1646
-1549
-1435
-1307
-1168
-1020
-866
-708
-551
-396
-246
-104
28
151
261
357
439
507
560
599
624
636
636
627
608
582
550
514
475
435
396
358
323
292
264
240
221
206
194
185
179
173
167
160
150
136
118
92
59
19
-30
-89
-157
-234
-320
-414
-514
-619
-728
-839
-949
-1057
-1159
-1254
-1340
-1413
-1471
-1513
-1537
-1541
-1524
-1485
-1424
-1340
-1234
-1107
-960
-795
-613
-418
-213
0
218
436
652
861
1059
1244
1411
1558
1682
1779
1849
1889
1899
1877
1824
1740
1625
1483
1314
1122
908
677
432
177
-82
-345
-605
-858
-1101
-1329
-1538
-1727
-1891
-2028
-2137
-2215
-2262
-2278
-2262
-2216
-2140
-2036
-1907
-1755
-1582
-1392
-1188
-974
-754
-530
-307
-88
122
322
510
681
834
967
1079
1169
1237
1281
1304
1304
1284
1245
1188
1116
1030
932
826
713
596
477
358
242
130
23
-75
-166
-247
-319
-380
-431
-472
-503
-525
-539
-547
-548
-545
-538
-530
-521
-512
-506
-502
-502
-507
-517
-532
-553
-579
-610
-645
-684
-726
-769
-812
-854
-893
-928
-956
-977
-989
-990
-979
-956
-918
-866
-799
-717
-621
-509
-385
-247
-99
57
222
392
565
737
906
1070
1225
1368
1497
1608
1699
1768
1812
1830
1820
1781
1713
1615
1487
1331
1147
937
705
451
180
-104
-399
-699
-1002
-1301
-1593
-1872
-2134
-2374
-2588
-2773
-2924
-3038
-3112
-3145
-3135
-3080
-2982
-2839
-2653
-2427
-2162
-1862
-1531
-1173
-794
-398
8
419
829
1230
1617
1983
2322
2629
2899
3126
3306
3436
3514
3537
3504
3416
3272
3075
2827
2531
2191
1813
1402
964
506
35
-441
-917
-1383
-1833
-2260
-2655
-3014
-3331
-3599
-3815
-3976
-4077
-4119
-4099
-4019
-3879
-3681
-3430
-3128
-2780
-2393
-1971
-1523
-1055
-574
-89
393
865
1319
1747
2144
2504
2819
3087
3303
3464
3567
3613
3599
3528
3401
3220
2989
2712
2394
2040
1657
1250
827
395
-40
-471
-891
-1294
-1673
-2023
-2339
-2617
-2852
-3042
-3185
-3280
-3324
-3320
-3268
-3170
-3028
-2846
-2626
-2374
-2094
-1791
-1470
-1136
-796
-453
-115
214
530
829
1105
1356
1577
1768
1926
2048
2136
2188
2205
2187
2136
2054
1943
1806
1645
1464
1266
1054
832
604
373
143
-83
-303
-514
-713
-897
-1065
-1214
-1345
-1455
-1544
-1612
-1659
-1685
-1690
-1675
-1642
-1592
-1525
-1444
-1350
-1245
-1130
-1008
-879
-747
-612
-476
-340
-207
-77
47
167
279
384
480
567
644
711
767
813
847
871
883
884
875
855
824
784
734
676
609
534
453
365
272
175
74
-28
-132
-236
-340
-441
-539
-632
-720
-801
-874
-939
-993
-1037
-1070
-1091
-1100
-1096
-1080
-1051
-1010
-957
-892
-818
-733
-641
-541
-436
-326
-214
-101
10
120
225
324
416
499
572
634
683
718
740
748
742
722
688
641
581
511
430
341
245
144
40
-66
-172
-275
-375
-470
-557
-636
-705
-762
-808
-842
-862
-870
-864
-846
-816
-775
-724
-664
-596
-523
-444
-363
-281
-199
-119
-42
28
93
151
201
241
272
293
304
305
297
280
254
221
182
138
90
40
-11
-62
-112
-158
-201
-238
-270
-294
-312
-321
-323
-316
-302
-281
-254
-221
-183
-142
-99
-54
-11
30
69
103
131
152
165
169
163
147
122
85
39
-15
-80
-152
-231
-315
-403
-493
-583
-672
-757
-836
-908
-971
-1022
-1061
-1086
-1095
-1088
-1065
-1023
-965
-889
-796
-687
-564
-427
-278
-120
45
216
389
562
731
894
1049
1191
1320
1431
1522
1592
1638
1659
1654
1622
1562
1475
1361
1220
1055
867
657
429
186
-69
-333
-603
-874
-1143
-1405
-1656
-1892
-2110
-2306
-2476
-2618
-2728
-2805
-2846
-2851
-2817
-2746
-2637
-2492
-2310
-2095
-1849
-1575
-1276
-956
-618
-269
88
449
807
1159
1499
1821
2123
2399
2645
2857
3032
3168
3262
3312
3318
3278
3194
3065
2893
2679
2427
2140
1820
1472
1100
709
304
-110
-528
-946
-1357
-1756
-2138
-2498
-2832
-3136
-3405
-3636
-3826
-3972
-4073
-4127
-4133
-4091
-4001
-3864
-3680
-3453
-3184
-2877
-2534
-2159
-1757
-1332
-888
-431
33
501
967
1425
1870
2296
2699
3073
3414
3717
3978
4194
4361
4477
4539
4546
4496
4389
4226
4007
3734
3410
3036
2617
2156
1659
1131
578
6
-577
-1166
-1752
-2328
-2887
-3420
-3921
-4381
-4795
-5156
-5457
-5694
-5863
-5958
-5978
-5921
-5786
-5573
-5284
-4921
-4488
-3989
-3430
-2818
-2160
-1465
-742
0
749
1496
2230
2941
3617
4249
4827
5341
5784
6148
6426
6614
6707
6704
6603
6404
6110
5724
5250
4695
4067
3374
2626
1834
1009
163
-689
-1537
-2368
-3169
-3927
-4630
-5269
-5833
-6313
-6701
-6992
-7181
-7265
-7243
-7115
-6883
-6550
-6123
-5607
-5011
-4345
-3618
-2842
-2031
-1195
-350
492
1319
2117
2874
3579
4219
4787
5274
5672
5976
6182
6289
6295
6201
6010
5726
5355
4904
4381
3795
3157
2477
1768
1041
308
-418
-1127
-1807
-2448
-3039
-3573
-4040
-4436
-4754
-4992
-5146
-5216
-5203
-5107
-4934
-4687
-4372
-3995
-3565
-3090
-2579
-2041
-1486
-924
-364
182
709
1206
1666
2082
2448
2759
3012
3202
3330
3393
3394
3334
3215
3042
2819
2552
2246
1909
1547
1168
778
386
-1
-377
-735
-1070
-1375
-1646
-1880
-2072
-2221
-2326
-2386
-2401
-2372
-2303
-2194
-2051
-1876
-1674
-1450
-1210
-958
-700
-441
-186
58
290
503
695
861
1001
1111
1190
1238
1255
1241
1198
1128
1033
916
780
629
466
295
120
-54
-226
-390
-543
-683
-807
-912
-997
-1061
-1102
-1121
-1118
-1093
-1048
-984
-902
-806
-697
-578
-453
-323
-191
-61
64
184
295
395
483
557
616
659
687
698
693
674
640
592
533
463
385
299
208
113
17
-79
-175
-268
-357
-442
-520
-592
-657
-715
-764
-806
-841
-868
-888
-901
-907
-907
-901
-890
-873
-850
-823
-790
-752
-709
-660
-605
-544
-477
-403
-323
-235
-141
-41
65
178
295
416
540
664
788
909
1026
1136
1237
1325
1400
1459
1498
1517
1512
1483
1429
1347
1239
1103
940
751
539
304
50
-219
-501
-792
-1088
-1382
-1671
-1948
-2210
-2451
-2666
-2850
-2999
-3109
-3177
-3200
-3176
-3104
-2983
-2814
-2599
-2339
-2037
-1697
-1324
-923
-500
-61
386
835
1278
1709
2119
2501
2849
3157
3418
3628
3783
3879
3915
3888
3799
3648
3437
3170
2849
2480
2069
1622
1146
648
136
-380
-894
-1398
-1882
-2340
-2763
-3147
-3484
-3769
-3999
-4170
-4279
-4327
-4311
-4234
-4098
-3904
-3657
-3361
-3022
-2646
-2239
-1808
-1359
-901
-440
15
459
886
1288
1661
1999
2299
2556
2769
2935
3053
3124
3147
3125
3058
2950
2804
2624
2413
2176
1918
1643
1356
1062
765
470
181
-98
-366
-617
-851
-1064
-1255
-1424
-1570
-1691
-1790
-1865
-1919
-1951
-1965
-1960
-1939
-1903
-1855
-1796
-1726
-1649
-1566
-1477
-1383
-1286
-1187
-1085
-981
-876
-769
-661
-551
-440
-326
-211
-94
24
144
266
389
511
634
754
872
986
1094
1195
1288
1370
1440
1497
1538
1563
1569
1556
1524
1470
1396
1301
1185
1050
895
724
536
336
124
-95
-321
-548
-775
-998
-1213
-1416
-1606
-1778
-1929
-2058
-2161
-2237
-2283
-2300
-2286
-2240
-2164
-2058
-1923
-1761
-1574
-1364
-1136
-892
-636
-371
-102
167
432
689
934
1163
1373
1559
1719
1851
1953
2022
2058
2059
2027
1961
1863
1734
1577
1393
1185
958
715
458
194
-74
-342
-606
-862
-1105
-1332
-1539
-1723
-1881
-2011
-2111
-2179
-2215
-2218
-2189
-2127
-2034
-1913
-1764
-1590
-1395
-1182
-953
-713
-466
-216
33
278
515
740
950
1141
1310
1456
1575
1667
1730
1763
1767
1742
1687
1605
1497
1365
1211
1038
849
647
435
217
-3
-224
-441
-651
-851
-1038
-1210
-1364
-1498
-1611
-1701
-1768
-1811
-1829
-1825
-1797
-1746
-1675
-1584
-1476
-1352
-1214
-1065
-908
-744
-575
-405
-236
-70
91
245
391
527
651
763
861
945
1015
1069
1109
1135
1146
1144
1128
1100
1061
1011
951
883
807
724
636
543
445
345
242
138
33
-72
-177
-281
-385
-486
-585
-682
-775
-865
-951
-1032
-1108
-1178
-1242
-1299
-1348
-1388
-1420
-1442
-1453
-1453
-1441
-1417
-1380
-1331
-1267
-1191
-1101
-998
-883
-755
-617
-468
-310
-145
25
200
377
554
729
900
1063
1217
1360
1489
1601
1696
1770
1823
1853
1859
1839
1795
1725
1629
1509
1366
1200
1014
809
589
356
112
-137
-391
-644
-895
-1138
-1370
-1589
-1790
-1971
-2129
-2262
-2367
-2443
-2488
-2502
-2485
-2437
-2358
-2249
-2113
-1951
-1765
-1559
-1336
-1098
-850
-595
-337
-80
172
416
649
868
1068
1248
1406
1539
1646
1726
1780
1806
1805
1778
1727
1652
1557
1443
1314
1171
1017
856
691
524
358
196
41
-105
-242
-366
-478
-575
-658
-726
-779
-819
-846
-861
-865
-860
-848
-831
-810
-787
-765
-743
-726
-712
-704
-702
-707
-719
-737
-761
-791
-825
-861
-899
-937
-972
-1003
-1027
-1043
-1048
-1041
-1020
-984
-931
-861
-773
-668
-546
-407
-253
-86
92
279
473
670
868
1061
1249
1425
1588
1734
1859
1961
2036
2084
2101
2088
2041
1963
1852
1709
1537
1336
1109
860
591
306
10
-293
-600
-906
-1205
-1493
-1766
-2019
-2249
-2452
-2625
-2764
-2868
-2935
-2964
-2954
-2905
-2818
-2694
-2535
-2342
-2120
-1870
-1597
-1305
-997
-677
-352
-24
300
618
925
1217
1490
1739
1963
2158
2322
2453
2550
2611
2637
2626
2581
2500
2387
2243
2069
1869
1645
1401
1138
861
574
280
-17
-314
-607
-893
-1168
-1429
-1673
-1897
-2099
-2276
-2426
-2547
-2639
-2700
-2729
-2726
-2691
-2625
-2528
-2402
-2247
-2065
-1859
-1631
-1384
-1119
-842
-554
-260
37
333
626
909
1181
1437
1673
1887
2075
2234
2361
2455
2514
2536
2521
2468
2377
2249
2086
1889
1660
1403
1120
816
495
161
-179
-524
-866
-1200
-1521
-1825
-2105
-2357
-2578
-2762
-2907
-3010
-3069
-3082
-3049
-2969
-2843
-2672
-2460
-2208
-1922
-1604
-1259
-894
-514
-125
265
653
1030
1391
1728
2037
2312
2548
2741
2887
2984
3029
3021
2961
2849
2687
2477
2222
1927
1596
1235
851
448
35
-381
-794
-1197
-1582
-1944
-2275
-2571
-2825
-3034
-3194
-3302
-3357
-3358
-3304
-3196
-3038
-2830
-2578
-2285
-1957
-1600
-1219
-822
-415
-5
400
794
1170
1522
1843
2129
2375
2576
2730
2834
2887
2889
2839
2740
2592
2400
2167
1897
1595
1268
919
557
187
-183
-549
-904
-1241
-1556
-1842
-2096
-2313
-2491
-2625
-2716
-2761
-2762
-2717
-2629
-2499
-2331
-2128
-1893
-1632
-1349
-1050
-739
-422
-105
206
507
793
1059
1300
1513
1695
1842
1953
2027
2062
2059
2019
1942
1830
1686
1513
1313
1092
852
599
336
68
-199
-462
-716
-958
-1183
-1387
-1568
-1722
-1848
-1943
-2007
-2038
-2037
-2004
-1940
-1845
-1723
-1575
-1405
-1214
-1007
-787
-559
-324
-89
144
370
587
791
978
1146
1291
1413
1508
1576
1616
1627
1610
1565
1492
1394
1272
1127
964
783
588
383
170
-46
-263
-478
-687
-886
-1073
-1246
-1401
-1535
-1649
-1739
-1804
-1844
-1858
-1846
-1809
-1747
-1661
-1553
-1424
-1277
-1113
-936
-747
-550
-348
-142
61
263
459
645
821
982
1128
1256
1364
1450
1515
1557
1575
1569
1540
1488
1413
1316
1199
1064
912
745
565
374
176
-26
-233
-439
-642
-840
-1030
-1209
-1375
-1525
-1658
-1771
-1863
-1932
-1977
-1997
-1991
-1960
-1903
-1820
-1712
-1582
-1428
-1255
-1063
-855
-634
-402
-163
79
323
565
800
1026
1239
1435
1611
1766
1895
1996
2069
2110
2119
2095
2038
1948
1826
1673
1491
1283
1051
797
527
243
-50
-348
-647
-941
-1227
-1500
-1755
-1988
-2195
-2374
-2519
-2630
-2703
-2738
-2732
-2687
-2602
-2478
-2317
-2121
-1893
-1635
-1353
-1050
-732
-402
-67
268
598
918
1222
1506
1764
1992
2186
2343
2461
2537
2569
2558
2503
2405
2265
2086
1871
1623
1347
1046
727
394
52
-290
-629
-960
-1275
-1570
-1839
-2078
-2283
-2450
-2577
-2661
-2701
-2697
-2648
-2555
-2421
-2247
-2037
-1795
-1524
-1231
-919
-595
-265
65
391
706
1004
1281
1530
1748
1932
2076
2181
2242
2260
2233
2164
2052
1900
1711
1489
1236
958
660
348
26
-298
-621
-935
-1235
-1515
-1771
-1997
-2190
-2346
-2463
-2537
-2569
-2556
-2499
-2400
-2259
-2079
-1864
-1617
-1342
-1044
-728
-401
-66
268
597
916
1219
1500
1754
1978
2167
2319
2430
2498
2524
2506
2446
2343
2200
2020
1806
1562
1292
1000
693
374
50
-274
-593
-902
-1195
-1469
-1718
-1939
-2130
-2286
-2408
-2492
-2540
-2550
-2524
-2463
-2369
-2245
-2093
-1917
-1721
-1508
-1284
-1051
-815
-579
-348
-125
86
283
464
625
765
884
981
1055
1108
1140
1153
1149
1129
1095
1052
1000
944
885
826
769
716
670
631
600
578
566
562
566
576
592
610
630
647
661
667
664
648
617
569
503
416
307
177
25
-147
-340
-552
-778
-1017
-1265
-1517
-1770
-2018
-2256
-2480
-2684
-2863
-3012
-3127
-3204
-3238
-3228
-3170
-3063
-2908
-2703
-2451
-2153
-1812
-1433
-1020
-579
-116
361
848
1334
1813
2276
2715
3123
3493
3817
4089
4305
4458
4546
4567
4518
4400
4213
3960
3643
3267
2838
2361
1844
1295
722
134
-458
-1048
-1624
-2179
-2702
-3186
-3623
-4007
-4331
-4590
-4782
-4902
-4950
-4926
-4830
-4665
-4434
-4141
-3793
-3395
-2954
-2478
-1976
-1455
-924
-393
130
637
1121
1573
1988
2359
2681
2950
3164
3320
3417
3455
3436
3360
3232
3056
2835
2574
2280
1959
1616
1260
895
530
169
-179
-511
-821
-1104
-1356
-1574
-1756
-1898
-2001
-2063
-2086
-2069
-2016
-1928
-1807
-1658
-1484
-1289
-1078
-854
-622
-387
-153
74
292
497
685
852
997
1116
1208
1272
1306
1310
1285
1230
1146
1036
900
741
561
363
150
-73
-306
-544
-783
-1019
-1250
-1470
-1677
-1867
-2036
-2183
-2303
-2395
-2455
-2483
-2476
-2434
-2356
-2242
-2091
-1906
-1686
-1434
-1152
-843
-511
-159
208
587
973
1359
1740
2112
2467
2801
3107
3381
3617
3810
3956
4050
4091
4074
3999
3865
3670
3416
3105
2739
2321
1857
1350
809
238
-352
-957
-1567
-2172
-2764
-3334
-3873
-4371
-4822
-5216
-5547
-5808
-5993
-6100
-6123
-6062
-5915
-5684
-5369
-4974
-4505
-3965
-3364
-2708
-2008
-1272
-511
261
1037
1802
2546
3257
3923
4535
5082
5556
5949
6255
6469
6586
6605
6526
6348
6076
5713
5264
4737
4141
3483
2776
2030
1256
469
-321
-1101
-1858
-2581
-3259
-3881
-4438
-4921
-5324
-5641
-5867
-6001
-6041
-5989
-5845
-5614
-5301
-4912
-4456
-3940
-3374
-2770
-2136
-1486
-829
-177
457
1066
1639
2166
2640
3054
3402
3679
3884
4013
4067
4048
3956
3797
3575
3296
2966
2594
2187
1755
1306
848
391
-55
-484
-889
-1261
-1596
-1887
-2130
-2323
-2463
-2550
-2584
-2565
-2497
-2382
-2224
-2028
-1800
-1545
-1269
-979
-682
-385
-92
188
452
694
910
1095
1247
1364
1443
1485
1489
1457
1391
1292
1165
1011
836
644
440
227
12
-201
-408
-606
-788
-953
-1097
-1217
-1312
-1380
-1421
-1435
-1422
-1383
-1320
-1234
-1130
-1008
-874
-729
-577
-422
-268
-118
25
158
279
385
474
545
597
630
643
636
612
571
515
445
365
277
184
88
-7
-100
-186
-265
-333
-388
-428
-453
-461
-451
-425
-381
-321
-246
-157
-58
50
166
285
405
523
635
738
830
907
967
1007
1025
1020
991
935
854
748
616
461
284
87
-126
-354
-592
-837
-1085
-1331
-1572
-1802
-2017
-2213
-2385
-2530
-2645
-2726
-2770
-2775
-2740
-2663
-2545
-2385
-2185
-1946
-1671
-1363
-1026
-663
-280
117
524
935
1343
1742
2125
2487
2821
3121
3382
3599
3768
3885
3947
3952
3899
3787
3616
3389
3108
2775
2396
1974
1515
1026
514
-13
-550
-1088
-1617
-2132
-2623
-3083
-3505
-3882
-4208
-4478
-4688
-4834
-4912
-4923
-4865
-4739
-4546
-4289
-3972
-3600
-3178
-2711
-2208
-1676
-1123
-557
12
579
1132
1664
2167
2634
3058
3433
3753
4014
4213
4347
4415
4417
4353
4225
4036
3790
3492
3145
2758
2335
1885
1414
931
443
-43
-519
-978
-1414
-1820
-2190
-2521
-2807
-3046
-3235
-3372
-3458
-3492
-3476
-3410
-3299
-3145
-2952
-2725
-2468
-2187
-1887
-1573
-1252
-928
-607
-293
7
291
554
795
1008
1194
1349
1474
1567
1630
1663
1667
1645
1597
1527
1438
1332
1213
1083
946
805
662
520
382
250
126
11
-93
-186
-267
-337
-394
-440
-475
-500
-516
-525
-527
-524
-518
-509
-499
-489
-480
-473
-469
-467
-469
-475
-483
-495
-509
-526
-543
-560
-577
-592
-604
-612
-616
-614
-605
-590
-567
-535
-496
-449
-394
-332
-263
-188
-108
-25
59
146
232
317
397
473
542
604
656
698
729
748
755
748
728
694
648
589
519
437
345
246
138
26
-90
-208
-327
-444
-558
-666
-767
-860
-942
-1013
-1071
-1114
-1143
-1157
-1155
-1138
-1105
-1057
-994
-917
-828
-728
-619
-501
-377
-249
-119
11
139
263
382
492
593
683
759
822
869
901
916
915
897
863
813
749
672
583
483
375
260
141
19
-101
-221
-336
-445
-546
-636
-716
-782
-835
-873
-896
-905
-898
-877
-843
-796
-738
-671
-595
-514
-430
-343
-257
-174
-95
-22
41
95
139
170
189
195
187
167
135
91
37
-24
-92
-165
-241
-316
-389
-458
-520
-572
-613
-641
-655
-652
-632
-595
-540
-467
-377
-272
-153
-21
120
269
422
577
729
875
1013
1137
1246
1335
1402
1444
1459
1446
1402
1327
1221
1084
918
724
505
263
1
-274
-561
-854
-1148
-1438
-1719
-1984
-2229
-2449
-2639
-2794
-2911
-2986
-3017
-3002
-2939
-2828
-2669
-2464
-2215
-1926
-1599
-1239
-852
-443
-19
413
848
1276
1692
2088
2457
2793
3088
3338
3538
3683
3771
3798
3764
3668
3510
3294
3020
2694
2320
1903
1450
968
464
-52
-575
-1094
-1602
-2090
-2549
-2973
-3355
-3686
-3964
-4181
-4336
-4424
-4446
-4399
-4285
-4106
-3865
-3565
-3211
-2810
-2368
-1893
-1391
-873
-345
182
702
1204
1682
2127
2533
2892
3200
3452
3644
3774
3840
3842
3780
3657
3475
3238
2951
2619
2248
1846
1419
975
522
67
-380
-814
-1228
-1614
-1967
-2281
-2552
-2776
-2950
-3072
-3142
-3160
-3127
-3044
-2914
-2741
-2529
-2283
-2008
-1710
-1395
-1070
-739
-409
-87
221
513
781
1023
1235
1413
1556
1662
1731
1762
1758
1718
1646
1543
1414
1261
1089
903
705
501
295
92
-104
-292
-465
-622
-760
-878
-972
-1043
-1090
-1113
-1112
-1089
-1046
-983
-904
-811
-706
-593
-474
-353
-232
-114
-1
102
197
279
348
402
442
465
473
466
444
408
361
303
235
161
81
-1
-85
-168
-248
-324
-394
-456
-509
-553
-587
