   88994
   85450
   81541
   77273
   72765
   68088
   63368
   58852
   54619
   50573
   46856
   43652
   40944
   38875
   37500
   36834
   36790
   37449
   38807
   40672
   43018
   45760
   48718
   51892
   55265
   58613
   61844
   65056
   68162
   71055
   73782
   76296
   78509
   80356
   81831
   82873
   83457
   83698
   83656
   83231
   82409
   81318
   80034
   78513
   76825
   74987
   72938
   70685
   68330
   65845
   63200
   60522
   57877
   55291
   52824
   50629
   48704
   46964
   45544
   44439
   43486
   42678
   42163
   41992
   42074
   42411
   43046
   43872
   44893
   46210
   47789
   49477
   51317
   53259
   55201
   57203
   59318
   61354
   63208
   64964
   66558
   67883
   68984
   69876
   70461
   70716
   70730
   70478
   69939
   69259
   68531
   67646
   66585
   65454
   64174
   62662
   61037
   59381
   57670
   55861
   54106
   52449
   50850
   49425
   48150
   46940
   45772
   44712
   43713
   42764
   41971
   41377
   40892
   40573
   40555
   40774
   41132
   41737
   42546
   43406
   44376
   45524
   46717
   47934
   49389
   51160
   53168
   55488
   58092
   60744
   63388
   66006
   68427
   70503
   72219
   73485
   74262
   74707
   74867
   74707
   74350
   73874
   73181
   72269
   71208
   69917
   68345
   66614
   64757
   62749
   60622
   58507
   56406
   54314
   52417
   50806
   49498
   48566
   48142
   48243
   48820
   49847
   51207
   52748
   54439
   56312
   58218
   60033
   61820
   63443
   64771
   65834
   66621
   67056
   67144
   67035
   66632
   65792
   64642
   63173
   61350
   59317
   57248
   55163
   53058
   51127
   49402
   47770
   46220
   44776
   43307
   41756
   40279
   38960
   37756
   36763
   36033
   35544
   35258
   35278
   35530
   35887
   36436
   37185
   38001
   38822
   39782
   40907
   42138
   43522
   44962
   46286
   47466
   48524
   49397
   50088
   50756
   51420
   51954
   52434
   52896
   53200
   53276
   53189
   52855
   52198
   51276
   50153
   48860
   47501
   46212
   44981
   43799
   42691
   41320
   39452
   37376
   35389
   33505
   31888
   30712
   29950
   29589
   29780
   30453
   31383
   32498
   33900
   35693
   37795
   40209
   43043
   46236
   49874
   53944
   58028
   61866
   65327
   68334
   70682
   72494
   73729
   74321
   74423
   74031
   73005
   71420
   69471
   67162
   64428
   61355
   57959
   54239
   50283
   46264
   42204
   38103
   34121
   30292
   26553
   23005
   19783
   16760
   13970
   11621
    9693
    8166
    7085
    6470
    6290
    6517
    7193
    8208
    9455
   11060
   13062
   15309
   17832
   20662
   23548
   26409
   29377
   32441
   35449
   38423
   41347
   44127
   46786
   49339
   51531
   53195
   54651
   55878
   56652
   56768
   56166
   55003
   53487
   51824
   49894
   47622
   45157
   42444
   39456
   36347
   33221
   30055
   26865
   23785
   20821
   17979
   15382
   13087
   11047
    9177
    7545
    6145
    4966
    4126
    3618
    3343
    3288
    3537
    4002
    4635
    5572
    6733
    7946
    9308
   10838
   12451
   14077
   15654
   17048
   18214
   19380
   20614
   21752
   22830
   23912
   24852
   25635
   26354
   26929
   27280
   27476
   27568
   27497
   27311
   27101
   26781
   26249
   25582
   24731
   23642
   22467
   21221
   19802
   18307
   16884
   15457
   13947
   12523
   11246
    9998
    8848
    7776
    6595
    5377
    4337
    3474
    2719
    2156
    1758
    1397
    1061
     845
     696
     568
     607
     815
    1127
    1565
    2194
    2873
    3501
    4120
    4681
    5193
    5776
    6414
    6971
    7446
    7977
    8489
    8882
    9201
    9380
    9341
    9152
    8889
    8478
    7846
    7142
    6433
    5623
    4690
    3739
    2697
    1499
     263
    -923
   -2114
   -3262
   -4211
   -5006
   -5671
   -6061
   -6190
   -6238
   -6232
   -6043
   -5802
   -5597
   -5275
   -4810
   -4349
   -3843
   -3134
   -2273
   -1305
     -95
    1315
    2867
    4579
    6417
    8481
   10777
   12858
   14579
   15852
   16785
   17554
   17993
   18083
   17975
   17653
   17027
   16253
   15383
   14283
   13032
   11767
   10315
    8724
    7135
    5437
    3625
    1849
      91
   -1788
   -3677
   -5514
   -7377
   -9077
  -10580
  -12043
  -13389
  -14451
  -15274
  -15913
  -16189
  -16093
  -15676
  -14831
  -13454
  -11575
   -9060
   -5624
   -1308
    3609
    9040
   14895
   20955
   27178
   33606
   40168
   46762
   53458
   60184
   66775
   73187
   79384
   85192
   90488
   95202
   98971
  101473
  102750
  102820
  101771
   99991
   97689
   94827
   91481
   87671
   83167
   77800
   71887
   65597
   58856
   51801
   44617
   37309
   29833
   22462
   15310
    8419
    1899
   -4166
   -9406
  -13894
  -17886
  -20779
  -22679
  -23897
  -24881
  -25584
  -25692
  -24927
  -23098
  -20382
  -17145
  -13393
   -9128
   -4493
     477
    5655
   10818
   15829
   20747
   25537
   30066
   34405
   38518
   42141
   45139
   47650
   49637
   50955
   51666
   51758
   51140
   49955
   48361
   46238
   43663
   40846
   37762
   34329
   30706
   26933
   22927
   18905
   14953
   11064
    7350
    3883
     608
   -2489
   -5216
   -7578
   -9683
  -11371
  -12593
  -13519
  -14087
  -14111
  -13722
  -13026
  -12077
  -11097
  -10021
   -8548
   -7000
   -5344
   -3669
   -1842
      60
    1844
    3636
    5428
    7078
    8618
   10251
   12045
   13887
   15732
   17524
   19130
   20652
   22124
   23293
   24190
   25199
   26203
   27049
   28096
   29273
   30273
   31112
   31878
   32324
   32435
   32244
   31677
   30781
   29534
   27833
   25626
   23044
   20161
   17008
   13830
   10613
    7144
    3653
     624
   -1755
   -3451
   -4177
   -4010
   -3139
   -1528
     838
    3711
    7003
   11042
   15953
   21612
   27957
   34815
   41894
   49040
   56001
   62798
   69517
   75148
   79515
   82639
   84748
   85829
   85894
   85077
   83073
   79929
   75876
   71212
   66005
   60425
   54835
   49396
   43825
   38242
   32678
   27359
   22585
   18487
   15100
   12506
   10663
    9556
    9228
    9532
   10321
   11581
   13204
   15015
   17048
   19205
   21159
   23100
   25123
   27073
   29096
   31304
   33578
   35827
   38274
   40716
   43018
   45123
   47066
   48823
   50287
   51415
   52279
   52799
   52946
   52837
   52387
   51488
   50147
   48553
   46816
   44769
   42443
   40043
   37552
   34892
   32187
   29475
   26692
   23851
   21172
   18664
   16287
   14168
   12337
   10715
    9388
    8485
    7951
    7743
    7970
    8579
    9353
   10218
   11240
   12364
   13626
   15137
   16785
   18461
   20180
   21890
   23645
   25517
   27484
   29361
   31156
   32890
   34392
   35612
   36606
   37282
   37608
   37711
   37528
   37037
   36361
   35354
   33972
   32397
   30753
   28945
   26844
   24472
   21890
   19121
   16407
   13924
   11533
    9372
    7557
    5948
    4663
    3866
    3382
    3007
    2775
    2519
    2064
    1587
    1155
     507
     -45
    -173
     -90
      79
     389
     721
     627
    -189
   -1384
   -2205
   -1825
      73
    2204
    4119
    6141
    8355
   10056
   11268
   12419
   13640
   15131
   16732
   18142
   19258
   19805
   19571
   18675
   17280
   15461
   13266
   10834
    8249
    5449
    2589
     -98
   -2651
   -5145
   -7335
   -9145
  -10748
  -12262
  -13651
  -14912
  -16031
  -16932
  -17569
  -18102
  -18514
  -18714
  -18825
  -18738
  -18344
  -17602
  -16608
  -15423
  -13993
  -12425
  -10864
   -9314
   -7615
   -5859
   -4191
   -2678
   -1425
    -479
     264
     952
    1524
    1913
    2263
    2480
    2357
    1864
    1188
     336
    -801
   -2209
   -3753
   -5395
   -7110
   -8721
  -10193
  -11614
  -12962
  -14147
  -15302
  -16505
  -17584
  -18548
  -19480
  -20280
  -20872
  -21302
  -21573
  -21661
  -21665
  -21749
  -21866
  -21899
  -21844
  -21700
  -21358
  -20877
  -20404
  -19918
  -19340
  -18769
  -18254
  -17641
  -17074
  -16713
  -16574
  -16605
  -16846
  -17302
  -17793
  -18262
  -18763
  -19227
  -19472
  -19644
  -19989
  -20430
  -20929
  -21523
  -22126
  -22738
  -23391
  -24134
  -24915
  -25798
  -26817
  -27811
  -28651
  -29441
  -30123
  -30611
  -31043
  -31464
  -31746
  -31860
  -31874
  -31804
  -31574
  -31245
  -30901
  -30452
  -29845
  -29171
  -28460
  -27698
  -27021
  -26546
  -26193
  -25982
  -26030
  -26223
  -26479
  -26879
  -27512
  -28240
  -29135
  -30207
  -31343
  -32479
  -33684
  -34992
  -36233
  -37355
  -38433
  -39413
  -40214
  -40936
  -41639
  -42242
  -42766
  -43253
  -43634
  -43884
  -44033
  -44146
  -44072
  -43825
  -43606
  -43358
  -43036
  -42720
  -42387
  -41870
  -41166
  -40409
  -39619
  -38772
  -37963
  -37237
  -36508
  -35888
  -35459
  -35172
  -35061
  -35229
  -35598
  -36038
  -36649
  -37475
  -38352
  -39322
  -40593
  -42158
  -44028
  -46323
  -48869
  -51393
  -53882
  -56345
  -58444
  -59981
  -60946
  -61199
  -60781
  -59992
  -58937
  -57518
  -55866
  -54128
  -52226
  -50214
  -48222
  -46287
  -44471
  -42954
  -41907
  -41251
  -41577
  -43281
  -45720
  -47614
  -48866
  -49697
  -50053
  -50131
  -49757
  -48938
  -48336
  -48100
  -48279
  -48617
  -48944
  -49378
  -49836
  -50282
  -50914
  -51664
  -52342
  -53017
  -53668
  -54201
  -54712
  -55204
  -55537
  -55760
  -55926
  -55950
  -55883
  -55747
  -55314
  -54537
  -53491
  -52083
  -50326
  -48399
  -46325
  -44103
  -41968
  -40040
  -38227
  -36616
  -35321
  -34212
  -33215
  -32440
  -31975
  -31691
  -31677
  -32055
  -32757
  -33677
  -34869
  -36370
  -38116
  -39881
  -41628
  -43423
  -45188
  -46954
  -48816
  -50705
  -52410
  -53924
  -55335
  -56509
  -57432
  -58209
  -58802
  -59161
  -59339
  -59412
  -59241
  -58853
  -58430
  -57893
  -57189
  -56471
  -55796
  -55090
  -54425
  -53900
  -53322
  -52645
  -52040
  -51452
  -50802
  -50184
  -49731
  -49376
  -49133
  -49142
  -49313
  -49521
  -49916
  -50594
  -51368
  -52182
  -53113
  -54077
  -55045
  -56065
  -57167
  -58196
  -59178
  -60247
  -61296
  -62134
  -62741
  -63364
  -64258
  -64991
  -65338
  -65502
  -65697
  -66172
  -66650
  -67051
  -67442
  -67616
  -67465
  -67242
  -67052
  -66570
  -65850
  -65030
  -63951
  -63024
  -62495
  -61980
  -61072
  -59830
  -58210
  -56602
  -55453
  -54630
  -54019
  -53557
  -53244
  -52936
  -52416
  -51730
  -51013
  -50147
  -49082
  -47971
  -46894
  -45693
  -44459
  -43350
  -42239
  -41205
  -40463
  -40082
  -40111
  -40666
  -41698
  -42924
  -44328
  -45940
  -47608
  -49415
  -51509
  -53747
  -56016
  -58423
  -60953
  -63425
  -65878
  -68406
  -70894
  -73391
  -75986
  -78451
  -80625
  -82563
  -84161
  -85322
  -86129
  -86686
  -86885
  -86784
  -86553
  -86135
  -85372
  -84374
  -83120
  -81348
  -79087
  -76593
  -74002
  -71376
  -68829
  -66497
  -64417
  -62397
  -60426
  -58579
  -56773
  -54953
  -53286
  -52022
  -51174
  -50705
  -50774
  -51415
  -52378
  -53638
  -55235
  -56997
  -58813
  -60738
  -62812
  -64940
  -67125
  -69337
  -71398
  -73148
  -74663
  -75922
  -76890
  -77688
  -78325
  -78634
  -78558
  -78206
  -77631
  -76940
  -76200
  -75350
  -74311
  -73259
  -72275
  -71119
  -69887
  -68732
  -67539
  -66271
  -65079
  -64008
  -62983
  -61503
  -59363
  -57736
  -56683
  -55994
  -55616
  -55496
  -55860
  -56877
  -58146
  -59683
  -61487
  -63326
  -65150
  -67047
  -68921
  -70668
  -72279
  -73743
  -74983
  -76071
  -77048
  -77804
  -78371
  -78829
  -79007
  -78913
  -78695
  -78371
  -77918
  -77421
  -76956
  -76450
  -75959
  -75487
  -74920
  -74211
  -73488
  -72881
  -72318
  -71810
  -71282
  -70544
  -69040
  -67371
  -66096
  -65086
  -64247
  -63614
  -63210
  -63056
  -63221
  -63723
  -64371
  -65074
  -65933
  -66957
  -67964
  -68933
  -69939
  -70891
  -71731
  -72570
  -73369
  -74091
  -74742
  -75029
  -74730
  -74085
  -73369
  -72575
  -71771
  -71117
  -70584
  -70135
  -69927
  -69950
  -70125
  -70445
  -70919
  -71398
  -71894
  -72505
  -73168
  -73908
  -74875
  -75949
  -77041
  -78208
  -79347
  -80325
  -81140
  -81800
  -82220
  -82541
  -82971
  -83452
  -83891
  -84351
  -84749
  -84996
  -85173
  -85191
  -84886
  -84355
  -83829
  -83314
  -83222
  -84215
  -85290
  -85461
  -84611
  -83149
  -81670
  -80512
  -79648
  -79113
  -78834
  -78603
  -78075
  -77225
  -76187
  -74926
  -73293
  -71453
  -69793
  -68367
  -67234
  -66479
  -65991
  -65723
  -65727
  -65963
  -66283
  -66681
  -67267
  -67984
  -68859
  -70020
  -71437
  -73123
  -75083
  -77172
  -79096
  -80840
  -82538
  -84130
  -85671
  -87341
  -89070
  -90755
  -92400
  -93981
  -95316
  -96374
  -97201
  -97682
  -97786
  -97679
  -97406
  -96857
  -96120
  -95244
  -94090
  -92711
  -91223
  -89584
  -87779
  -85936
  -84076
  -82183
  -80334
  -78603
  -76866
  -75072
  -73354
  -71705
  -70142
  -68899
  -68030
  -67417
  -67099
  -67078
  -67174
  -67387
  -67780
  -68217
  -68705
  -69477
  -70493
  -71661
  -73048
  -74589
  -76102
  -77557
  -79046
  -80557
  -82124
  -83880
  -85753
  -87553
  -89300
  -90980
  -92395
  -93530
  -94469
  -95094
  -95341
  -95416
  -95385
  -95178
  -94730
  -94007
  -92988
  -91774
  -90500
  -89091
  -87503
  -85904
  -84285
  -82202
  -80095
  -78390
  -76192
  -72248
  -66929
